    0.000000      0.03028191
    0.010000      0.03028191
    0.020000      0.03028055
    0.030000      0.03027829
    0.040000      0.03027512
    0.050000      0.03027104
    0.060000      0.03026605
    0.070000      0.03026016
    0.080000      0.03025336
    0.090000      0.03024566
    0.100000      0.03023705
    0.110000      0.03022753
    0.120000      0.03021710
    0.130000      0.03020577
    0.140000      0.03019352
    0.150000      0.03018037
    0.160000      0.03016631
    0.170000      0.03015134
    0.180000      0.03013546
    0.190000      0.03011867
    0.200000      0.03010096
    0.210000      0.03008235
    0.220000      0.03006282
    0.230000      0.03004239
    0.240000      0.03002103
    0.250000      0.02999877
    0.260000      0.02997559
    0.270000      0.02995149
    0.280000      0.02992648
    0.290000      0.02990055
    0.300000      0.02987371
    0.310000      0.02984594
    0.320000      0.02981726
    0.330000      0.02978766
    0.340000      0.02975713
    0.350000      0.02972569
    0.360000      0.02969332
    0.370000      0.02966003
    0.380000      0.02962581
    0.390000      0.02959067
    0.400000      0.02955460
    0.410000      0.02951760
    0.420000      0.02947968
    0.430000      0.02944082
    0.440000      0.02940104
    0.450000      0.02936032
    0.460000      0.02931866
    0.470000      0.02927608
    0.480000      0.02923255
    0.490000      0.02918809
    0.500000      0.02914269
    0.510000      0.02909635
    0.520000      0.02904907
    0.530000      0.02900085
    0.540000      0.02895168
    0.550000      0.02890156
    0.560000      0.02885050
    0.570000      0.02879849
    0.580000      0.02874553
    0.590000      0.02869162
    0.600000      0.02863676
    0.610000      0.02858094
    0.620000      0.02852416
    0.630000      0.02846643
    0.640000      0.02840773
    0.650000      0.02834808
    0.660000      0.02828746
    0.670000      0.02822588
    0.680000      0.02816333
    0.690000      0.02809981
    0.700000      0.02803532
    0.710000      0.02796986
    0.720000      0.02790343
    0.730000      0.02783602
    0.740000      0.02776763
    0.750000      0.02769827
    0.760000      0.02762792
    0.770000      0.02755660
    0.780000      0.02748428
    0.790000      0.02741098
    0.800000      0.02733670
    0.810000      0.02726142
    0.820000      0.02718515
    0.830000      0.02710789
    0.840000      0.02702963
    0.850000      0.02695038
    0.860000      0.02687012
    0.870000      0.02678887
    0.880000      0.02670661
    0.890000      0.02662334
    0.900000      0.02653907
    0.910000      0.02645380
    0.920000      0.02636751
    0.930000      0.02628021
    0.940000      0.02619190
    0.950000      0.02610257
    0.960000      0.02601222
    0.970000      0.02592086
    0.980000      0.02582848
    0.990000      0.02573508
    1.000000      0.02564065
    1.010000      0.02554520
    1.020000      0.02544873
    1.030000      0.02535123
    1.040000      0.02525270
    1.050000      0.02515314
    1.060000      0.02505255
    1.070000      0.02495093
    1.080000      0.02484828
    1.090000      0.02474460
    1.100000      0.02463988
    1.110000      0.02453413
    1.120000      0.02442734
    1.130000      0.02431952
    1.140000      0.02421067
    1.150000      0.02410078
    1.160000      0.02398985
    1.170000      0.02387789
    1.180000      0.02376489
    1.190000      0.02365086
    1.200000      0.02353580
    1.210000      0.02341970
    1.220000      0.02330257
    1.230000      0.02318440
    1.240000      0.02306521
    1.250000      0.02294499
    1.260000      0.02282374
    1.270000      0.02270147
    1.280000      0.02257818
    1.290000      0.02245386
    1.300000      0.02232852
    1.310000      0.02220217
    1.320000      0.02207481
    1.330000      0.02194644
    1.340000      0.02181706
    1.350000      0.02168668
    1.360000      0.02155531
    1.370000      0.02142294
    1.380000      0.02128958
    1.390000      0.02115524
    1.400000      0.02101992
    1.410000      0.02088363
    1.420000      0.02074637
    1.430000      0.02060816
    1.440000      0.02046899
    1.450000      0.02032887
    1.460000      0.02018782
    1.470000      0.02004583
    1.480000      0.01990293
    1.490000      0.01975911
    1.500000      0.01961439
    1.510000      0.01946878
    1.520000      0.01932228
    1.530000      0.01917491
    1.540000      0.01902667
    1.550000      0.01887759
    1.560000      0.01872766
    1.570000      0.01857691
    1.580000      0.01842535
    1.590000      0.01827299
    1.600000      0.01811984
    1.610000      0.01796592
    1.620000      0.01781124
    1.630000      0.01765583
    1.640000      0.01749969
    1.650000      0.01734284
    1.660000      0.01718530
    1.670000      0.01702709
    1.680000      0.01686823
    1.690000      0.01670873
    1.700000      0.01654862
    1.710000      0.01638791
    1.720000      0.01622663
    1.730000      0.01606479
    1.740000      0.01590243
    1.750000      0.01573955
    1.760000      0.01557619
    1.770000      0.01541237
    1.780000      0.01524812
    1.790000      0.01508345
    1.800000      0.01491839
    1.810000      0.01475298
    1.820000      0.01458723
    1.830000      0.01442117
    1.840000      0.01425484
    1.850000      0.01408825
    1.860000      0.01392145
    1.870000      0.01375445
    1.880000      0.01358729
    1.890000      0.01342000
    1.900000      0.01325261
    1.910000      0.01308515
    1.920000      0.01291766
    1.930000      0.01275015
    1.940000      0.01258268
    1.950000      0.01241527
    1.960000      0.01224796
    1.970000      0.01208077
    1.980000      0.01191375
    1.990000      0.01174693
    2.000000      0.01158035
    2.010000      0.01141403
    2.020000      0.01124802
    2.030000      0.01108235
    2.040000      0.01091705
    2.050000      0.01075217
    2.060000      0.01058775
    2.070000      0.01042380
    2.080000      0.01026039
    2.090000      0.01009753
    2.100000      0.00993527
    2.110000      0.00977365
    2.120000      0.00961269
    2.130000      0.00945245
    2.140000      0.00929295
    2.150000      0.00913423
    2.160000      0.00897633
    2.170000      0.00881928
    2.180000      0.00866313
    2.190000      0.00850790
    2.200000      0.00835363
    2.210000      0.00820035
    2.220000      0.00804811
    2.230000      0.00789693
    2.240000      0.00774685
    2.250000      0.00759790
    2.260000      0.00745012
    2.270000      0.00730353
    2.280000      0.00715817
    2.290000      0.00701408
    2.300000      0.00687127
    2.310000      0.00672978
    2.320000      0.00658963
    2.330000      0.00645087
    2.340000      0.00631350
    2.350000      0.00617757
    2.360000      0.00604309
    2.370000      0.00591009
    2.380000      0.00577859
    2.390000      0.00564862
    2.400000      0.00552020
    2.410000      0.00539335
    2.420000      0.00526809
    2.430000      0.00514443
    2.440000      0.00502240
    2.450000      0.00490201
    2.460000      0.00478328
    2.470000      0.00466622
    2.480000      0.00455085
    2.490000      0.00443717
    2.500000      0.00432521
    2.510000      0.00421496
    2.520000      0.00410645
    2.530000      0.00399967
    2.540000      0.00389463
    2.550000      0.00379134
    2.560000      0.00368981
    2.570000      0.00359003
    2.580000      0.00349201
    2.590000      0.00339575
    2.600000      0.00330126
    2.610000      0.00320852
    2.620000      0.00311753
    2.630000      0.00302830
    2.640000      0.00294083
    2.650000      0.00285509
    2.660000      0.00277109
    2.670000      0.00268883
    2.680000      0.00260828
    2.690000      0.00252945
    2.700000      0.00245233
    2.710000      0.00237689
    2.720000      0.00230313
    2.730000      0.00223105
    2.740000      0.00216061
    2.750000      0.00209182
    2.760000      0.00202465
    2.770000      0.00195909
    2.780000      0.00189512
    2.790000      0.00183272
    2.800000      0.00177188
    2.810000      0.00171258
    2.820000      0.00165480
    2.830000      0.00159852
    2.840000      0.00154372
    2.850000      0.00149037
    2.860000      0.00143847
    2.870000      0.00138798
    2.880000      0.00133889
    2.890000      0.00129116
    2.900000      0.00124479
    2.910000      0.00119975
    2.920000      0.00115601
    2.930000      0.00111355
    2.940000      0.00107234
    2.950000      0.00103237
    2.960000      0.00099361
    2.970000      0.00095604
    2.980000      0.00091962
    2.990000      0.00088435
    3.000000      0.00085019
    3.010000      0.00081712
    3.020000      0.00078511
    3.030000      0.00075415
    3.040000      0.00072420
    3.050000      0.00069525
    3.060000      0.00066727
    3.070000      0.00064023
    3.080000      0.00061412
    3.090000      0.00058891
    3.100000      0.00056457
    3.110000      0.00054109
    3.120000      0.00051845
    3.130000      0.00049661
    3.140000      0.00047556
    3.150000      0.00045527
    3.160000      0.00043573
    3.170000      0.00041692
    3.180000      0.00039880
    3.190000      0.00038137
    3.200000      0.00036460
    3.210000      0.00034846
    3.220000      0.00033296
    3.230000      0.00031805
    3.240000      0.00030373
    3.250000      0.00028997
    3.260000      0.00027676
    3.270000      0.00026408
    3.280000      0.00025191
    3.290000      0.00024024
    3.300000      0.00022904
    3.310000      0.00021831
    3.320000      0.00020803
    3.330000      0.00019817
    3.340000      0.00018873
    3.350000      0.00017969
    3.360000      0.00017104
    3.370000      0.00016276
    3.380000      0.00015484
    3.390000      0.00014727
    3.400000      0.00014003
    3.410000      0.00013310
    3.420000      0.00012649
    3.430000      0.00012017
    3.440000      0.00011414
    3.450000      0.00010839
    3.460000      0.00010289
    3.470000      0.00009765
    3.480000      0.00009265
    3.490000      0.00008788
    3.500000      0.00008334
    3.510000      0.00007901
    3.520000      0.00007488
    3.530000      0.00007095
    3.540000      0.00006721
    3.550000      0.00006366
    3.560000      0.00006027
    3.570000      0.00005705
    3.580000      0.00005398
    3.590000      0.00005107
    3.600000      0.00004830
    3.610000      0.00004567
    3.620000      0.00004318
    3.630000      0.00004080
    3.640000      0.00003855
    3.650000      0.00003642
    3.660000      0.00003439
    3.670000      0.00003246
    3.680000      0.00003064
    3.690000      0.00002891
    3.700000      0.00002728
    3.710000      0.00002572
    3.720000      0.00002425
    3.730000      0.00002286
    3.740000      0.00002154
    3.750000      0.00002030
    3.760000      0.00001912
    3.770000      0.00001800
    3.780000      0.00001695
    3.790000      0.00001595
    3.800000      0.00001501
    3.810000      0.00001412
    3.820000      0.00001328
    3.830000      0.00001248
    3.840000      0.00001174
    3.850000      0.00001103
    3.860000      0.00001036
    3.870000      0.00000973
    3.880000      0.00000914
    3.890000      0.00000858
    3.900000      0.00000805
    3.910000      0.00000755
    3.920000      0.00000709
    3.930000      0.00000665
    3.940000      0.00000623
    3.950000      0.00000584
    3.960000      0.00000547
    3.970000      0.00000513
    3.980000      0.00000480
    3.990000      0.00000450
    4.000000      0.00000421
    4.010000      0.00000394
    4.020000      0.00000369
    4.030000      0.00000345
    4.040000      0.00000323
    4.050000      0.00000302
    4.060000      0.00000282
    4.070000      0.00000264
    4.080000      0.00000246
    4.090000      0.00000230
    4.100000      0.00000215
    4.110000      0.00000201
    4.120000      0.00000187
    4.130000      0.00000175
    4.140000      0.00000163
    4.150000      0.00000152
    4.160000      0.00000142
    4.170000      0.00000132
    4.180000      0.00000123
    4.190000      0.00000115
    4.200000      0.00000107
    4.210000      0.00000100
    4.220000      0.00000093
    4.230000      0.00000086
    4.240000      0.00000080
    4.250000      0.00000075
    4.260000      0.00000069
    4.270000      0.00000065
    4.280000      0.00000060
    4.290000      0.00000056
    4.300000      0.00000052
    4.310000      0.00000048
    4.320000      0.00000045
    4.330000      0.00000042
    4.340000      0.00000039
    4.350000      0.00000036
    4.360000      0.00000033
    4.370000      0.00000031
    4.380000      0.00000029
    4.390000      0.00000026
    4.400000      0.00000025
    4.410000      0.00000023
    4.420000      0.00000021
    4.430000      0.00000020
    4.440000      0.00000018
    4.450000      0.00000017
    4.460000      0.00000015
    4.470000      0.00000014
    4.480000      0.00000013
    4.490000      0.00000012
    4.500000      0.00000011
    4.510000      0.00000010
    4.520000      0.00000010
    4.530000      0.00000009
    4.540000      0.00000008
    4.550000      0.00000008
    4.560000      0.00000007
    4.570000      0.00000007
    4.580000      0.00000006
    4.590000      0.00000006
    4.600000      0.00000005
    4.610000      0.00000005
    4.620000      0.00000004
    4.630000      0.00000004
    4.640000      0.00000004
    4.650000      0.00000003
    4.660000      0.00000003
    4.670000      0.00000003
    4.680000      0.00000003
    4.690000      0.00000002
    4.700000      0.00000002
    4.710000      0.00000002
    4.720000      0.00000002
    4.730000      0.00000002
    4.740000      0.00000002
    4.750000      0.00000001
    4.760000      0.00000001
    4.770000      0.00000001
    4.780000      0.00000001
    4.790000      0.00000001
    4.800000      0.00000001
    4.810000      0.00000001
    4.820000      0.00000001
    4.830000      0.00000001
    4.840000      0.00000001
    4.850000      0.00000001
    4.860000      0.00000001
    4.870000      0.00000001
    4.880000      0.00000000
    4.890000      0.00000000
    4.900000      0.00000000
    4.910000      0.00000000
    4.920000      0.00000000
    4.930000      0.00000000
    4.940000      0.00000000
    4.950000      0.00000000
    4.960000      0.00000000
    4.970000      0.00000000
    4.980000      0.00000000
    4.990000      0.00000000
    5.000000      0.00000000
    5.010000      0.00000000
    5.020000      0.00000000
    5.030000      0.00000000
    5.040000      0.00000000
    5.050000      0.00000000
    5.060000      0.00000000
    5.070000      0.00000000
    5.080000      0.00000000
    5.090000      0.00000000
    5.100000      0.00000000
    5.110000      0.00000000
    5.120000      0.00000000
    5.130000      0.00000000
    5.140000      0.00000000
    5.150000      0.00000000
    5.160000      0.00000000
    5.170000      0.00000000
    5.180000      0.00000000
    5.190000      0.00000000
    5.200000      0.00000000
    5.210000      0.00000000
    5.220000      0.00000000
    5.230000      0.00000000
    5.240000      0.00000000
    5.250000      0.00000000
    5.260000      0.00000000
    5.270000      0.00000000
    5.280000      0.00000000
    5.290000      0.00000000
    5.300000      0.00000000
    5.310000      0.00000000
    5.320000      0.00000000
    5.330000      0.00000000
    5.340000      0.00000000
    5.350000      0.00000000
    5.360000      0.00000000
    5.370000      0.00000000
    5.380000      0.00000000
    5.390000      0.00000000
    5.400000      0.00000000
    5.410000      0.00000000
    5.420000      0.00000000
    5.430000      0.00000000
    5.440000      0.00000000
    5.450000      0.00000000
    5.460000      0.00000000
    5.470000      0.00000000
    5.480000      0.00000000
    5.490000      0.00000000
    5.500000      0.00000000
    5.510000      0.00000000
    5.520000      0.00000000
    5.530000      0.00000000
    5.540000      0.00000000
    5.550000      0.00000000
    5.560000      0.00000000
    5.570000      0.00000000
    5.580000      0.00000000
    5.590000      0.00000000
    5.600000      0.00000000
    5.610000      0.00000000
    5.620000      0.00000000
    5.630000      0.00000000
    5.640000      0.00000000
    5.650000      0.00000000
    5.660000      0.00000000
    5.670000      0.00000000
    5.680000      0.00000000
    5.690000      0.00000000
    5.700000      0.00000000
    5.710000      0.00000000
    5.720000      0.00000000
    5.730000      0.00000000
    5.740000      0.00000000
    5.750000      0.00000000
    5.760000      0.00000000
    5.770000      0.00000000
    5.780000      0.00000000
    5.790000      0.00000000
    5.800000      0.00000000
    5.810000      0.00000000
    5.820000      0.00000000
    5.830000      0.00000000
    5.840000      0.00000000
    5.850000      0.00000000
    5.860000      0.00000000
    5.870000      0.00000000
    5.880000      0.00000000
    5.890000      0.00000000
    5.900000      0.00000000
    5.910000      0.00000000
    5.920000      0.00000000
    5.930000      0.00000000
    5.940000      0.00000000
    5.950000      0.00000000
    5.960000      0.00000000
    5.970000      0.00000000
    5.980000      0.00000000
    5.990000      0.00000000
    6.000000      0.00000000
    6.010000      0.00000000
    6.020000      0.00000000
    6.030000      0.00000000
    6.040000      0.00000000
    6.050000      0.00000000
    6.060000      0.00000000
    6.070000      0.00000000
    6.080000      0.00000000
    6.090000      0.00000000
    6.100000      0.00000000
    6.110000      0.00000000
    6.120000      0.00000000
    6.130000      0.00000000
    6.140000      0.00000000
    6.150000      0.00000000
    6.160000      0.00000000
    6.170000      0.00000000
    6.180000      0.00000000
    6.190000      0.00000000
    6.200000      0.00000000
    6.210000      0.00000000
    6.220000      0.00000000
    6.230000      0.00000000
    6.240000      0.00000000
    6.250000      0.00000000
    6.260000      0.00000000
    6.270000      0.00000000
    6.280000      0.00000000
    6.290000      0.00000000
    6.300000      0.00000000
    6.310000      0.00000000
    6.320000      0.00000000
    6.330000      0.00000000
    6.340000      0.00000000
    6.350000      0.00000000
    6.360000      0.00000000
    6.370000      0.00000000
    6.380000      0.00000000
    6.390000      0.00000000
    6.400000      0.00000000
    6.410000      0.00000000
    6.420000      0.00000000
    6.430000      0.00000000
    6.440000      0.00000000
    6.450000      0.00000000
    6.460000      0.00000000
    6.470000      0.00000000
    6.480000      0.00000000
    6.490000      0.00000000
    6.500000      0.00000000
    6.510000      0.00000000
    6.520000      0.00000000
    6.530000      0.00000000
    6.540000      0.00000000
    6.550000      0.00000000
    6.560000      0.00000000
    6.570000      0.00000000
    6.580000      0.00000000
    6.590000      0.00000000
    6.600000      0.00000000
    6.610000      0.00000000
    6.620000      0.00000000
    6.630000      0.00000000
    6.640000      0.00000000
    6.650000      0.00000000
    6.660000      0.00000000
    6.670000      0.00000000
    6.680000      0.00000000
    6.690000      0.00000000
    6.700000      0.00000000
    6.710000      0.00000000
    6.720000      0.00000000
    6.730000      0.00000000
    6.740000      0.00000000
    6.750000      0.00000000
    6.760000      0.00000000
    6.770000      0.00000000
    6.780000      0.00000000
    6.790000      0.00000000
    6.800000      0.00000000
    6.810000      0.00000000
    6.820000      0.00000000
    6.830000      0.00000000
    6.840000      0.00000000
    6.850000      0.00000000
    6.860000      0.00000000
    6.870000      0.00000000
    6.880000      0.00000000
    6.890000      0.00000000
    6.900000      0.00000000
    6.910000      0.00000000
    6.920000      0.00000000
    6.930000      0.00000000
    6.940000      0.00000000
    6.950000      0.00000000
    6.960000      0.00000000
    6.970000      0.00000000
    6.980000      0.00000000
    6.990000      0.00000000
    7.000000      0.00000000
    7.010000      0.00000000
    7.020000      0.00000000
    7.030000      0.00000000
    7.040000      0.00000000
    7.050000      0.00000000
    7.060000      0.00000000
    7.070000      0.00000000
    7.080000      0.00000000
    7.090000      0.00000000
    7.100000      0.00000000
    7.110000      0.00000000
    7.120000      0.00000000
    7.130000      0.00000000
    7.140000      0.00000000
    7.150000      0.00000000
    7.160000      0.00000000
    7.170000      0.00000000
    7.180000      0.00000000
    7.190000      0.00000000
    7.200000      0.00000000
    7.210000      0.00000000
    7.220000      0.00000000
    7.230000      0.00000000
    7.240000      0.00000000
    7.250000      0.00000000
    7.260000      0.00000000
    7.270000      0.00000000
    7.280000      0.00000000
    7.290000      0.00000000
    7.300000      0.00000000
    7.310000      0.00000000
    7.320000      0.00000000
    7.330000      0.00000000
    7.340000      0.00000000
    7.350000      0.00000000
    7.360000      0.00000000
    7.370000      0.00000000
    7.380000      0.00000000
    7.390000      0.00000000
    7.400000      0.00000000
    7.410000      0.00000000
    7.420000      0.00000000
    7.430000      0.00000000
    7.440000      0.00000000
    7.450000      0.00000000
    7.460000      0.00000000
    7.470000      0.00000000
    7.480000      0.00000000
    7.490000      0.00000000
    7.500000      0.00000000
    7.510000      0.00000000
    7.520000      0.00000000
    7.530000      0.00000000
    7.540000      0.00000000
    7.550000      0.00000000
    7.560000      0.00000000
    7.570000      0.00000000
    7.580000      0.00000000
    7.590000      0.00000000
    7.600000      0.00000000
    7.610000      0.00000000
    7.620000      0.00000000
    7.630000      0.00000000
    7.640000      0.00000000
    7.650000      0.00000000
    7.660000      0.00000000
    7.670000      0.00000000
    7.680000      0.00000000
    7.690000      0.00000000
    7.700000      0.00000000
    7.710000      0.00000000
    7.720000      0.00000000
    7.730000      0.00000000
    7.740000      0.00000000
    7.750000      0.00000000
    7.760000      0.00000000
    7.770000      0.00000000
    7.780000      0.00000000
    7.790000      0.00000000
    7.800000      0.00000000
    7.810000      0.00000000
    7.820000      0.00000000
    7.830000      0.00000000
    7.840000      0.00000000
    7.850000      0.00000000
    7.860000      0.00000000
    7.870000      0.00000000
    7.880000      0.00000000
    7.890000      0.00000000
    7.900000      0.00000000
    7.910000      0.00000000
    7.920000      0.00000000
    7.930000      0.00000000
    7.940000      0.00000000
    7.950000      0.00000000
    7.960000      0.00000000
    7.970000      0.00000000
    7.980000      0.00000000
    7.990000      0.00000000
    8.000000      0.00000000
    8.010000      0.00000000
    8.020000      0.00000000
    8.030000      0.00000000
    8.040000      0.00000000
    8.050000      0.00000000
    8.060000      0.00000000
    8.070000      0.00000000
    8.080000      0.00000000
    8.090000      0.00000000
    8.100000      0.00000000
    8.110000      0.00000000
    8.120000      0.00000000
    8.130000      0.00000000
    8.140000      0.00000000
    8.150000      0.00000000
    8.160000      0.00000000
    8.170000      0.00000000
    8.180000      0.00000000
    8.190000      0.00000000
    8.200000      0.00000000
    8.210000      0.00000000
    8.220000      0.00000000
    8.230000      0.00000000
    8.240000      0.00000000
    8.250000      0.00000000
    8.260000      0.00000000
    8.270000      0.00000000
    8.280000      0.00000000
    8.290000      0.00000000
    8.300000      0.00000000
    8.310000      0.00000000
    8.320000      0.00000000
    8.330000      0.00000000
    8.340000      0.00000000
    8.350000      0.00000000
    8.360000      0.00000000
    8.370000      0.00000000
    8.380000      0.00000000
    8.390000      0.00000000
    8.400000      0.00000000
    8.410000      0.00000000
    8.420000      0.00000000
    8.430000      0.00000000
    8.440000      0.00000000
    8.450000      0.00000000
    8.460000      0.00000000
    8.470000      0.00000000
    8.480000      0.00000000
    8.490000      0.00000000
    8.500000      0.00000000
    8.510000      0.00000000
    8.520000      0.00000000
    8.530000      0.00000000
    8.540000      0.00000000
    8.550000      0.00000000
    8.560000      0.00000000
    8.570000      0.00000000
    8.580000      0.00000000
    8.590000      0.00000000
    8.600000      0.00000000
    8.610000      0.00000000
    8.620000      0.00000000
    8.630000      0.00000000
    8.640000      0.00000000
    8.650000      0.00000000
    8.660000      0.00000000
    8.670000      0.00000000
    8.680000      0.00000000
    8.690000      0.00000000
    8.700000      0.00000000
    8.710000      0.00000000
    8.720000      0.00000000
    8.730000      0.00000000
    8.740000      0.00000000
    8.750000      0.00000000
    8.760000      0.00000000
    8.770000      0.00000000
    8.780000      0.00000000
    8.790000      0.00000000
    8.800000      0.00000000
    8.810000      0.00000000
    8.820000      0.00000000
    8.830000      0.00000000
    8.840000      0.00000000
    8.850000      0.00000000
    8.860000      0.00000000
    8.870000      0.00000000
    8.880000      0.00000000
    8.890000      0.00000000
    8.900000      0.00000000
    8.910000      0.00000000
    8.920000      0.00000000
    8.930000      0.00000000
    8.940000      0.00000000
    8.950000      0.00000000
    8.960000      0.00000000
    8.970000      0.00000000
    8.980000      0.00000000
    8.990000      0.00000000
    9.000000      0.00000000
    9.010000      0.00000000
    9.020000      0.00000000
    9.030000      0.00000000
    9.040000      0.00000000
    9.050000      0.00000000
    9.060000      0.00000000
    9.070000      0.00000000
    9.080000      0.00000000
    9.090000      0.00000000
    9.100000      0.00000000
    9.110000      0.00000000
    9.120000      0.00000000
    9.130000      0.00000000
    9.140000      0.00000000
    9.150000      0.00000000
    9.160000      0.00000000
    9.170000      0.00000000
    9.180000      0.00000000
    9.190000      0.00000000
    9.200000      0.00000000
    9.210000      0.00000000
    9.220000      0.00000000
    9.230000      0.00000000
    9.240000      0.00000000
    9.250000      0.00000000
    9.260000      0.00000000
    9.270000      0.00000000
    9.280000      0.00000000
    9.290000      0.00000000
    9.300000      0.00000000
    9.310000      0.00000000
    9.320000      0.00000000
    9.330000      0.00000000
    9.340000      0.00000000
    9.350000      0.00000000
    9.360000      0.00000000
    9.370000      0.00000000
    9.380000      0.00000000
    9.390000      0.00000000
    9.400000      0.00000000
    9.410000      0.00000000
    9.420000      0.00000000
    9.430000      0.00000000
    9.440000      0.00000000
    9.450000      0.00000000
    9.460000      0.00000000
    9.470000      0.00000000
    9.480000      0.00000000
    9.490000      0.00000000
    9.500000      0.00000000
    9.510000      0.00000000
    9.520000      0.00000000
    9.530000      0.00000000
    9.540000      0.00000000
    9.550000      0.00000000
    9.560000      0.00000000
    9.570000      0.00000000
    9.580000      0.00000000
    9.590000      0.00000000
    9.600000      0.00000000
    9.610000      0.00000000
    9.620000      0.00000000
    9.630000      0.00000000
    9.640000      0.00000000
    9.650000      0.00000000
    9.660000      0.00000000
    9.670000      0.00000000
    9.680000      0.00000000
    9.690000      0.00000000
    9.700000      0.00000000
    9.710000      0.00000000
    9.720000      0.00000000
    9.730000      0.00000000
    9.740000      0.00000000
    9.750000      0.00000000
    9.760000      0.00000000
    9.770000      0.00000000
    9.780000      0.00000000
    9.790000      0.00000000
    9.800000      0.00000000
    9.810000      0.00000000
    9.820000      0.00000000
    9.830000      0.00000000
    9.840000      0.00000000
    9.850000      0.00000000
    9.860000      0.00000000
    9.870000      0.00000000
    9.880000      0.00000000
    9.890000      0.00000000
    9.900000      0.00000000
    9.910000      0.00000000
    9.920000      0.00000000
    9.930000      0.00000000
    9.940000      0.00000000
    9.950000      0.00000000
    9.960000      0.00000000
    9.970000      0.00000000
    9.980000      0.00000000
    9.990000      0.00000000
   10.000000      0.00000000
   10.010000      0.00000000
   10.020000      0.00000000
   10.030000      0.00000000
   10.040000      0.00000000
   10.050000      0.00000000
   10.060000      0.00000000
   10.070000      0.00000000
   10.080000      0.00000000
   10.090000      0.00000000
   10.100000      0.00000000
   10.110000      0.00000000
   10.120000      0.00000000
   10.130000      0.00000000
   10.140000      0.00000000
   10.150000      0.00000000
   10.160000      0.00000000
   10.170000      0.00000000
   10.180000      0.00000000
   10.190000      0.00000000
   10.200000      0.00000000
   10.210000      0.00000000
   10.220000      0.00000000
   10.230000      0.00000000
   10.240000      0.00000000
   10.250000      0.00000000
   10.260000      0.00000000
   10.270000      0.00000000
   10.280000      0.00000000
   10.290000      0.00000000
   10.300000      0.00000000
   10.310000      0.00000000
   10.320000      0.00000000
   10.330000      0.00000000
   10.340000      0.00000000
   10.350000      0.00000000
   10.360000      0.00000000
   10.370000      0.00000000
   10.380000      0.00000000
   10.390000      0.00000000
   10.400000      0.00000000
   10.410000      0.00000000
   10.420000      0.00000000
   10.430000      0.00000000
   10.440000      0.00000000
   10.450000      0.00000000
   10.460000      0.00000000
   10.470000      0.00000000
   10.480000      0.00000000
   10.490000      0.00000000
   10.500000      0.00000000
   10.510000      0.00000000
   10.520000      0.00000000
   10.530000      0.00000000
   10.540000      0.00000000
   10.550000      0.00000000
   10.560000      0.00000000
   10.570000      0.00000000
   10.580000      0.00000000
   10.590000      0.00000000
   10.600000      0.00000000
   10.610000      0.00000000
   10.620000      0.00000000
   10.630000      0.00000000
   10.640000      0.00000000
   10.650000      0.00000000
   10.660000      0.00000000
   10.670000      0.00000000
   10.680000      0.00000000
   10.690000      0.00000000
   10.700000      0.00000000
   10.710000      0.00000000
   10.720000      0.00000000
   10.730000      0.00000000
   10.740000      0.00000000
   10.750000      0.00000000
   10.760000      0.00000000
   10.770000      0.00000000
   10.780000      0.00000000
   10.790000      0.00000000
   10.800000      0.00000000
   10.810000      0.00000000
   10.820000      0.00000000
   10.830000      0.00000000
   10.840000      0.00000000
   10.850000      0.00000000
   10.860000      0.00000000
   10.870000      0.00000000
   10.880000      0.00000000
   10.890000      0.00000000
   10.900000      0.00000000
   10.910000      0.00000000
   10.920000      0.00000000
   10.930000      0.00000000
   10.940000      0.00000000
   10.950000      0.00000000
   10.960000      0.00000000
   10.970000      0.00000000
   10.980000      0.00000000
   10.990000      0.00000000
   11.000000      0.00000000
   11.010000      0.00000000
   11.020000      0.00000000
   11.030000      0.00000000
   11.040000      0.00000000
   11.050000      0.00000000
   11.060000      0.00000000
   11.070000      0.00000000
   11.080000      0.00000000
   11.090000      0.00000000
   11.100000      0.00000000
   11.110000      0.00000000
   11.120000      0.00000000
   11.130000      0.00000000
   11.140000      0.00000000
   11.150000      0.00000000
   11.160000      0.00000000
   11.170000      0.00000000
   11.180000      0.00000000
   11.190000      0.00000000
   11.200000      0.00000000
   11.210000      0.00000000
   11.220000      0.00000000
   11.230000      0.00000000
   11.240000      0.00000000
   11.250000      0.00000000
   11.260000      0.00000000
   11.270000      0.00000000
   11.280000      0.00000000
   11.290000      0.00000000
   11.300000      0.00000000
   11.310000      0.00000000
   11.320000      0.00000000
   11.330000      0.00000000
   11.340000      0.00000000
   11.350000      0.00000000
   11.360000      0.00000000
   11.370000      0.00000000
   11.380000      0.00000000
   11.390000      0.00000000
   11.400000      0.00000000
   11.410000      0.00000000
   11.420000      0.00000000
   11.430000      0.00000000
   11.440000      0.00000000
   11.450000      0.00000000
   11.460000      0.00000000
   11.470000      0.00000000
   11.480000      0.00000000
   11.490000      0.00000000
   11.500000      0.00000000
   11.510000      0.00000000
   11.520000      0.00000000
   11.530000      0.00000000
   11.540000      0.00000000
   11.550000      0.00000000
   11.560000      0.00000000
   11.570000      0.00000000
   11.580000      0.00000000
   11.590000      0.00000000
   11.600000      0.00000000
   11.610000      0.00000000
   11.620000      0.00000000
   11.630000      0.00000000
   11.640000      0.00000000
   11.650000      0.00000000
   11.660000      0.00000000
   11.670000      0.00000000
   11.680000      0.00000000
   11.690000      0.00000000
   11.700000      0.00000000
   11.710000      0.00000000
   11.720000      0.00000000
   11.730000      0.00000000
   11.740000      0.00000000
   11.750000      0.00000000
   11.760000      0.00000000
   11.770000      0.00000000
   11.780000      0.00000000
   11.790000      0.00000000
   11.800000      0.00000000
   11.810000      0.00000000
   11.820000      0.00000000
   11.830000      0.00000000
   11.840000      0.00000000
   11.850000      0.00000000
   11.860000      0.00000000
   11.870000      0.00000000
   11.880000      0.00000000
   11.890000      0.00000000
   11.900000      0.00000000
   11.910000      0.00000000
   11.920000      0.00000000
   11.930000      0.00000000
   11.940000      0.00000000
   11.950000      0.00000000
   11.960000      0.00000000
   11.970000      0.00000000
   11.980000      0.00000000
   11.990000      0.00000000
   12.000000      0.00000000
   12.010000      0.00000000
   12.020000      0.00000000
   12.030000      0.00000000
   12.040000      0.00000000
   12.050000      0.00000000
   12.060000      0.00000000
   12.070000      0.00000000
   12.080000      0.00000000
   12.090000      0.00000000
   12.100000      0.00000000
   12.110000      0.00000000
   12.120000      0.00000000
   12.130000      0.00000000
   12.140000      0.00000000
   12.150000      0.00000000
   12.160000      0.00000000
   12.170000      0.00000000
   12.180000      0.00000000
   12.190000      0.00000000
   12.200000      0.00000000
   12.210000      0.00000000
   12.220000      0.00000000
   12.230000      0.00000000
   12.240000      0.00000000
   12.250000      0.00000000
   12.260000      0.00000000
   12.270000      0.00000000
   12.280000      0.00000000
   12.290000      0.00000000
   12.300000      0.00000000
   12.310000      0.00000000
   12.320000      0.00000000
   12.330000      0.00000000
   12.340000      0.00000000
   12.350000      0.00000000
   12.360000      0.00000000
   12.370000      0.00000000
   12.380000      0.00000000
   12.390000      0.00000000
   12.400000      0.00000000
   12.410000      0.00000000
   12.420000      0.00000000
   12.430000      0.00000000
   12.440000      0.00000000
   12.450000      0.00000000
   12.460000      0.00000000
   12.470000      0.00000000
   12.480000      0.00000000
   12.490000      0.00000000
   12.500000      0.00000000
   12.510000      0.00000000
   12.520000      0.00000000
   12.530000      0.00000000
   12.540000      0.00000000
   12.550000      0.00000000
   12.560000      0.00000000
   12.570000      0.00000000
   12.580000      0.00000000
   12.590000      0.00000000
   12.600000      0.00000000
   12.610000      0.00000000
   12.620000      0.00000000
   12.630000      0.00000000
   12.640000      0.00000000
   12.650000      0.00000000
   12.660000      0.00000000
   12.670000      0.00000000
   12.680000      0.00000000
   12.690000      0.00000000
   12.700000      0.00000000
   12.710000      0.00000000
   12.720000      0.00000000
   12.730000      0.00000000
   12.740000      0.00000000
   12.750000      0.00000000
   12.760000      0.00000000
   12.770000      0.00000000
   12.780000      0.00000000
   12.790000      0.00000000
   12.800000      0.00000000
   12.810000      0.00000000
   12.820000      0.00000000
   12.830000      0.00000000
   12.840000      0.00000000
   12.850000      0.00000000
   12.860000      0.00000000
   12.870000      0.00000000
   12.880000      0.00000000
   12.890000      0.00000000
   12.900000      0.00000000
   12.910000      0.00000000
   12.920000      0.00000000
   12.930000      0.00000000
   12.940000      0.00000000
   12.950000      0.00000000
   12.960000      0.00000000
   12.970000      0.00000000
   12.980000      0.00000000
   12.990000      0.00000000
   13.000000      0.00000000
   13.010000      0.00000000
   13.020000      0.00000000
   13.030000      0.00000000
   13.040000      0.00000000
   13.050000      0.00000000
   13.060000      0.00000000
   13.070000      0.00000000
   13.080000      0.00000000
   13.090000      0.00000000
   13.100000      0.00000000
   13.110000      0.00000000
   13.120000      0.00000000
   13.130000      0.00000000
   13.140000      0.00000000
   13.150000      0.00000000
   13.160000      0.00000000
   13.170000      0.00000000
   13.180000      0.00000000
   13.190000      0.00000000
   13.200000      0.00000000
   13.210000      0.00000000
   13.220000      0.00000000
   13.230000      0.00000000
   13.240000      0.00000000
   13.250000      0.00000000
   13.260000      0.00000000
   13.270000      0.00000000
   13.280000      0.00000000
   13.290000      0.00000000
   13.300000      0.00000000
   13.310000      0.00000000
   13.320000      0.00000000
   13.330000      0.00000000
   13.340000      0.00000000
   13.350000      0.00000000
   13.360000      0.00000000
   13.370000      0.00000000
   13.380000      0.00000000
   13.390000      0.00000000
   13.400000      0.00000000
   13.410000      0.00000000
   13.420000      0.00000000
   13.430000      0.00000000
   13.440000      0.00000000
   13.450000      0.00000000
   13.460000      0.00000000
   13.470000      0.00000000
   13.480000      0.00000000
   13.490000      0.00000000
   13.500000      0.00000000
   13.510000      0.00000000
   13.520000      0.00000000
   13.530000      0.00000000
   13.540000      0.00000000
   13.550000      0.00000000
   13.560000      0.00000000
   13.570000      0.00000000
   13.580000      0.00000000
   13.590000      0.00000000
   13.600000      0.00000000
   13.610000      0.00000000
   13.620000      0.00000000
   13.630000      0.00000000
   13.640000      0.00000000
   13.650000      0.00000000
   13.660000      0.00000000
   13.670000      0.00000000
   13.680000      0.00000000
   13.690000      0.00000000
   13.700000      0.00000000
   13.710000      0.00000000
   13.720000      0.00000000
   13.730000      0.00000000
   13.740000      0.00000000
   13.750000      0.00000000
   13.760000      0.00000000
   13.770000      0.00000000
   13.780000      0.00000000
   13.790000      0.00000000
   13.800000      0.00000000
   13.810000      0.00000000
   13.820000      0.00000000
   13.830000      0.00000000
   13.840000      0.00000000
   13.850000      0.00000000
   13.860000      0.00000000
   13.870000      0.00000000
   13.880000      0.00000000
   13.890000      0.00000000
   13.900000      0.00000000
   13.910000      0.00000000
   13.920000      0.00000000
   13.930000      0.00000000
   13.940000      0.00000000
   13.950000      0.00000000
   13.960000      0.00000000
   13.970000      0.00000000
   13.980000      0.00000000
   13.990000      0.00000000
   14.000000      0.00000000
   14.010000      0.00000000
   14.020000      0.00000000
   14.030000      0.00000000
   14.040000      0.00000000
   14.050000      0.00000000
   14.060000      0.00000000
   14.070000      0.00000000
   14.080000      0.00000000
   14.090000      0.00000000
   14.100000      0.00000000
   14.110000      0.00000000
   14.120000      0.00000000
   14.130000      0.00000000
   14.140000      0.00000000
   14.150000      0.00000000
   14.160000      0.00000000
   14.170000      0.00000000
   14.180000      0.00000000
   14.190000      0.00000000
   14.200000      0.00000000
   14.210000      0.00000000
   14.220000      0.00000000
   14.230000      0.00000000
   14.240000      0.00000000
   14.250000      0.00000000
   14.260000      0.00000000
   14.270000      0.00000000
   14.280000      0.00000000
   14.290000      0.00000000
   14.300000      0.00000000
   14.310000      0.00000000
   14.320000      0.00000000
   14.330000      0.00000000
   14.340000      0.00000000
   14.350000      0.00000000
   14.360000      0.00000000
   14.370000      0.00000000
   14.380000      0.00000000
   14.390000      0.00000000
   14.400000      0.00000000
   14.410000      0.00000000
   14.420000      0.00000000
   14.430000      0.00000000
   14.440000      0.00000000
   14.450000      0.00000000
   14.460000      0.00000000
   14.470000      0.00000000
   14.480000      0.00000000
   14.490000      0.00000000
   14.500000      0.00000000
   14.510000      0.00000000
   14.520000      0.00000000
   14.530000      0.00000000
   14.540000      0.00000000
   14.550000      0.00000000
   14.560000      0.00000000
   14.570000      0.00000000
   14.580000      0.00000000
   14.590000      0.00000000
   14.600000      0.00000000
   14.610000      0.00000000
   14.620000      0.00000000
   14.630000      0.00000000
   14.640000      0.00000000
   14.650000      0.00000000
   14.660000      0.00000000
   14.670000      0.00000000
   14.680000      0.00000000
   14.690000      0.00000000
   14.700000      0.00000000
   14.710000      0.00000000
   14.720000      0.00000000
   14.730000      0.00000000
   14.740000      0.00000000
   14.750000      0.00000000
   14.760000      0.00000000
   14.770000      0.00000000
   14.780000      0.00000000
   14.790000      0.00000000
   14.800000      0.00000000
   14.810000      0.00000000
   14.820000      0.00000000
   14.830000      0.00000000
   14.840000      0.00000000
   14.850000      0.00000000
   14.860000      0.00000000
   14.870000      0.00000000
   14.880000      0.00000000
   14.890000      0.00000000
   14.900000      0.00000000
   14.910000      0.00000000
   14.920000      0.00000000
   14.930000      0.00000000
   14.940000      0.00000000
   14.950000      0.00000000
   14.960000      0.00000000
   14.970000      0.00000000
   14.980000      0.00000000
   14.990000      0.00000000
   15.000000      0.00000000
   15.010000      0.00000000
   15.020000      0.00000000
   15.030000      0.00000000
   15.040000      0.00000000
   15.050000      0.00000000
   15.060000      0.00000000
   15.070000      0.00000000
   15.080000      0.00000000
   15.090000      0.00000000
   15.100000      0.00000000
   15.110000      0.00000000
   15.120000      0.00000000
   15.130000      0.00000000
   15.140000      0.00000000
   15.150000      0.00000000
   15.160000      0.00000000
   15.170000      0.00000000
   15.180000      0.00000000
   15.190000      0.00000000
   15.200000      0.00000000
   15.210000      0.00000000
   15.220000      0.00000000
   15.230000      0.00000000
   15.240000      0.00000000
   15.250000      0.00000000
   15.260000      0.00000000
   15.270000      0.00000000
   15.280000      0.00000000
   15.290000      0.00000000
   15.300000      0.00000000
   15.310000      0.00000000
   15.320000      0.00000000
   15.330000      0.00000000
   15.340000      0.00000000
   15.350000      0.00000000
   15.360000      0.00000000
   15.370000      0.00000000
   15.380000      0.00000000
   15.390000      0.00000000
   15.400000      0.00000000
   15.410000      0.00000000
   15.420000      0.00000000
   15.430000      0.00000000
   15.440000      0.00000000
   15.450000      0.00000000
   15.460000      0.00000000
   15.470000      0.00000000
   15.480000      0.00000000
   15.490000      0.00000000
   15.500000      0.00000000
   15.510000      0.00000000
   15.520000      0.00000000
   15.530000      0.00000000
   15.540000      0.00000000
   15.550000      0.00000000
   15.560000      0.00000000
   15.570000      0.00000000
   15.580000      0.00000000
   15.590000      0.00000000
   15.600000      0.00000000
   15.610000      0.00000000
   15.620000      0.00000000
   15.630000      0.00000000
   15.640000      0.00000000
   15.650000      0.00000000
   15.660000      0.00000000
   15.670000      0.00000000
   15.680000      0.00000000
   15.690000      0.00000000
   15.700000      0.00000000
   15.710000      0.00000000
   15.720000      0.00000000
   15.730000      0.00000000
   15.740000      0.00000000
   15.750000      0.00000000
   15.760000      0.00000000
   15.770000      0.00000000
   15.780000      0.00000000
   15.790000      0.00000000
   15.800000      0.00000000
   15.810000      0.00000000
   15.820000      0.00000000
   15.830000      0.00000000
   15.840000      0.00000000
   15.850000      0.00000000
   15.860000      0.00000000
   15.870000      0.00000000
   15.880000      0.00000000
   15.890000      0.00000000
   15.900000      0.00000000
   15.910000      0.00000000
   15.920000      0.00000000
   15.930000      0.00000000
   15.940000      0.00000000
   15.950000      0.00000000
   15.960000      0.00000000
   15.970000      0.00000000
   15.980000      0.00000000
   15.990000      0.00000000
   16.000000      0.00000000
   16.010000      0.00000000
   16.020000      0.00000000
   16.030000      0.00000000
   16.040000      0.00000000
   16.050000      0.00000000
   16.060000      0.00000000
   16.070000      0.00000000
   16.080000      0.00000000
   16.090000      0.00000000
   16.100000      0.00000000
   16.110000      0.00000000
   16.120000      0.00000000
   16.130000      0.00000000
   16.140000      0.00000000
   16.150000      0.00000000
   16.160000      0.00000000
   16.170000      0.00000000
   16.180000      0.00000000
   16.190000      0.00000000
   16.200000      0.00000000
   16.210000      0.00000000
   16.220000      0.00000000
   16.230000      0.00000000
   16.240000      0.00000000
   16.250000      0.00000000
   16.260000      0.00000000
   16.270000      0.00000000
   16.280000      0.00000000
   16.290000      0.00000000
   16.300000      0.00000000
   16.310000      0.00000000
   16.320000      0.00000000
   16.330000      0.00000000
   16.340000      0.00000000
   16.350000      0.00000000
   16.360000      0.00000000
   16.370000      0.00000000
   16.380000      0.00000000
   16.390000      0.00000000
   16.400000      0.00000000
   16.410000      0.00000000
   16.420000      0.00000000
   16.430000      0.00000000
   16.440000      0.00000000
   16.450000      0.00000000
   16.460000      0.00000000
   16.470000      0.00000000
   16.480000      0.00000000
   16.490000      0.00000000
   16.500000      0.00000000
   16.510000      0.00000000
   16.520000      0.00000000
   16.530000      0.00000000
   16.540000      0.00000000
   16.550000      0.00000000
   16.560000      0.00000000
   16.570000      0.00000000
   16.580000      0.00000000
   16.590000      0.00000000
   16.600000      0.00000000
   16.610000      0.00000000
   16.620000      0.00000000
   16.630000      0.00000000
   16.640000      0.00000000
   16.650000      0.00000000
   16.660000      0.00000000
   16.670000      0.00000000
   16.680000      0.00000000
   16.690000      0.00000000
   16.700000      0.00000000
   16.710000      0.00000000
   16.720000      0.00000000
   16.730000      0.00000000
   16.740000      0.00000000
   16.750000      0.00000000
   16.760000      0.00000000
   16.770000      0.00000000
   16.780000      0.00000000
   16.790000      0.00000000
   16.800000      0.00000000
   16.810000      0.00000000
   16.820000      0.00000000
   16.830000      0.00000000
   16.840000      0.00000000
   16.850000      0.00000000
   16.860000      0.00000000
   16.870000      0.00000000
   16.880000      0.00000000
   16.890000      0.00000000
   16.900000      0.00000000
   16.910000      0.00000000
   16.920000      0.00000000
   16.930000      0.00000000
   16.940000      0.00000000
   16.950000      0.00000000
   16.960000      0.00000000
   16.970000      0.00000000
   16.980000      0.00000000
   16.990000      0.00000000
   17.000000      0.00000000
   17.010000      0.00000000
   17.020000      0.00000000
   17.030000      0.00000000
   17.040000      0.00000000
   17.050000      0.00000000
   17.060000      0.00000000
   17.070000      0.00000000
   17.080000      0.00000000
   17.090000      0.00000000
   17.100000      0.00000000
   17.110000      0.00000000
   17.120000      0.00000000
   17.130000      0.00000000
   17.140000      0.00000000
   17.150000      0.00000000
   17.160000      0.00000000
   17.170000      0.00000000
   17.180000      0.00000000
   17.190000      0.00000000
   17.200000      0.00000000
   17.210000      0.00000000
   17.220000      0.00000000
   17.230000      0.00000000
   17.240000      0.00000000
   17.250000      0.00000000
   17.260000      0.00000000
   17.270000      0.00000000
   17.280000      0.00000000
   17.290000      0.00000000
   17.300000      0.00000000
   17.310000      0.00000000
   17.320000      0.00000000
   17.330000      0.00000000
   17.340000      0.00000000
   17.350000      0.00000000
   17.360000      0.00000000
   17.370000      0.00000000
   17.380000      0.00000000
   17.390000      0.00000000
   17.400000      0.00000000
   17.410000      0.00000000
   17.420000      0.00000000
   17.430000      0.00000000
   17.440000      0.00000000
   17.450000      0.00000000
   17.460000      0.00000000
   17.470000      0.00000000
   17.480000      0.00000000
   17.490000      0.00000000
   17.500000      0.00000000
   17.510000      0.00000000
   17.520000      0.00000000
   17.530000      0.00000000
   17.540000      0.00000000
   17.550000      0.00000000
   17.560000      0.00000000
   17.570000      0.00000000
   17.580000      0.00000000
   17.590000      0.00000000
   17.600000      0.00000000
   17.610000      0.00000000
   17.620000      0.00000000
   17.630000      0.00000000
   17.640000      0.00000000
   17.650000      0.00000000
   17.660000      0.00000000
   17.670000      0.00000000
   17.680000      0.00000000
   17.690000      0.00000000
   17.700000      0.00000000
   17.710000      0.00000000
   17.720000      0.00000000
   17.730000      0.00000000
   17.740000      0.00000000
   17.750000      0.00000000
   17.760000      0.00000000
   17.770000      0.00000000
   17.780000      0.00000000
   17.790000      0.00000000
   17.800000      0.00000000
   17.810000      0.00000000
   17.820000      0.00000000
   17.830000      0.00000000
   17.840000      0.00000000
   17.850000      0.00000000
   17.860000      0.00000000
   17.870000      0.00000000
   17.880000      0.00000000
   17.890000      0.00000000
   17.900000      0.00000000
   17.910000      0.00000000
   17.920000      0.00000000
   17.930000      0.00000000
   17.940000      0.00000000
   17.950000      0.00000000
   17.960000      0.00000000
   17.970000      0.00000000
   17.980000      0.00000000
   17.990000      0.00000000
   18.000000      0.00000000
   18.010000      0.00000000
   18.020000      0.00000000
   18.030000      0.00000000
   18.040000      0.00000000
   18.050000      0.00000000
   18.060000      0.00000000
   18.070000      0.00000000
   18.080000      0.00000000
   18.090000      0.00000000
   18.100000      0.00000000
   18.110000      0.00000000
   18.120000      0.00000000
   18.130000      0.00000000
   18.140000      0.00000000
   18.150000      0.00000000
   18.160000      0.00000000
   18.170000      0.00000000
   18.180000      0.00000000
   18.190000      0.00000000
   18.200000      0.00000000
   18.210000      0.00000000
   18.220000      0.00000000
   18.230000      0.00000000
   18.240000      0.00000000
   18.250000      0.00000000
   18.260000      0.00000000
   18.270000      0.00000000
   18.280000      0.00000000
   18.290000      0.00000000
   18.300000      0.00000000
   18.310000      0.00000000
   18.320000      0.00000000
   18.330000      0.00000000
   18.340000      0.00000000
   18.350000      0.00000000
   18.360000      0.00000000
   18.370000      0.00000000
   18.380000      0.00000000
   18.390000      0.00000000
   18.400000      0.00000000
   18.410000      0.00000000
   18.420000      0.00000000
   18.430000      0.00000000
   18.440000      0.00000000
   18.450000      0.00000000
   18.460000      0.00000000
   18.470000      0.00000000
   18.480000      0.00000000
   18.490000      0.00000000
   18.500000      0.00000000
   18.510000      0.00000000
   18.520000      0.00000000
   18.530000      0.00000000
   18.540000      0.00000000
   18.550000      0.00000000
   18.560000      0.00000000
   18.570000      0.00000000
   18.580000      0.00000000
   18.590000      0.00000000
   18.600000      0.00000000
   18.610000      0.00000000
   18.620000      0.00000000
   18.630000      0.00000000
   18.640000      0.00000000
   18.650000      0.00000000
   18.660000      0.00000000
   18.670000      0.00000000
   18.680000      0.00000000
   18.690000      0.00000000
   18.700000      0.00000000
   18.710000      0.00000000
   18.720000      0.00000000
   18.730000      0.00000000
   18.740000      0.00000000
   18.750000      0.00000000
   18.760000      0.00000000
   18.770000      0.00000000
   18.780000      0.00000000
   18.790000      0.00000000
   18.800000      0.00000000
   18.810000      0.00000000
   18.820000      0.00000000
   18.830000      0.00000000
   18.840000      0.00000000
   18.850000      0.00000000
   18.860000      0.00000000
   18.870000      0.00000000
   18.880000      0.00000000
   18.890000      0.00000000
   18.900000      0.00000000
   18.910000      0.00000000
   18.920000      0.00000000
   18.930000      0.00000000
   18.940000      0.00000000
   18.950000      0.00000000
   18.960000      0.00000000
   18.970000      0.00000000
   18.980000      0.00000000
   18.990000      0.00000000
   19.000000      0.00000000
   19.010000      0.00000000
   19.020000      0.00000000
   19.030000      0.00000000
   19.040000      0.00000000
   19.050000      0.00000000
   19.060000      0.00000000
   19.070000      0.00000000
   19.080000      0.00000000
   19.090000      0.00000000
   19.100000      0.00000000
   19.110000      0.00000000
   19.120000      0.00000000
   19.130000      0.00000000
   19.140000      0.00000000
   19.150000      0.00000000
   19.160000      0.00000000
   19.170000      0.00000000
   19.180000      0.00000000
   19.190000      0.00000000
   19.200000      0.00000000
   19.210000      0.00000000
   19.220000      0.00000000
   19.230000      0.00000000
   19.240000      0.00000000
   19.250000      0.00000000
   19.260000      0.00000000
   19.270000      0.00000000
   19.280000      0.00000000
   19.290000      0.00000000
   19.300000      0.00000000
   19.310000      0.00000000
   19.320000      0.00000000
   19.330000      0.00000000
   19.340000      0.00000000
   19.350000      0.00000000
   19.360000      0.00000000
   19.370000      0.00000000
   19.380000      0.00000000
   19.390000      0.00000000
   19.400000      0.00000000
   19.410000      0.00000000
   19.420000      0.00000000
   19.430000      0.00000000
   19.440000      0.00000000
   19.450000      0.00000000
   19.460000      0.00000000
   19.470000      0.00000000
   19.480000      0.00000000
   19.490000      0.00000000
   19.500000      0.00000000
   19.510000      0.00000000
   19.520000      0.00000000
   19.530000      0.00000000
   19.540000      0.00000000
   19.550000      0.00000000
   19.560000      0.00000000
   19.570000      0.00000000
   19.580000      0.00000000
   19.590000      0.00000000
   19.600000      0.00000000
   19.610000      0.00000000
   19.620000      0.00000000
   19.630000      0.00000000
   19.640000      0.00000000
   19.650000      0.00000000
   19.660000      0.00000000
   19.670000      0.00000000
   19.680000      0.00000000
   19.690000      0.00000000
   19.700000      0.00000000
   19.710000      0.00000000
   19.720000      0.00000000
   19.730000      0.00000000
   19.740000      0.00000000
   19.750000      0.00000000
   19.760000      0.00000000
   19.770000      0.00000000
   19.780000      0.00000000
   19.790000      0.00000000
   19.800000      0.00000000
   19.810000      0.00000000
   19.820000      0.00000000
   19.830000      0.00000000
   19.840000      0.00000000
   19.850000      0.00000000
   19.860000      0.00000000
   19.870000      0.00000000
   19.880000      0.00000000
   19.890000      0.00000000
   19.900000      0.00000000
   19.910000      0.00000000
   19.920000      0.00000000
   19.930000      0.00000000
   19.940000      0.00000000
   19.950000      0.00000000
   19.960000      0.00000000
   19.970000      0.00000000
   19.980000      0.00000000
   19.990000      0.00000000
   20.000000      0.00000000
