    0.020000      1.88163364
    0.040000      1.88176768
    0.060000      1.88160150
    0.080000      1.88113534
    0.100000      1.88036982
    0.120000      1.87930597
    0.140000      1.87794521
    0.160000      1.87628935
    0.180000      1.87434060
    0.200000      1.87210158
    0.220000      1.86957529
    0.240000      1.86676514
    0.260000      1.86367493
    0.280000      1.86030887
    0.300000      1.85667158
    0.320000      1.85276805
    0.340000      1.84860372
    0.360000      1.84418439
    0.380000      1.83951629
    0.400000      1.83460605
    0.420000      1.82946070
    0.440000      1.82408770
    0.460000      1.81849488
    0.480000      1.81269052
    0.500000      1.80668326
    0.520000      1.80048218
    0.540000      1.79409676
    0.560000      1.78753685
    0.580000      1.78081274
    0.600000      1.77393510
    0.620000      1.76691498
    0.640000      1.75976382
    0.660000      1.75249346
    0.680000      1.74511608
    0.700000      1.73764424
    0.720000      1.73009085
    0.740000      1.72246915
    0.760000      1.71479272
    0.780000      1.70707543
    0.800000      1.69933144
    0.820000      1.69157520
    0.840000      1.68382138
    0.860000      1.67608490
    0.880000      1.66838085
    0.900000      1.66072450
    0.920000      1.65313126
    0.940000      1.64561664
    0.960000      1.63819620
    0.980000      1.63088556
    1.000000      1.62370030
    1.020000      1.61665598
    1.040000      1.60976802
    1.060000      1.60305174
    1.080000      1.59652226
    1.100000      1.59019445
    1.120000      1.58408292
    1.140000      1.57820191
    1.160000      1.57256529
    1.180000      1.56718651
    1.200000      1.56207849
    1.220000      1.55725364
    1.240000      1.55272377
    1.260000      1.54850004
    1.280000      1.54459294
    1.300000      1.54101220
    1.320000      1.53776679
    1.340000      1.53486487
    1.360000      1.53231374
    1.380000      1.53011981
    1.400000      1.52828856
    1.420000      1.52682457
    1.440000      1.52573141
    1.460000      1.52501170
    1.480000      1.52466707
    1.500000      1.52469814
    1.520000      1.52510456
    1.540000      1.52588497
    1.560000      1.52703703
    1.580000      1.52855743
    1.600000      1.53044193
    1.620000      1.53268533
    1.640000      1.53528158
    1.660000      1.53822372
    1.680000      1.54150398
    1.700000      1.54511379
    1.720000      1.54904384
    1.740000      1.55328409
    1.760000      1.55782386
    1.780000      1.56265183
    1.800000      1.56775613
    1.820000      1.57312436
    1.840000      1.57874365
    1.860000      1.58460070
    1.880000      1.59068184
    1.900000      1.59697309
    1.920000      1.60346015
    1.940000      1.61012854
    1.960000      1.61696354
    1.980000      1.62395030
    2.000000      1.63107389
    2.020000      1.63831928
    2.040000      1.64567143
    2.060000      1.65311529
    2.080000      1.66063587
    2.100000      1.66821825
    2.120000      1.67584759
    2.140000      1.68350922
    2.160000      1.69118858
    2.180000      1.69887132
    2.200000      1.70654330
    2.220000      1.71419056
    2.240000      1.72179944
    2.260000      1.72935649
    2.280000      1.73684855
    2.300000      1.74426277
    2.320000      1.75158658
    2.340000      1.75880771
    2.360000      1.76591426
    2.380000      1.77289462
    2.400000      1.77973755
    2.420000      1.78643214
    2.440000      1.79296786
    2.460000      1.79933453
    2.480000      1.80552233
    2.500000      1.81152183
    2.520000      1.81732396
    2.540000      1.82292005
    2.560000      1.82830179
    2.580000      1.83346128
    2.600000      1.83839098
    2.620000      1.84308377
    2.640000      1.84753288
    2.660000      1.85173198
    2.680000      1.85567508
    2.700000      1.85935663
    2.720000      1.86277145
    2.740000      1.86591474
    2.760000      1.86878211
    2.780000      1.87136956
    2.800000      1.87367349
    2.820000      1.87569066
    2.840000      1.87741827
    2.860000      1.87885386
    2.880000      1.87999540
    2.900000      1.88084122
    2.920000      1.88139007
    2.940000      1.88164106
    2.960000      1.88159372
    2.980000      1.88124793
    3.000000      1.88060400
    3.020000      1.87966260
    3.040000      1.87842481
    3.060000      1.87689210
    3.080000      1.87506631
    3.100000      1.87294970
    3.120000      1.87054491
    3.140000      1.86785497
    3.160000      1.86488330
    3.180000      1.86163375
    3.200000      1.85811052
    3.220000      1.85431825
    3.240000      1.85026196
    3.260000      1.84594707
    3.280000      1.84137942
    3.300000      1.83656523
    3.320000      1.83151114
    3.340000      1.82622421
    3.360000      1.82071189
    3.380000      1.81498204
    3.400000      1.80904294
    3.420000      1.80290328
    3.440000      1.79657215
    3.460000      1.79005906
    3.480000      1.78337393
    3.500000      1.77652709
    3.520000      1.76952927
    3.540000      1.76239161
    3.560000      1.75512564
    3.580000      1.74774331
    3.600000      1.74025693
    3.620000      1.73267922
    3.640000      1.72502327
    3.660000      1.71730252
    3.680000      1.70953078
    3.700000      1.70172220
    3.720000      1.69389125
    3.740000      1.68605270
    3.760000      1.67822163
    3.780000      1.67041336
    3.800000      1.66264347
    3.820000      1.65492773
    3.840000      1.64728211
    3.860000      1.63972271
    3.880000      1.63226574
    3.900000      1.62492748
    3.920000      1.61772422
    3.940000      1.61067225
    3.960000      1.60378776
    3.980000      1.59708681
    4.000000      1.59058527
    4.020000      1.58429879
    4.040000      1.57824267
    4.060000      1.57243187
    4.080000      1.56688091
    4.100000      1.56160379
    4.120000      1.55661396
    4.140000      1.55192426
    4.160000      1.54754680
    4.180000      1.54349298
    4.200000      1.53977336
    4.220000      1.53639769
    4.240000      1.53337476
    4.260000      1.53071246
    4.280000      1.52841765
    4.300000      1.52649620
    4.320000      1.52495292
    4.340000      1.52379155
    4.360000      1.52301473
    4.380000      1.52262405
    4.400000      1.52261995
    4.420000      1.52300183
    4.440000      1.52376797
    4.460000      1.52491562
    4.480000      1.52644095
    4.500000      1.52833914
    4.520000      1.53060439
    4.540000      1.53322994
    4.560000      1.53620813
    4.580000      1.53953046
    4.600000      1.54318758
    4.620000      1.54716941
    4.640000      1.55146514
    4.660000      1.55606333
    4.680000      1.56095191
    4.700000      1.56611827
    4.720000      1.57154932
    4.740000      1.57723153
    4.760000      1.58315098
    4.780000      1.58929342
    4.800000      1.59564432
    4.820000      1.60218894
    4.840000      1.60891234
    4.860000      1.61579944
    4.880000      1.62283508
    4.900000      1.63000405
    4.920000      1.63729112
    4.940000      1.64468110
    4.960000      1.65215883
    4.980000      1.65970928
    5.000000      1.66731750
    5.020000      1.67496873
    5.040000      1.68264834
    5.060000      1.69034193
    5.080000      1.69803531
    5.100000      1.70571450
    5.120000      1.71336582
    5.140000      1.72097581
    5.160000      1.72853133
    5.180000      1.73601952
    5.200000      1.74342782
    5.220000      1.75074401
    5.240000      1.75795616
    5.260000      1.76505270
    5.280000      1.77202239
    5.300000      1.77885435
    5.320000      1.78553801
    5.340000      1.79206320
    5.360000      1.79842007
    5.380000      1.80459916
    5.400000      1.81059137
    5.420000      1.81638793
    5.440000      1.82198048
    5.460000      1.82736101
    5.480000      1.83252187
    5.500000      1.83745580
    5.520000      1.84215590
    5.540000      1.84661563
    5.560000      1.85082884
    5.580000      1.85478974
    5.600000      1.85849292
    5.620000      1.86193333
    5.640000      1.86510630
    5.660000      1.86800752
    5.680000      1.87063307
    5.700000      1.87297940
    5.720000      1.87504330
    5.740000      1.87682197
    5.760000      1.87831297
    5.780000      1.87951422
    5.800000      1.88042403
    5.820000      1.88104107
    5.840000      1.88136438
    5.860000      1.88139339
    5.880000      1.88112790
    5.900000      1.88056807
    5.920000      1.87971446
    5.940000      1.87856798
    5.960000      1.87712994
    5.980000      1.87540201
    6.000000      1.87338626
    6.020000      1.87108513
    6.040000      1.86850143
    6.060000      1.86563839
    6.080000      1.86249957
    6.100000      1.85908897
    6.120000      1.85541095
    6.140000      1.85147024
    6.160000      1.84727201
    6.180000      1.84282177
    6.200000      1.83812545
    6.220000      1.83318936
    6.240000      1.82802022
    6.260000      1.82262511
    6.280000      1.81701155
    6.300000      1.81118741
    6.320000      1.80516099
    6.340000      1.79894097
    6.360000      1.79253642
    6.380000      1.78595682
    6.400000      1.77921202
    6.420000      1.77231229
    6.440000      1.76526826
    6.460000      1.75809097
    6.480000      1.75079182
    6.500000      1.74338262
    6.520000      1.73587553
    6.540000      1.72828307
    6.560000      1.72061815
    6.580000      1.71289400
    6.600000      1.70512422
    6.620000      1.69732271
    6.640000      1.68950372
    6.660000      1.68168178
    6.680000      1.67387170
    6.700000      1.66608858
    6.720000      1.65834774
    6.740000      1.65066473
    6.760000      1.64305529
    6.780000      1.63553532
    6.800000      1.62812086
    6.820000      1.62082802
    6.840000      1.61367299
    6.860000      1.60667195
    6.880000      1.59984106
    6.900000      1.59319639
    6.920000      1.58675387
    6.940000      1.58052924
    6.960000      1.57453797
    6.980000      1.56879525
    7.000000      1.56331586
    7.020000      1.55811416
    7.040000      1.55320397
    7.060000      1.54859854
    7.080000      1.54431049
    7.100000      1.54035170
    7.120000      1.53673325
    7.140000      1.53346540
    7.160000      1.53055748
    7.180000      1.52801785
    7.200000      1.52585385
    7.220000      1.52407176
    7.240000      1.52267674
    7.260000      1.52167280
    7.280000      1.52106280
    7.300000      1.52084838
    7.320000      1.52103002
    7.340000      1.52160698
    7.360000      1.52257733
    7.380000      1.52393798
    7.400000      1.52568468
    7.420000      1.52781206
    7.440000      1.53031367
    7.460000      1.53318205
    7.480000      1.53640873
    7.500000      1.53998433
    7.520000      1.54389859
    7.540000      1.54814043
    7.560000      1.55269807
    7.580000      1.55755899
    7.600000      1.56271010
    7.620000      1.56813774
    7.640000      1.57382778
    7.660000      1.57976563
    7.680000      1.58593638
    7.700000      1.59232481
    7.720000      1.59891542
    7.740000      1.60569258
    7.760000      1.61264047
    7.780000      1.61974322
    7.800000      1.62698488
    7.820000      1.63434955
    7.840000      1.64182134
    7.860000      1.64938445
    7.880000      1.65702319
    7.900000      1.66472205
    7.920000      1.67246565
    7.940000      1.68023884
    7.960000      1.68802672
    7.980000      1.69581459
    8.000000      1.70358807
    8.020000      1.71133304
