    0.0080    0.9391    0.7287    0.5775
    0.0160    0.9391    0.7287    0.5775
    0.0240    0.9391    0.7287    0.5776
    0.0320    0.9391    0.7286    0.5776
    0.0400    0.9391    0.7286    0.5776
    0.0480    0.9391    0.7286    0.5777
    0.0560    0.9391    0.7286    0.5777
    0.0640    0.9391    0.7286    0.5778
    0.0720    0.9391    0.7285    0.5778
    0.0800    0.9392    0.7285    0.5779
    0.0880    0.9392    0.7285    0.5779
    0.0960    0.9392    0.7285    0.5779
    0.1040    0.9392    0.7285    0.5780
    0.1120    0.9392    0.7284    0.5780
    0.1200    0.9392    0.7284    0.5781
    0.1280    0.9392    0.7284    0.5781
    0.1360    0.9392    0.7284    0.5782
    0.1440    0.9392    0.7284    0.5782
    0.1520    0.9392    0.7283    0.5783
    0.1600    0.9392    0.7283    0.5783
    0.1680    0.9392    0.7283    0.5784
    0.1760    0.9392    0.7283    0.5784
    0.1840    0.9392    0.7283    0.5785
    0.1920    0.9392    0.7283    0.5785
    0.2000    0.9392    0.7282    0.5786
    0.2080    0.9392    0.7282    0.5786
    0.2160    0.9393    0.7282    0.5786
    0.2240    0.9393    0.7282    0.5787
    0.2320    0.9393    0.7282    0.5787
    0.2400    0.9393    0.7282    0.5788
    0.2480    0.9393    0.7282    0.5788
    0.2560    0.9393    0.7281    0.5789
    0.2640    0.9393    0.7281    0.5789
    0.2720    0.9393    0.7281    0.5790
    0.2800    0.9393    0.7281    0.5790
    0.2880    0.9393    0.7281    0.5790
    0.2960    0.9393    0.7281    0.5791
    0.3040    0.9393    0.7281    0.5791
    0.3120    0.9393    0.7280    0.5792
    0.3200    0.9392    0.7280    0.5792
    0.3280    0.9392    0.7280    0.5793
    0.3360    0.9392    0.7280    0.5793
    0.3440    0.9392    0.7280    0.5793
    0.3520    0.9392    0.7280    0.5794
    0.3600    0.9392    0.7280    0.5794
    0.3680    0.9392    0.7280    0.5794
    0.3760    0.9392    0.7280    0.5795
    0.3840    0.9392    0.7280    0.5795
    0.3920    0.9392    0.7279    0.5795
    0.4000    0.9392    0.7279    0.5796
    0.4080    0.9392    0.7279    0.5796
    0.4160    0.9391    0.7279    0.5796
    0.4240    0.9391    0.7278    0.5795
    0.4320    0.9390    0.7277    0.5794
    0.4400    0.9389    0.7276    0.5793
    0.4480    0.9388    0.7274    0.5791
    0.4560    0.9386    0.7272    0.5789
    0.4640    0.9384    0.7270    0.5787
    0.4720    0.9383    0.7268    0.5785
    0.4800    0.9381    0.7266    0.5782
    0.4880    0.9378    0.7263    0.5779
    0.4960    0.9376    0.7260    0.5775
    0.5040    0.9373    0.7257    0.5771
    0.5120    0.9371    0.7253    0.5767
    0.5200    0.9368    0.7249    0.5763
    0.5280    0.9364    0.7245    0.5758
    0.5360    0.9361    0.7241    0.5753
    0.5440    0.9357    0.7237    0.5748
    0.5520    0.9354    0.7232    0.5742
    0.5600    0.9350    0.7227    0.5736
    0.5680    0.9345    0.7222    0.5730
    0.5760    0.9341    0.7217    0.5724
    0.5840    0.9337    0.7211    0.5717
    0.5920    0.9332    0.7206    0.5710
    0.6000    0.9327    0.7200    0.5703
    0.6080    0.9322    0.7194    0.5696
    0.6160    0.9317    0.7187    0.5688
    0.6240    0.9311    0.7181    0.5680
    0.6320    0.9305    0.7174    0.5672
    0.6400    0.9300    0.7167    0.5664
    0.6480    0.9294    0.7160    0.5655
    0.6560    0.9288    0.7152    0.5646
    0.6640    0.9281    0.7145    0.5637
    0.6720    0.9275    0.7137    0.5628
    0.6800    0.9268    0.7129    0.5619
    0.6880    0.9261    0.7121    0.5609
    0.6960    0.9254    0.7113    0.5600
    0.7040    0.9247    0.7104    0.5590
    0.7120    0.9240    0.7095    0.5580
    0.7200    0.9232    0.7087    0.5570
    0.7280    0.9225    0.7078    0.5560
    0.7360    0.9217    0.7069    0.5549
    0.7440    0.9209    0.7059    0.5539
    0.7520    0.9201    0.7050    0.5529
    0.7600    0.9193    0.7040    0.5518
    0.7680    0.9184    0.7031    0.5507
    0.7760    0.9176    0.7021    0.5496
    0.7840    0.9167    0.7011    0.5486
    0.7920    0.9159    0.7001    0.5475
    0.8000    0.9150    0.6991    0.5464
    0.8080    0.9141    0.6981    0.5453
    0.8160    0.9131    0.6970    0.5442
    0.8240    0.9122    0.6960    0.5431
    0.8320    0.9113    0.6949    0.5421
    0.8400    0.9103    0.6939    0.5410
    0.8480    0.9094    0.6928    0.5399
    0.8560    0.9084    0.6917    0.5388
    0.8640    0.9074    0.6906    0.5377
    0.8720    0.9064    0.6895    0.5367
    0.8800    0.9054    0.6884    0.5356
    0.8880    0.9044    0.6873    0.5346
    0.8960    0.9033    0.6862    0.5336
    0.9040    0.9023    0.6851    0.5325
    0.9120    0.9013    0.6840    0.5315
    0.9200    0.9002    0.6829    0.5306
    0.9280    0.8991    0.6818    0.5296
    0.9360    0.8981    0.6806    0.5286
    0.9440    0.8970    0.6795    0.5277
    0.9520    0.8959    0.6784    0.5268
    0.9600    0.8948    0.6773    0.5259
    0.9680    0.8937    0.6761    0.5250
    0.9760    0.8926    0.6750    0.5241
    0.9840    0.8914    0.6739    0.5233
    0.9920    0.8903    0.6728    0.5225
    1.0000    0.8892    0.6717    0.5217
    1.0080    0.8880    0.6705    0.5210
    1.0160    0.8869    0.6694    0.5202
    1.0240    0.8857    0.6683    0.5195
    1.0320    0.8846    0.6672    0.5189
    1.0400    0.8834    0.6661    0.5182
    1.0480    0.8823    0.6651    0.5176
    1.0560    0.8811    0.6640    0.5170
    1.0640    0.8799    0.6629    0.5165
    1.0720    0.8787    0.6619    0.5160
    1.0800    0.8776    0.6608    0.5155
    1.0880    0.8764    0.6598    0.5151
    1.0960    0.8752    0.6587    0.5147
    1.1040    0.8740    0.6577    0.5143
    1.1120    0.8728    0.6567    0.5140
    1.1200    0.8716    0.6557    0.5137
    1.1280    0.8704    0.6547    0.5134
    1.1360    0.8692    0.6538    0.5132
    1.1440    0.8680    0.6528    0.5131
    1.1520    0.8668    0.6519    0.5129
    1.1600    0.8656    0.6510    0.5128
    1.1680    0.8644    0.6500    0.5128
    1.1760    0.8632    0.6491    0.5128
    1.1840    0.8620    0.6483    0.5128
    1.1920    0.8608    0.6474    0.5128
    1.2000    0.8596    0.6466    0.5129
    1.2080    0.8584    0.6457    0.5131
    1.2160    0.8573    0.6449    0.5133
    1.2240    0.8561    0.6442    0.5135
    1.2320    0.8549    0.6434    0.5138
    1.2400    0.8537    0.6426    0.5141
    1.2480    0.8525    0.6419    0.5144
    1.2560    0.8513    0.6412    0.5148
    1.2640    0.8502    0.6405    0.5152
    1.2720    0.8490    0.6399    0.5157
    1.2800    0.8478    0.6392    0.5162
    1.2880    0.8466    0.6386    0.5167
    1.2960    0.8455    0.6380    0.5173
    1.3040    0.8443    0.6374    0.5179
    1.3120    0.8432    0.6369    0.5186
    1.3200    0.8420    0.6364    0.5193
    1.3280    0.8409    0.6359    0.5200
    1.3360    0.8398    0.6354    0.5207
    1.3440    0.8386    0.6349    0.5215
    1.3520    0.8375    0.6345    0.5223
    1.3600    0.8364    0.6341    0.5232
    1.3680    0.8353    0.6337    0.5241
    1.3760    0.8342    0.6334    0.5250
    1.3840    0.8331    0.6331    0.5259
    1.3920    0.8320    0.6328    0.5269
    1.4000    0.8309    0.6325    0.5279
    1.4080    0.8298    0.6323    0.5289
    1.4160    0.8288    0.6320    0.5299
    1.4240    0.8277    0.6319    0.5310
    1.4320    0.8267    0.6317    0.5321
    1.4400    0.8256    0.6315    0.5332
    1.4480    0.8246    0.6314    0.5344
    1.4560    0.8236    0.6314    0.5355
    1.4640    0.8225    0.6313    0.5367
    1.4720    0.8215    0.6313    0.5379
    1.4800    0.8205    0.6313    0.5391
    1.4880    0.8196    0.6313    0.5403
    1.4960    0.8186    0.6313    0.5415
    1.5040    0.8176    0.6314    0.5428
    1.5120    0.8167    0.6315    0.5440
    1.5200    0.8157    0.6316    0.5453
    1.5280    0.8148    0.6318    0.5466
    1.5360    0.8139    0.6320    0.5479
    1.5440    0.8130    0.6322    0.5492
    1.5520    0.8121    0.6324    0.5504
    1.5600    0.8112    0.6327    0.5517
    1.5680    0.8103    0.6330    0.5530
    1.5760    0.8094    0.6333    0.5543
    1.5840    0.8086    0.6336    0.5556
    1.5920    0.8077    0.6340    0.5570
    1.6000    0.8069    0.6344    0.5582
    1.6080    0.8061    0.6348    0.5595
    1.6160    0.8053    0.6352    0.5608
    1.6240    0.8045    0.6357    0.5621
    1.6320    0.8037    0.6362    0.5634
    1.6400    0.8029    0.6367    0.5647
    1.6480    0.8022    0.6372    0.5659
    1.6560    0.8014    0.6377    0.5672
    1.6640    0.8007    0.6383    0.5684
    1.6720    0.8000    0.6389    0.5697
    1.6800    0.7993    0.6395    0.5709
    1.6880    0.7986    0.6402    0.5721
    1.6960    0.7979    0.6408    0.5732
    1.7040    0.7973    0.6415    0.5744
    1.7120    0.7966    0.6422    0.5756
    1.7200    0.7960    0.6429    0.5767
    1.7280    0.7954    0.6436    0.5778
    1.7360    0.7948    0.6444    0.5789
    1.7440    0.7942    0.6451    0.5800
    1.7520    0.7936    0.6459    0.5810
    1.7600    0.7930    0.6467    0.5820
    1.7680    0.7925    0.6476    0.5831
    1.7760    0.7920    0.6484    0.5840
    1.7840    0.7914    0.6492    0.5850
    1.7920    0.7909    0.6501    0.5859
    1.8000    0.7904    0.6510    0.5868
    1.8080    0.7900    0.6519    0.5877
    1.8160    0.7895    0.6528    0.5885
    1.8240    0.7890    0.6537    0.5893
    1.8320    0.7886    0.6546    0.5901
    1.8400    0.7882    0.6556    0.5909
    1.8480    0.7878    0.6565    0.5916
    1.8560    0.7874    0.6575    0.5923
    1.8640    0.7870    0.6585    0.5929
    1.8720    0.7866    0.6594    0.5936
    1.8800    0.7863    0.6604    0.5942
    1.8880    0.7860    0.6614    0.5947
    1.8960    0.7856    0.6625    0.5952
    1.9040    0.7853    0.6635    0.5957
    1.9120    0.7851    0.6645    0.5962
    1.9200    0.7848    0.6655    0.5966
    1.9280    0.7845    0.6666    0.5970
    1.9360    0.7843    0.6676    0.5973
    1.9440    0.7840    0.6686    0.5977
    1.9520    0.7838    0.6697    0.5979
    1.9600    0.7836    0.6708    0.5982
    1.9680    0.7834    0.6718    0.5984
    1.9760    0.7833    0.6729    0.5985
    1.9840    0.7831    0.6739    0.5987
    1.9920    0.7830    0.6750    0.5988
    2.0000    0.7828    0.6761    0.5988
    2.0080    0.7827    0.6771    0.5988
    2.0160    0.7826    0.6782    0.5988
    2.0240    0.7825    0.6793    0.5987
    2.0320    0.7825    0.6803    0.5987
    2.0400    0.7824    0.6814    0.5985
    2.0480    0.7824    0.6825    0.5983
    2.0560    0.7824    0.6835    0.5981
    2.0640    0.7823    0.6846    0.5979
    2.0720    0.7823    0.6856    0.5976
    2.0800    0.7824    0.6867    0.5973
    2.0880    0.7824    0.6877    0.5969
    2.0960    0.7824    0.6888    0.5965
    2.1040    0.7825    0.6898    0.5961
    2.1120    0.7826    0.6908    0.5956
    2.1200    0.7827    0.6919    0.5951
    2.1280    0.7828    0.6929    0.5946
    2.1360    0.7829    0.6939    0.5940
    2.1440    0.7830    0.6949    0.5934
    2.1520    0.7831    0.6959    0.5927
    2.1600    0.7833    0.6969    0.5921
    2.1680    0.7835    0.6979    0.5914
    2.1760    0.7837    0.6989    0.5906
    2.1840    0.7839    0.6999    0.5898
    2.1920    0.7841    0.7008    0.5890
    2.2000    0.7843    0.7018    0.5882
    2.2080    0.7845    0.7027    0.5873
    2.2160    0.7848    0.7036    0.5864
    2.2240    0.7850    0.7046    0.5855
    2.2320    0.7853    0.7055    0.5845
    2.2400    0.7856    0.7064    0.5835
    2.2480    0.7859    0.7073    0.5825
    2.2560    0.7862    0.7081    0.5815
    2.2640    0.7866    0.7090    0.5804
    2.2720    0.7869    0.7098    0.5793
    2.2800    0.7873    0.7107    0.5782
    2.2880    0.7876    0.7115    0.5770
    2.2960    0.7880    0.7123    0.5759
    2.3040    0.7884    0.7131    0.5747
    2.3120    0.7888    0.7139    0.5735
    2.3200    0.7892    0.7147    0.5723
    2.3280    0.7897    0.7154    0.5710
    2.3360    0.7901    0.7162    0.5697
    2.3440    0.7906    0.7169    0.5685
    2.3520    0.7910    0.7176    0.5672
    2.3600    0.7915    0.7183    0.5659
    2.3680    0.7920    0.7190    0.5645
    2.3760    0.7925    0.7197    0.5632
    2.3840    0.7930    0.7203    0.5618
    2.3920    0.7936    0.7210    0.5605
    2.4000    0.7941    0.7216    0.5591
    2.4080    0.7947    0.7222    0.5577
    2.4160    0.7952    0.7228    0.5563
    2.4240    0.7958    0.7234    0.5549
    2.4320    0.7964    0.7239    0.5535
    2.4400    0.7970    0.7245    0.5521
    2.4480    0.7976    0.7250    0.5507
    2.4560    0.7982    0.7255    0.5493
    2.4640    0.7988    0.7260    0.5479
    2.4720    0.7995    0.7265    0.5465
    2.4800    0.8001    0.7269    0.5451
    2.4880    0.8008    0.7274    0.5437
    2.4960    0.8014    0.7278    0.5423
    2.5040    0.8021    0.7282    0.5409
    2.5120    0.8028    0.7286    0.5395
    2.5200    0.8035    0.7289    0.5382
    2.5280    0.8042    0.7293    0.5368
    2.5360    0.8049    0.7296    0.5355
    2.5440    0.8057    0.7299    0.5341
    2.5520    0.8064    0.7302    0.5328
    2.5600    0.8071    0.7305    0.5315
    2.5680    0.8079    0.7308    0.5302
    2.5760    0.8087    0.7310    0.5289
    2.5840    0.8094    0.7312    0.5277
    2.5920    0.8102    0.7314    0.5264
    2.6000    0.8110    0.7316    0.5252
    2.6080    0.8118    0.7318    0.5240
    2.6160    0.8126    0.7319    0.5229
    2.6240    0.8134    0.7321    0.5217
    2.6320    0.8143    0.7322    0.5206
    2.6400    0.8151    0.7323    0.5195
    2.6480    0.8159    0.7323    0.5185
    2.6560    0.8168    0.7324    0.5174
    2.6640    0.8176    0.7324    0.5164
    2.6720    0.8185    0.7325    0.5155
    2.6800    0.8194    0.7325    0.5145
    2.6880    0.8202    0.7324    0.5136
    2.6960    0.8211    0.7324    0.5128
    2.7040    0.8220    0.7324    0.5120
    2.7120    0.8229    0.7323    0.5112
    2.7200    0.8238    0.7322    0.5104
    2.7280    0.8247    0.7321    0.5097
    2.7360    0.8256    0.7320    0.5090
    2.7440    0.8265    0.7318    0.5084
    2.7520    0.8274    0.7317    0.5078
    2.7600    0.8284    0.7315    0.5072
    2.7680    0.8293    0.7313    0.5067
    2.7760    0.8302    0.7311    0.5063
    2.7840    0.8312    0.7308    0.5058
    2.7920    0.8321    0.7306    0.5055
    2.8000    0.8331    0.7303    0.5051
    2.8080    0.8340    0.7300    0.5048
    2.8160    0.8350    0.7297    0.5046
    2.8240    0.8360    0.7294    0.5044
    2.8320    0.8369    0.7290    0.5042
    2.8400    0.8379    0.7287    0.5041
    2.8480    0.8389    0.7283    0.5040
    2.8560    0.8398    0.7279    0.5040
    2.8640    0.8408    0.7275    0.5040
    2.8720    0.8418    0.7271    0.5041
    2.8800    0.8428    0.7266    0.5042
    2.8880    0.8438    0.7262    0.5044
    2.8960    0.8448    0.7257    0.5046
    2.9040    0.8457    0.7252    0.5048
    2.9120    0.8467    0.7247    0.5051
    2.9200    0.8477    0.7242    0.5055
    2.9280    0.8487    0.7236    0.5058
    2.9360    0.8497    0.7231    0.5063
    2.9440    0.8507    0.7225    0.5067
    2.9520    0.8517    0.7219    0.5072
    2.9600    0.8527    0.7213    0.5078
    2.9680    0.8537    0.7207    0.5084
    2.9760    0.8547    0.7201    0.5090
    2.9840    0.8557    0.7194    0.5097
    2.9920    0.8567    0.7188    0.5104
    3.0000    0.8577    0.7181    0.5111
    3.0080    0.8587    0.7174    0.5119
    3.0160    0.8597    0.7167    0.5127
    3.0240    0.8606    0.7160    0.5136
    3.0320    0.8616    0.7152    0.5145
    3.0400    0.8626    0.7145    0.5154
    3.0480    0.8636    0.7137    0.5163
    3.0560    0.8646    0.7130    0.5173
    3.0640    0.8656    0.7122    0.5183
    3.0720    0.8665    0.7114    0.5193
    3.0800    0.8675    0.7106    0.5204
    3.0880    0.8685    0.7098    0.5215
    3.0960    0.8695    0.7089    0.5226
    3.1040    0.8704    0.7081    0.5238
    3.1120    0.8714    0.7072    0.5249
    3.1200    0.8723    0.7064    0.5261
    3.1280    0.8733    0.7055    0.5273
    3.1360    0.8742    0.7046    0.5285
    3.1440    0.8752    0.7037    0.5298
    3.1520    0.8761    0.7028    0.5310
    3.1600    0.8770    0.7019    0.5323
    3.1680    0.8780    0.7009    0.5336
    3.1760    0.8789    0.7000    0.5349
    3.1840    0.8798    0.6991    0.5362
    3.1920    0.8807    0.6981    0.5375
    3.2000    0.8816    0.6971    0.5388
    3.2080    0.8825    0.6962    0.5401
    3.2160    0.8834    0.6952    0.5415
    3.2240    0.8843    0.6942    0.5428
    3.2320    0.8852    0.6932    0.5441
    3.2400    0.8860    0.6922    0.5455
    3.2480    0.8869    0.6912    0.5468
    3.2560    0.8878    0.6902    0.5482
    3.2640    0.8886    0.6892    0.5495
    3.2720    0.8895    0.6881    0.5509
    3.2800    0.8903    0.6871    0.5522
    3.2880    0.8911    0.6861    0.5535
    3.2960    0.8919    0.6850    0.5548
    3.3040    0.8927    0.6840    0.5562
    3.3120    0.8935    0.6829    0.5575
    3.3200    0.8943    0.6819    0.5588
    3.3280    0.8951    0.6808    0.5601
    3.3360    0.8959    0.6797    0.5613
    3.3440    0.8966    0.6787    0.5626
    3.3520    0.8974    0.6776    0.5638
    3.3600    0.8981    0.6766    0.5651
    3.3680    0.8989    0.6755    0.5663
    3.3760    0.8996    0.6744    0.5675
    3.3840    0.9003    0.6733    0.5687
    3.3920    0.9010    0.6723    0.5698
    3.4000    0.9017    0.6712    0.5710
    3.4080    0.9024    0.6701    0.5721
    3.4160    0.9031    0.6691    0.5732
    3.4240    0.9037    0.6680    0.5742
    3.4320    0.9044    0.6669    0.5753
    3.4400    0.9050    0.6658    0.5763
    3.4480    0.9056    0.6648    0.5773
    3.4560    0.9062    0.6637    0.5783
    3.4640    0.9068    0.6627    0.5792
    3.4720    0.9074    0.6616    0.5801
    3.4800    0.9080    0.6606    0.5810
    3.4880    0.9086    0.6595    0.5819
    3.4960    0.9091    0.6585    0.5827
    3.5040    0.9097    0.6574    0.5835
    3.5120    0.9102    0.6564    0.5843
    3.5200    0.9107    0.6554    0.5850
    3.5280    0.9112    0.6543    0.5858
    3.5360    0.9117    0.6533    0.5864
    3.5440    0.9122    0.6523    0.5871
    3.5520    0.9127    0.6513    0.5877
    3.5600    0.9131    0.6503    0.5883
    3.5680    0.9135    0.6494    0.5888
    3.5760    0.9140    0.6484    0.5893
    3.5840    0.9144    0.6474    0.5898
    3.5920    0.9148    0.6465    0.5902
    3.6000    0.9152    0.6455    0.5906
    3.6080    0.9155    0.6446    0.5910
    3.6160    0.9159    0.6437    0.5913
    3.6240    0.9163    0.6428    0.5916
    3.6320    0.9166    0.6419    0.5919
    3.6400    0.9169    0.6410    0.5921
    3.6480    0.9172    0.6401    0.5923
    3.6560    0.9175    0.6392    0.5924
    3.6640    0.9178    0.6384    0.5925
    3.6720    0.9181    0.6376    0.5926
    3.6800    0.9183    0.6367    0.5927
    3.6880    0.9185    0.6359    0.5927
    3.6960    0.9188    0.6351    0.5926
    3.7040    0.9190    0.6344    0.5926
    3.7120    0.9192    0.6336    0.5924
    3.7200    0.9194    0.6329    0.5923
    3.7280    0.9195    0.6322    0.5921
    3.7360    0.9197    0.6315    0.5919
    3.7440    0.9198    0.6308    0.5916
    3.7520    0.9200    0.6301    0.5914
    3.7600    0.9201    0.6294    0.5910
    3.7680    0.9202    0.6288    0.5907
    3.7760    0.9203    0.6282    0.5903
    3.7840    0.9203    0.6276    0.5898
    3.7920    0.9204    0.6270    0.5894
    3.8000    0.9204    0.6265    0.5889
    3.8080    0.9205    0.6260    0.5884
    3.8160    0.9205    0.6254    0.5878
    3.8240    0.9205    0.6250    0.5872
    3.8320    0.9205    0.6245    0.5866
    3.8400    0.9205    0.6241    0.5859
    3.8480    0.9204    0.6236    0.5852
    3.8560    0.9204    0.6232    0.5845
    3.8640    0.9203    0.6229    0.5837
    3.8720    0.9202    0.6225    0.5830
    3.8800    0.9202    0.6222    0.5822
    3.8880    0.9201    0.6219    0.5813
    3.8960    0.9199    0.6216    0.5805
    3.9040    0.9198    0.6213    0.5796
    3.9120    0.9197    0.6211    0.5787
    3.9200    0.9195    0.6209    0.5777
    3.9280    0.9194    0.6207    0.5767
    3.9360    0.9192    0.6206    0.5758
    3.9440    0.9190    0.6204    0.5747
    3.9520    0.9188    0.6203    0.5737
    3.9600    0.9186    0.6202    0.5727
    3.9680    0.9183    0.6202    0.5716
    3.9760    0.9181    0.6202    0.5705
    3.9840    0.9179    0.6201    0.5694
    3.9920    0.9176    0.6202    0.5682
    4.0000    0.9173    0.6202    0.5671
    4.0080    0.9170    0.6203    0.5659
    4.0160    0.9167    0.6204    0.5648
    4.0240    0.9164    0.6205    0.5636
    4.0320    0.9161    0.6207    0.5624
    4.0400    0.9158    0.6209    0.5612
    4.0480    0.9154    0.6211    0.5599
    4.0560    0.9151    0.6213    0.5587
    4.0640    0.9147    0.6216    0.5575
    4.0720    0.9143    0.6219    0.5562
    4.0800    0.9139    0.6222    0.5550
    4.0880    0.9135    0.6225    0.5537
    4.0960    0.9131    0.6229    0.5524
    4.1040    0.9127    0.6233    0.5512
    4.1120    0.9123    0.6237    0.5499
    4.1200    0.9119    0.6242    0.5487
    4.1280    0.9114    0.6246    0.5474
    4.1360    0.9109    0.6251    0.5461
    4.1440    0.9105    0.6256    0.5449
    4.1520    0.9100    0.6262    0.5436
    4.1600    0.9095    0.6268    0.5424
    4.1680    0.9090    0.6274    0.5411
    4.1760    0.9085    0.6280    0.5399
    4.1840    0.9080    0.6286    0.5387
    4.1920    0.9075    0.6293    0.5375
    4.2000    0.9069    0.6300    0.5363
    4.2080    0.9064    0.6307    0.5351
    4.2160    0.9059    0.6315    0.5339
    4.2240    0.9053    0.6322    0.5328
    4.2320    0.9047    0.6330    0.5316
    4.2400    0.9042    0.6338    0.5305
    4.2480    0.9036    0.6347    0.5294
    4.2560    0.9030    0.6355    0.5283
    4.2640    0.9024    0.6364    0.5273
    4.2720    0.9018    0.6373    0.5262
    4.2800    0.9012    0.6382    0.5252
    4.2880    0.9005    0.6392    0.5242
    4.2960    0.8999    0.6401    0.5233
    4.3040    0.8993    0.6411    0.5223
    4.3120    0.8986    0.6421    0.5214
    4.3200    0.8980    0.6431    0.5205
    4.3280    0.8973    0.6441    0.5197
    4.3360    0.8967    0.6452    0.5188
    4.3440    0.8960    0.6463    0.5181
    4.3520    0.8953    0.6473    0.5173
    4.3600    0.8946    0.6484    0.5166
    4.3680    0.8939    0.6496    0.5159
    4.3760    0.8932    0.6507    0.5152
    4.3840    0.8925    0.6518    0.5146
    4.3920    0.8918    0.6530    0.5140
    4.4000    0.8911    0.6542    0.5135
    4.4080    0.8904    0.6554    0.5129
    4.4160    0.8897    0.6566    0.5125
    4.4240    0.8889    0.6578    0.5120
    4.4320    0.8882    0.6590    0.5116
    4.4400    0.8875    0.6602    0.5113
    4.4480    0.8867    0.6615    0.5109
    4.4560    0.8860    0.6627    0.5107
    4.4640    0.8852    0.6640    0.5104
    4.4720    0.8845    0.6652    0.5102
    4.4800    0.8837    0.6665    0.5101
    4.4880    0.8829    0.6678    0.5099
    4.4960    0.8821    0.6691    0.5099
    4.5040    0.8814    0.6704    0.5098
    4.5120    0.8806    0.6717    0.5098
    4.5200    0.8798    0.6730    0.5099
    4.5280    0.8790    0.6743    0.5099
    4.5360    0.8782    0.6756    0.5101
    4.5440    0.8774    0.6769    0.5102
    4.5520    0.8766    0.6782    0.5104
    4.5600    0.8758    0.6796    0.5107
    4.5680    0.8750    0.6809    0.5110
    4.5760    0.8742    0.6822    0.5113
    4.5840    0.8734    0.6835    0.5116
    4.5920    0.8726    0.6849    0.5120
    4.6000    0.8718    0.6862    0.5125
    4.6080    0.8709    0.6875    0.5129
    4.6160    0.8701    0.6888    0.5134
    4.6240    0.8693    0.6902    0.5140
    4.6320    0.8684    0.6915    0.5146
    4.6400    0.8676    0.6928    0.5152
    4.6480    0.8668    0.6941    0.5158
    4.6560    0.8659    0.6954    0.5165
    4.6640    0.8651    0.6967    0.5172
    4.6720    0.8643    0.6980    0.5179
    4.6800    0.8634    0.6992    0.5187
    4.6880    0.8626    0.7005    0.5195
    4.6960    0.8617    0.7018    0.5203
    4.7040    0.8609    0.7030    0.5212
    4.7120    0.8600    0.7043    0.5221
    4.7200    0.8592    0.7055    0.5230
    4.7280    0.8583    0.7068    0.5239
    4.7360    0.8575    0.7080    0.5248
    4.7440    0.8566    0.7092    0.5258
    4.7520    0.8558    0.7104    0.5268
    4.7600    0.8549    0.7116    0.5278
    4.7680    0.8540    0.7127    0.5289
    4.7760    0.8532    0.7139    0.5299
    4.7840    0.8523    0.7151    0.5310
    4.7920    0.8515    0.7162    0.5321
    4.8000    0.8506    0.7173    0.5332
    4.8080    0.8497    0.7184    0.5343
    4.8160    0.8489    0.7195    0.5354
    4.8240    0.8480    0.7206    0.5365
    4.8320    0.8472    0.7216    0.5377
    4.8400    0.8463    0.7227    0.5388
    4.8480    0.8454    0.7237    0.5400
    4.8560    0.8446    0.7247    0.5411
    4.8640    0.8437    0.7257    0.5423
    4.8720    0.8429    0.7266    0.5435
    4.8800    0.8420    0.7276    0.5446
    4.8880    0.8412    0.7285    0.5458
    4.8960    0.8403    0.7294    0.5470
    4.9040    0.8394    0.7303    0.5482
    4.9120    0.8386    0.7312    0.5493
    4.9200    0.8377    0.7320    0.5505
    4.9280    0.8369    0.7329    0.5517
    4.9360    0.8360    0.7337    0.5528
    4.9440    0.8352    0.7344    0.5540
    4.9520    0.8343    0.7352    0.5551
    4.9600    0.8335    0.7359    0.5562
    4.9680    0.8326    0.7367    0.5574
    4.9760    0.8318    0.7373    0.5585
    4.9840    0.8310    0.7380    0.5596
    4.9920    0.8301    0.7387    0.5607
    5.0000    0.8293    0.7393    0.5618
    5.0080    0.8284    0.7399    0.5628
    5.0160    0.8276    0.7405    0.5639
    5.0240    0.8268    0.7410    0.5649
    5.0320    0.8260    0.7415    0.5659
    5.0400    0.8251    0.7420    0.5669
    5.0480    0.8243    0.7425    0.5679
    5.0560    0.8235    0.7429    0.5689
    5.0640    0.8227    0.7434    0.5698
    5.0720    0.8219    0.7438    0.5707
    5.0800    0.8210    0.7441    0.5716
    5.0880    0.8202    0.7445    0.5725
    5.0960    0.8194    0.7448    0.5734
    5.1040    0.8186    0.7451    0.5742
    5.1120    0.8178    0.7453    0.5750
    5.1200    0.8170    0.7456    0.5758
    5.1280    0.8163    0.7458    0.5765
    5.1360    0.8155    0.7460    0.5772
    5.1440    0.8147    0.7461    0.5780
    5.1520    0.8139    0.7462    0.5786
    5.1600    0.8131    0.7463    0.5793
    5.1680    0.8124    0.7464    0.5799
    5.1760    0.8116    0.7465    0.5805
    5.1840    0.8109    0.7465    0.5810
    5.1920    0.8101    0.7465    0.5816
    5.2000    0.8094    0.7464    0.5821
    5.2080    0.8086    0.7464    0.5825
    5.2160    0.8079    0.7463    0.5830
    5.2240    0.8072    0.7462    0.5834
    5.2320    0.8064    0.7460    0.5838
    5.2400    0.8057    0.7458    0.5841
    5.2480    0.8050    0.7456    0.5844
    5.2560    0.8043    0.7454    0.5847
    5.2640    0.8036    0.7452    0.5850
    5.2720    0.8029    0.7449    0.5852
    5.2800    0.8022    0.7446    0.5854
    5.2880    0.8015    0.7442    0.5855
    5.2960    0.8009    0.7439    0.5857
    5.3040    0.8002    0.7435    0.5857
    5.3120    0.7995    0.7431    0.5858
    5.3200    0.7989    0.7426    0.5858
    5.3280    0.7983    0.7422    0.5858
    5.3360    0.7976    0.7417    0.5858
    5.3440    0.7970    0.7411    0.5857
    5.3520    0.7964    0.7406    0.5856
    5.3600    0.7958    0.7400    0.5855
    5.3680    0.7952    0.7394    0.5853
    5.3760    0.7946    0.7388    0.5851
    5.3840    0.7940    0.7382    0.5849
    5.3920    0.7934    0.7375    0.5846
    5.4000    0.7929    0.7368    0.5844
    5.4080    0.7923    0.7361    0.5840
    5.4160    0.7918    0.7354    0.5837
    5.4240    0.7912    0.7346    0.5833
    5.4320    0.7907    0.7338    0.5829
    5.4400    0.7902    0.7330    0.5825
    5.4480    0.7897    0.7322    0.5820
    5.4560    0.7892    0.7314    0.5815
    5.4640    0.7887    0.7305    0.5810
    5.4720    0.7882    0.7296    0.5805
    5.4800    0.7878    0.7287    0.5799
    5.4880    0.7873    0.7278    0.5793
    5.4960    0.7869    0.7268    0.5787
    5.5040    0.7865    0.7259    0.5780
    5.5120    0.7861    0.7249    0.5773
    5.5200    0.7857    0.7239    0.5766
    5.5280    0.7853    0.7228    0.5759
    5.5360    0.7849    0.7218    0.5752
    5.5440    0.7845    0.7207    0.5744
    5.5520    0.7842    0.7197    0.5736
    5.5600    0.7839    0.7186    0.5728
    5.5680    0.7835    0.7175    0.5720
    5.5760    0.7832    0.7164    0.5711
    5.5840    0.7829    0.7152    0.5703
    5.5920    0.7827    0.7141    0.5694
    5.6000    0.7824    0.7129    0.5685
    5.6080    0.7821    0.7118    0.5676
    5.6160    0.7819    0.7106    0.5667
    5.6240    0.7817    0.7094    0.5657
    5.6320    0.7815    0.7082    0.5648
    5.6400    0.7813    0.7070    0.5638
    5.6480    0.7811    0.7057    0.5629
    5.6560    0.7810    0.7045    0.5619
    5.6640    0.7808    0.7033    0.5609
    5.6720    0.7807    0.7020    0.5599
    5.6800    0.7806    0.7007    0.5589
    5.6880    0.7805    0.6995    0.5579
    5.6960    0.7804    0.6982    0.5568
    5.7040    0.7804    0.6969    0.5558
    5.7120    0.7803    0.6957    0.5548
    5.7200    0.7803    0.6944    0.5538
    5.7280    0.7803    0.6931    0.5527
    5.7360    0.7803    0.6918    0.5517
    5.7440    0.7803    0.6905    0.5507
    5.7520    0.7803    0.6892    0.5497
    5.7600    0.7804    0.6879    0.5486
    5.7680    0.7805    0.6866    0.5476
    5.7760    0.7806    0.6853    0.5466
    5.7840    0.7807    0.6840    0.5456
    5.7920    0.7808    0.6827    0.5446
    5.8000    0.7810    0.6814    0.5436
    5.8080    0.7811    0.6801    0.5426
    5.8160    0.7813    0.6788    0.5417
    5.8240    0.7815    0.6775    0.5407
    5.8320    0.7817    0.6763    0.5398
    5.8400    0.7820    0.6750    0.5388
    5.8480    0.7822    0.6737    0.5379
    5.8560    0.7825    0.6725    0.5370
    5.8640    0.7828    0.6712    0.5361
    5.8720    0.7831    0.6700    0.5352
    5.8800    0.7835    0.6687    0.5344
    5.8880    0.7838    0.6675    0.5336
    5.8960    0.7842    0.6663    0.5328
    5.9040    0.7846    0.6651    0.5320
    5.9120    0.7850    0.6639    0.5312
    5.9200    0.7854    0.6627    0.5305
    5.9280    0.7858    0.6615    0.5297
    5.9360    0.7863    0.6604    0.5290
    5.9440    0.7868    0.6592    0.5284
    5.9520    0.7873    0.6581    0.5277
    5.9600    0.7878    0.6570    0.5271
    5.9680    0.7883    0.6559    0.5265
    5.9760    0.7889    0.6548    0.5260
    5.9840    0.7895    0.6537    0.5254
    5.9920    0.7901    0.6527    0.5249
    6.0000    0.7907    0.6516    0.5244
    6.0080    0.7913    0.6506    0.5240
    6.0160    0.7919    0.6496    0.5236
    6.0240    0.7926    0.6487    0.5232
    6.0320    0.7933    0.6477    0.5229
    6.0400    0.7940    0.6468    0.5226
    6.0480    0.7947    0.6458    0.5223
    6.0560    0.7954    0.6450    0.5220
    6.0640    0.7962    0.6441    0.5218
    6.0720    0.7969    0.6432    0.5216
    6.0800    0.7977    0.6424    0.5215
    6.0880    0.7985    0.6416    0.5214
    6.0960    0.7993    0.6408    0.5213
    6.1040    0.8002    0.6401    0.5213
    6.1120    0.8010    0.6393    0.5212
    6.1200    0.8019    0.6386    0.5213
    6.1280    0.8028    0.6379    0.5213
    6.1360    0.8036    0.6373    0.5214
    6.1440    0.8046    0.6366    0.5216
    6.1520    0.8055    0.6360    0.5217
    6.1600    0.8064    0.6355    0.5219
    6.1680    0.8074    0.6349    0.5221
    6.1760    0.8083    0.6344    0.5224
    6.1840    0.8093    0.6339    0.5227
    6.1920    0.8103    0.6334    0.5230
    6.2000    0.8113    0.6330    0.5234
    6.2080    0.8123    0.6325    0.5238
    6.2160    0.8134    0.6321    0.5242
    6.2240    0.8144    0.6318    0.5247
    6.2320    0.8155    0.6314    0.5252
    6.2400    0.8165    0.6311    0.5257
    6.2480    0.8176    0.6309    0.5262
    6.2560    0.8187    0.6306    0.5268
    6.2640    0.8198    0.6304    0.5274
    6.2720    0.8209    0.6302    0.5280
    6.2800    0.8220    0.6300    0.5287
    6.2880    0.8232    0.6299    0.5293
    6.2960    0.8243    0.6298    0.5301
    6.3040    0.8255    0.6297    0.5308
    6.3120    0.8266    0.6297    0.5315
    6.3200    0.8278    0.6296    0.5323
    6.3280    0.8290    0.6296    0.5331
    6.3360    0.8302    0.6297    0.5339
    6.3440    0.8314    0.6297    0.5347
    6.3520    0.8326    0.6298    0.5356
    6.3600    0.8338    0.6299    0.5365
    6.3680    0.8350    0.6301    0.5373
    6.3760    0.8362    0.6302    0.5382
    6.3840    0.8375    0.6304    0.5392
    6.3920    0.8387    0.6307    0.5401
    6.4000    0.8400    0.6309    0.5410
    6.4080    0.8412    0.6312    0.5420
    6.4160    0.8425    0.6315    0.5429
    6.4240    0.8437    0.6318    0.5439
    6.4320    0.8450    0.6322    0.5449
    6.4400    0.8462    0.6325    0.5459
    6.4480    0.8475    0.6329    0.5469
    6.4560    0.8488    0.6334    0.5479
    6.4640    0.8501    0.6338    0.5489
    6.4720    0.8513    0.6343    0.5499
    6.4800    0.8526    0.6348    0.5509
    6.4880    0.8539    0.6353    0.5519
    6.4960    0.8552    0.6358    0.5529
    6.5040    0.8565    0.6364    0.5539
    6.5120    0.8577    0.6370    0.5549
    6.5200    0.8590    0.6376    0.5559
    6.5280    0.8603    0.6382    0.5569
    6.5360    0.8616    0.6389    0.5579
    6.5440    0.8629    0.6395    0.5589
    6.5520    0.8642    0.6402    0.5599
    6.5600    0.8654    0.6409    0.5608
    6.5680    0.8667    0.6416    0.5618
    6.5760    0.8680    0.6424    0.5628
    6.5840    0.8693    0.6431    0.5637
    6.5920    0.8706    0.6439    0.5646
    6.6000    0.8718    0.6447    0.5655
    6.6080    0.8731    0.6455    0.5664
    6.6160    0.8744    0.6463    0.5673
    6.6240    0.8756    0.6471    0.5682
    6.6320    0.8769    0.6480    0.5691
    6.6400    0.8781    0.6488    0.5699
    6.6480    0.8794    0.6497    0.5707
    6.6560    0.8806    0.6506    0.5715
    6.6640    0.8818    0.6515    0.5723
    6.6720    0.8831    0.6524    0.5731
    6.6800    0.8843    0.6533    0.5738
    6.6880    0.8855    0.6542    0.5745
    6.6960    0.8867    0.6552    0.5752
    6.7040    0.8879    0.6561    0.5759
    6.7120    0.8891    0.6571    0.5766
    6.7200    0.8903    0.6580    0.5772
    6.7280    0.8914    0.6590    0.5778
    6.7360    0.8926    0.6600    0.5784
    6.7440    0.8938    0.6609    0.5789
    6.7520    0.8949    0.6619    0.5794
    6.7600    0.8961    0.6629    0.5799
    6.7680    0.8972    0.6639    0.5804
    6.7760    0.8983    0.6649    0.5808
    6.7840    0.8994    0.6659    0.5813
    6.7920    0.9005    0.6669    0.5816
    6.8000    0.9016    0.6679    0.5820
    6.8080    0.9027    0.6689    0.5823
    6.8160    0.9038    0.6699    0.5826
    6.8240    0.9048    0.6709    0.5829
    6.8320    0.9059    0.6719    0.5831
    6.8400    0.9069    0.6729    0.5833
    6.8480    0.9079    0.6739    0.5835
    6.8560    0.9089    0.6749    0.5837
    6.8640    0.9099    0.6759    0.5838
    6.8720    0.9109    0.6768    0.5839
    6.8800    0.9119    0.6778    0.5839
    6.8880    0.9128    0.6788    0.5839
    6.8960    0.9138    0.6798    0.5839
    6.9040    0.9147    0.6808    0.5839
    6.9120    0.9156    0.6817    0.5838
    6.9200    0.9165    0.6827    0.5837
    6.9280    0.9174    0.6837    0.5835
    6.9360    0.9183    0.6846    0.5834
    6.9440    0.9191    0.6855    0.5832
    6.9520    0.9200    0.6865    0.5829
    6.9600    0.9208    0.6874    0.5827
    6.9680    0.9216    0.6883    0.5824
    6.9760    0.9224    0.6892    0.5820
    6.9840    0.9232    0.6901    0.5817
    6.9920    0.9239    0.6910    0.5813
    7.0000    0.9247    0.6919    0.5808
    7.0080    0.9254    0.6928    0.5804
    7.0160    0.9261    0.6936    0.5799
    7.0240    0.9268    0.6945    0.5794
    7.0320    0.9275    0.6953    0.5789
    7.0400    0.9282    0.6961    0.5783
    7.0480    0.9288    0.6969    0.5777
    7.0560    0.9294    0.6977    0.5770
    7.0640    0.9301    0.6985    0.5764
    7.0720    0.9307    0.6993    0.5757
    7.0800    0.9312    0.7001    0.5750
    7.0880    0.9318    0.7008    0.5743
    7.0960    0.9323    0.7015    0.5735
    7.1040    0.9329    0.7023    0.5727
    7.1120    0.9334    0.7030    0.5719
    7.1200    0.9339    0.7037    0.5710
    7.1280    0.9343    0.7043    0.5702
    7.1360    0.9348    0.7050    0.5693
    7.1440    0.9352    0.7056    0.5684
    7.1520    0.9357    0.7063    0.5674
    7.1600    0.9361    0.7069    0.5665
    7.1680    0.9364    0.7075    0.5655
    7.1760    0.9368    0.7081    0.5645
    7.1840    0.9372    0.7086    0.5635
    7.1920    0.9375    0.7092    0.5625
    7.2000    0.9378    0.7097    0.5614
    7.2080    0.9381    0.7102    0.5604
    7.2160    0.9384    0.7107    0.5593
    7.2240    0.9386    0.7112    0.5582
    7.2320    0.9388    0.7117    0.5571
    7.2400    0.9391    0.7121    0.5560
    7.2480    0.9393    0.7125    0.5549
    7.2560    0.9394    0.7129    0.5537
    7.2640    0.9396    0.7133    0.5526
    7.2720    0.9398    0.7137    0.5514
    7.2800    0.9399    0.7141    0.5502
    7.2880    0.9400    0.7144    0.5491
    7.2960    0.9401    0.7147    0.5479
    7.3040    0.9401    0.7150    0.5467
    7.3120    0.9402    0.7153    0.5455
    7.3200    0.9402    0.7156    0.5443
    7.3280    0.9402    0.7158    0.5431
    7.3360    0.9402    0.7161    0.5419
    7.3440    0.9402    0.7163    0.5407
    7.3520    0.9402    0.7165    0.5395
    7.3600    0.9401    0.7167    0.5383
    7.3680    0.9400    0.7168    0.5371
    7.3760    0.9399    0.7170    0.5359
    7.3840    0.9398    0.7171    0.5348
    7.3920    0.9397    0.7172    0.5336
    7.4000    0.9395    0.7173    0.5324
    7.4080    0.9394    0.7174    0.5313
    7.4160    0.9392    0.7174    0.5301
    7.4240    0.9390    0.7174    0.5290
    7.4320    0.9388    0.7175    0.5279
    7.4400    0.9385    0.7175    0.5268
    7.4480    0.9383    0.7174    0.5257
    7.4560    0.9380    0.7174    0.5246
    7.4640    0.9377    0.7174    0.5236
    7.4720    0.9374    0.7173    0.5225
    7.4800    0.9371    0.7172    0.5215
    7.4880    0.9367    0.7171    0.5205
    7.4960    0.9364    0.7170    0.5195
    7.5040    0.9360    0.7168    0.5186
    7.5120    0.9356    0.7167    0.5176
    7.5200    0.9352    0.7165    0.5167
    7.5280    0.9348    0.7163    0.5158
    7.5360    0.9343    0.7161    0.5150
    7.5440    0.9339    0.7159    0.5142
    7.5520    0.9334    0.7157    0.5134
    7.5600    0.9329    0.7154    0.5126
    7.5680    0.9324    0.7152    0.5119
    7.5760    0.9319    0.7149    0.5112
    7.5840    0.9313    0.7146    0.5105
    7.5920    0.9308    0.7143    0.5099
    7.6000    0.9302    0.7139    0.5093
    7.6080    0.9296    0.7136    0.5087
    7.6160    0.9290    0.7132    0.5082
    7.6240    0.9284    0.7129    0.5077
    7.6320    0.9278    0.7125    0.5072
    7.6400    0.9272    0.7121    0.5068
    7.6480    0.9265    0.7117    0.5064
    7.6560    0.9258    0.7112    0.5060
    7.6640    0.9251    0.7108    0.5057
    7.6720    0.9244    0.7103    0.5055
    7.6800    0.9237    0.7099    0.5052
    7.6880    0.9230    0.7094    0.5050
    7.6960    0.9223    0.7089    0.5049
    7.7040    0.9215    0.7084    0.5048
    7.7120    0.9207    0.7079    0.5047
    7.7200    0.9200    0.7074    0.5047
    7.7280    0.9192    0.7068    0.5047
    7.7360    0.9184    0.7063    0.5048
    7.7440    0.9175    0.7057    0.5049
    7.7520    0.9167    0.7051    0.5050
    7.7600    0.9159    0.7045    0.5052
    7.7680    0.9150    0.7039    0.5054
    7.7760    0.9141    0.7033    0.5057
    7.7840    0.9133    0.7027    0.5060
    7.7920    0.9124    0.7021    0.5063
    7.8000    0.9115    0.7015    0.5067
    7.8080    0.9106    0.7008    0.5071
    7.8160    0.9096    0.7002    0.5076
    7.8240    0.9087    0.6995    0.5081
    7.8320    0.9078    0.6988    0.5086
    7.8400    0.9068    0.6982    0.5092
    7.8480    0.9058    0.6975    0.5098
    7.8560    0.9049    0.6968    0.5105
    7.8640    0.9039    0.6961    0.5111
    7.8720    0.9029    0.6954    0.5119
    7.8800    0.9019    0.6947    0.5126
    7.8880    0.9009    0.6940    0.5134
    7.8960    0.8999    0.6932    0.5143
    7.9040    0.8988    0.6925    0.5151
    7.9120    0.8978    0.6918    0.5160
    7.9200    0.8967    0.6910    0.5169
    7.9280    0.8957    0.6903    0.5179
    7.9360    0.8946    0.6895    0.5189
    7.9440    0.8935    0.6888    0.5199
    7.9520    0.8925    0.6880    0.5209
    7.9600    0.8914    0.6872    0.5220
    7.9680    0.8903    0.6865    0.5230
    7.9760    0.8892    0.6857    0.5242
    7.9840    0.8881    0.6849    0.5253
    7.9920    0.8870    0.6842    0.5264
    8.0000    0.8859    0.6834    0.5276
    8.0080    0.8847    0.6826    0.5288
    8.0160    0.8836    0.6818    0.5300
    8.0240    0.8825    0.6811    0.5313
    8.0320    0.8813    0.6803    0.5325
    8.0400    0.8802    0.6795    0.5338
    8.0480    0.8790    0.6787    0.5350
    8.0560    0.8779    0.6779    0.5363
    8.0640    0.8767    0.6772    0.5376
    8.0720    0.8755    0.6764    0.5389
    8.0800    0.8744    0.6756    0.5402
    8.0880    0.8732    0.6748    0.5416
    8.0960    0.8720    0.6741    0.5429
    8.1040    0.8708    0.6733    0.5442
    8.1120    0.8696    0.6725    0.5456
    8.1200    0.8684    0.6718    0.5469
    8.1280    0.8673    0.6710    0.5483
    8.1360    0.8661    0.6702    0.5496
    8.1440    0.8649    0.6695    0.5510
    8.1520    0.8637    0.6687    0.5523
    8.1600    0.8625    0.6680    0.5537
    8.1680    0.8613    0.6672    0.5550
    8.1760    0.8601    0.6665    0.5563
    8.1840    0.8589    0.6658    0.5577
    8.1920    0.8577    0.6650    0.5590
    8.2000    0.8564    0.6643    0.5603
    8.2080    0.8552    0.6636    0.5616
    8.2160    0.8540    0.6629    0.5629
    8.2240    0.8528    0.6622    0.5642
    8.2320    0.8516    0.6615    0.5654
    8.2400    0.8504    0.6608    0.5667
    8.2480    0.8492    0.6601    0.5679
    8.2560    0.8480    0.6594    0.5692
    8.2640    0.8468    0.6588    0.5704
    8.2720    0.8456    0.6581    0.5716
    8.2800    0.8444    0.6575    0.5727
    8.2880    0.8432    0.6568    0.5739
    8.2960    0.8420    0.6562    0.5750
    8.3040    0.8408    0.6556    0.5761
    8.3120    0.8396    0.6550    0.5772
    8.3200    0.8384    0.6544    0.5783
    8.3280    0.8372    0.6538    0.5794
    8.3360    0.8360    0.6532    0.5804
    8.3440    0.8348    0.6526    0.5814
    8.3520    0.8336    0.6521    0.5824
    8.3600    0.8325    0.6515    0.5833
    8.3680    0.8313    0.6510    0.5842
    8.3760    0.8301    0.6505    0.5851
    8.3840    0.8290    0.6500    0.5860
    8.3920    0.8278    0.6495    0.5868
    8.4000    0.8266    0.6490    0.5876
    8.4080    0.8255    0.6485    0.5884
    8.4160    0.8243    0.6481    0.5892
    8.4240    0.8232    0.6476    0.5899
    8.4320    0.8221    0.6472    0.5906
    8.4400    0.8209    0.6468    0.5912
    8.4480    0.8198    0.6464    0.5919
    8.4560    0.8187    0.6460    0.5925
    8.4640    0.8176    0.6456    0.5930
    8.4720    0.8165    0.6453    0.5935
    8.4800    0.8154    0.6449    0.5940
    8.4880    0.8143    0.6446    0.5945
    8.4960    0.8132    0.6443    0.5949
    8.5040    0.8122    0.6440    0.5953
    8.5120    0.8111    0.6437    0.5957
    8.5200    0.8101    0.6435    0.5960
    8.5280    0.8090    0.6432    0.5963
    8.5360    0.8080    0.6430    0.5965
    8.5440    0.8069    0.6428    0.5968
    8.5520    0.8059    0.6426    0.5969
    8.5600    0.8049    0.6424    0.5971
    8.5680    0.8039    0.6422    0.5972
    8.5760    0.8029    0.6421    0.5973
    8.5840    0.8020    0.6419    0.5973
    8.5920    0.8010    0.6418    0.5973
    8.6000    0.8000    0.6417    0.5973
    8.6080    0.7991    0.6416    0.5972
    8.6160    0.7982    0.6416    0.5971
    8.6240    0.7972    0.6415    0.5970
    8.6320    0.7963    0.6415    0.5968
    8.6400    0.7954    0.6415    0.5966
    8.6480    0.7946    0.6415    0.5964
    8.6560    0.7937    0.6415    0.5961
    8.6640    0.7928    0.6416    0.5958
    8.6720    0.7920    0.6416    0.5955
    8.6800    0.7912    0.6417    0.5951
    8.6880    0.7903    0.6418    0.5947
    8.6960    0.7895    0.6419    0.5942
    8.7040    0.7888    0.6421    0.5938
    8.7120    0.7880    0.6422    0.5933
    8.7200    0.7872    0.6424    0.5927
    8.7280    0.7865    0.6426    0.5922
    8.7360    0.7858    0.6428    0.5916
    8.7440    0.7850    0.6430    0.5909
    8.7520    0.7844    0.6433    0.5903
    8.7600    0.7837    0.6435    0.5896
    8.7680    0.7830    0.6438    0.5889
    8.7760    0.7824    0.6441    0.5881
    8.7840    0.7817    0.6444    0.5873
    8.7920    0.7811    0.6447    0.5865
    8.8000    0.7805    0.6451    0.5857
    8.8080    0.7799    0.6455    0.5849
    8.8160    0.7794    0.6458    0.5840
    8.8240    0.7788    0.6463    0.5831
    8.8320    0.7783    0.6467    0.5822
    8.8400    0.7778    0.6471    0.5812
    8.8480    0.7773    0.6476    0.5803
    8.8560    0.7768    0.6480    0.5793
    8.8640    0.7764    0.6485    0.5783
    8.8720    0.7759    0.6490    0.5772
    8.8800    0.7755    0.6496    0.5762
    8.8880    0.7751    0.6501    0.5751
    8.8960    0.7748    0.6507    0.5740
    8.9040    0.7744    0.6512    0.5729
    8.9120    0.7741    0.6518    0.5718
    8.9200    0.7737    0.6524    0.5707
    8.9280    0.7735    0.6530    0.5695
    8.9360    0.7732    0.6537    0.5684
    8.9440    0.7729    0.6543    0.5672
    8.9520    0.7727    0.6550    0.5660
    8.9600    0.7725    0.6557    0.5648
    8.9680    0.7723    0.6564    0.5637
    8.9760    0.7721    0.6571    0.5624
    8.9840    0.7719    0.6578    0.5612
    8.9920    0.7718    0.6585    0.5600
    9.0000    0.7717    0.6593    0.5588
    9.0080    0.7716    0.6600    0.5576
    9.0160    0.7715    0.6608    0.5564
    9.0240    0.7715    0.6616    0.5551
    9.0320    0.7715    0.6624    0.5539
    9.0400    0.7714    0.6632    0.5527
    9.0480    0.7715    0.6640    0.5515
    9.0560    0.7715    0.6648    0.5502
    9.0640    0.7716    0.6657    0.5490
    9.0720    0.7716    0.6665    0.5478
    9.0800    0.7717    0.6674    0.5466
    9.0880    0.7719    0.6683    0.5454
    9.0960    0.7720    0.6692    0.5442
    9.1040    0.7722    0.6701    0.5430
    9.1120    0.7723    0.6710    0.5419
    9.1200    0.7725    0.6719    0.5407
    9.1280    0.7728    0.6728    0.5396
    9.1360    0.7730    0.6737    0.5385
    9.1440    0.7733    0.6747    0.5373
    9.1520    0.7736    0.6756    0.5362
    9.1600    0.7739    0.6765    0.5352
    9.1680    0.7742    0.6775    0.5341
    9.1760    0.7746    0.6784    0.5331
    9.1840    0.7750    0.6794    0.5320
    9.1920    0.7753    0.6804    0.5310
    9.2000    0.7758    0.6814    0.5301
    9.2080    0.7762    0.6823    0.5291
    9.2160    0.7766    0.6833    0.5282
    9.2240    0.7771    0.6843    0.5273
    9.2320    0.7776    0.6853    0.5264
    9.2400    0.7781    0.6863    0.5255
    9.2480    0.7787    0.6873    0.5247
    9.2560    0.7792    0.6882    0.5239
    9.2640    0.7798    0.6892    0.5231
    9.2720    0.7804    0.6902    0.5224
    9.2800    0.7810    0.6912    0.5217
    9.2880    0.7816    0.6922    0.5210
    9.2960    0.7823    0.6932    0.5204
    9.3040    0.7829    0.6942    0.5198
    9.3120    0.7836    0.6952    0.5192
    9.3200    0.7843    0.6962    0.5186
    9.3280    0.7850    0.6972    0.5181
    9.3360    0.7858    0.6981    0.5176
    9.3440    0.7865    0.6991    0.5172
    9.3520    0.7873    0.7001    0.5168
    9.3600    0.7881    0.7011    0.5164
    9.3680    0.7889    0.7020    0.5161
    9.3760    0.7897    0.7030    0.5158
    9.3840    0.7905    0.7039    0.5155
    9.3920    0.7914    0.7049    0.5153
    9.4000    0.7923    0.7058    0.5151
    9.4080    0.7931    0.7068    0.5150
    9.4160    0.7940    0.7077    0.5149
    9.4240    0.7949    0.7086    0.5148
    9.4320    0.7959    0.7095    0.5148
    9.4400    0.7968    0.7104    0.5148
    9.4480    0.7978    0.7113    0.5148
    9.4560    0.7987    0.7122    0.5149
    9.4640    0.7997    0.7131    0.5150
    9.4720    0.8007    0.7139    0.5151
    9.4800    0.8017    0.7148    0.5153
    9.4880    0.8027    0.7156    0.5155
    9.4960    0.8037    0.7164    0.5158
    9.5040    0.8048    0.7173    0.5161
    9.5120    0.8058    0.7181    0.5164
    9.5200    0.8069    0.7189    0.5167
    9.5280    0.8079    0.7196    0.5171
    9.5360    0.8090    0.7204    0.5176
    9.5440    0.8101    0.7212    0.5180
    9.5520    0.8112    0.7219    0.5185
    9.5600    0.8123    0.7226    0.5190
    9.5680    0.8134    0.7233    0.5196
    9.5760    0.8146    0.7240    0.5201
    9.5840    0.8157    0.7247    0.5207
    9.5920    0.8168    0.7254    0.5214
    9.6000    0.8180    0.7260    0.5220
    9.6080    0.8191    0.7266    0.5227
    9.6160    0.8203    0.7273    0.5234
    9.6240    0.8215    0.7279    0.5242
    9.6320    0.8226    0.7284    0.5249
    9.6400    0.8238    0.7290    0.5257
    9.6480    0.8250    0.7295    0.5265
    9.6560    0.8262    0.7301    0.5274
    9.6640    0.8274    0.7306    0.5282
    9.6720    0.8286    0.7310    0.5291
    9.6800    0.8298    0.7315    0.5300
    9.6880    0.8310    0.7320    0.5309
    9.6960    0.8322    0.7324    0.5318
    9.7040    0.8335    0.7328    0.5327
    9.7120    0.8347    0.7332    0.5336
    9.7200    0.8359    0.7335    0.5346
    9.7280    0.8371    0.7339    0.5356
    9.7360    0.8383    0.7342    0.5366
    9.7440    0.8396    0.7345    0.5375
    9.7520    0.8408    0.7348    0.5385
    9.7600    0.8420    0.7351    0.5395
    9.7680    0.8433    0.7353    0.5406
    9.7760    0.8445    0.7355    0.5416
    9.7840    0.8457    0.7357    0.5426
    9.7920    0.8469    0.7359    0.5436
    9.8000    0.8482    0.7360    0.5446
    9.8080    0.8494    0.7362    0.5457
    9.8160    0.8506    0.7363    0.5467
    9.8240    0.8518    0.7364    0.5477
    9.8320    0.8531    0.7364    0.5487
    9.8400    0.8543    0.7364    0.5497
    9.8480    0.8555    0.7365    0.5508
    9.8560    0.8567    0.7364    0.5518
    9.8640    0.8579    0.7364    0.5528
    9.8720    0.8591    0.7364    0.5538
    9.8800    0.8603    0.7363    0.5548
    9.8880    0.8615    0.7362    0.5557
    9.8960    0.8627    0.7360    0.5567
    9.9040    0.8639    0.7359    0.5577
    9.9120    0.8651    0.7357    0.5586
    9.9200    0.8663    0.7355    0.5595
    9.9280    0.8675    0.7353    0.5605
    9.9360    0.8686    0.7350    0.5614
    9.9440    0.8698    0.7348    0.5623
    9.9520    0.8710    0.7345    0.5631
    9.9600    0.8721    0.7341    0.5640
    9.9680    0.8732    0.7338    0.5648
    9.9760    0.8744    0.7334    0.5657
    9.9840    0.8755    0.7330    0.5665
    9.9920    0.8766    0.7326    0.5672
   10.0000    0.8777    0.7322    0.5680
   10.0080    0.8788    0.7317    0.5688
   10.0160    0.8799    0.7312    0.5695
   10.0240    0.8810    0.7307    0.5702
   10.0320    0.8821    0.7302    0.5708
   10.0400    0.8832    0.7296    0.5715
   10.0480    0.8842    0.7291    0.5721
   10.0560    0.8853    0.7285    0.5727
   10.0640    0.8863    0.7278    0.5733
   10.0720    0.8874    0.7272    0.5739
   10.0800    0.8884    0.7265    0.5744
   10.0880    0.8894    0.7258    0.5749
   10.0960    0.8904    0.7251    0.5754
   10.1040    0.8914    0.7244    0.5758
   10.1120    0.8924    0.7236    0.5762
   10.1200    0.8933    0.7229    0.5766
   10.1280    0.8943    0.7221    0.5770
   10.1360    0.8952    0.7212    0.5773
   10.1440    0.8962    0.7204    0.5776
   10.1520    0.8971    0.7195    0.5779
   10.1600    0.8980    0.7187    0.5782
   10.1680    0.8989    0.7178    0.5784
   10.1760    0.8998    0.7168    0.5786
   10.1840    0.9006    0.7159    0.5788
   10.1920    0.9015    0.7149    0.5789
   10.2000    0.9023    0.7140    0.5790
   10.2080    0.9032    0.7130    0.5791
   10.2160    0.9040    0.7119    0.5791
   10.2240    0.9048    0.7109    0.5791
   10.2320    0.9056    0.7099    0.5791
   10.2400    0.9064    0.7088    0.5791
   10.2480    0.9071    0.7077    0.5790
   10.2560    0.9079    0.7066    0.5789
   10.2640    0.9086    0.7055    0.5787
   10.2720    0.9094    0.7044    0.5786
   10.2800    0.9101    0.7032    0.5784
   10.2880    0.9108    0.7021    0.5782
   10.2960    0.9115    0.7009    0.5779
   10.3040    0.9121    0.6997    0.5776
   10.3120    0.9128    0.6985    0.5773
   10.3200    0.9134    0.6973    0.5770
   10.3280    0.9140    0.6961    0.5766
   10.3360    0.9147    0.6948    0.5762
   10.3440    0.9153    0.6936    0.5758
   10.3520    0.9158    0.6923    0.5754
   10.3600    0.9164    0.6911    0.5749
   10.3680    0.9170    0.6898    0.5744
   10.3760    0.9175    0.6885    0.5739
   10.3840    0.9180    0.6872    0.5733
   10.3920    0.9185    0.6859    0.5728
   10.4000    0.9190    0.6846    0.5722
   10.4080    0.9195    0.6833    0.5716
   10.4160    0.9200    0.6820    0.5709
   10.4240    0.9204    0.6807    0.5703
   10.4320    0.9209    0.6793    0.5696
   10.4400    0.9213    0.6780    0.5689
   10.4480    0.9217    0.6767    0.5681
   10.4560    0.9221    0.6753    0.5674
   10.4640    0.9225    0.6740    0.5666
   10.4720    0.9228    0.6726    0.5658
   10.4800    0.9232    0.6713    0.5650
   10.4880    0.9235    0.6699    0.5642
   10.4960    0.9238    0.6686    0.5634
   10.5040    0.9241    0.6673    0.5625
   10.5120    0.9244    0.6659    0.5617
   10.5200    0.9247    0.6646    0.5608
   10.5280    0.9250    0.6632    0.5599
   10.5360    0.9252    0.6619    0.5590
   10.5440    0.9254    0.6606    0.5581
   10.5520    0.9257    0.6593    0.5572
   10.5600    0.9259    0.6579    0.5562
   10.5680    0.9260    0.6566    0.5553
   10.5760    0.9262    0.6553    0.5543
   10.5840    0.9264    0.6540    0.5534
   10.5920    0.9265    0.6527    0.5524
   10.6000    0.9267    0.6515    0.5515
   10.6080    0.9268    0.6502    0.5505
   10.6160    0.9269    0.6489    0.5495
   10.6240    0.9270    0.6477    0.5485
   10.6320    0.9271    0.6465    0.5475
   10.6400    0.9271    0.6452    0.5466
   10.6480    0.9272    0.6440    0.5456
   10.6560    0.9272    0.6428    0.5446
   10.6640    0.9272    0.6417    0.5436
   10.6720    0.9272    0.6405    0.5427
   10.6800    0.9272    0.6394    0.5417
   10.6880    0.9272    0.6382    0.5407
   10.6960    0.9272    0.6371    0.5398
   10.7040    0.9272    0.6360    0.5389
   10.7120    0.9271    0.6350    0.5379
   10.7200    0.9270    0.6339    0.5370
   10.7280    0.9270    0.6329    0.5361
   10.7360    0.9269    0.6319    0.5352
   10.7440    0.9268    0.6309    0.5343
   10.7520    0.9266    0.6299    0.5334
   10.7600    0.9265    0.6290    0.5325
   10.7680    0.9264    0.6280    0.5317
   10.7760    0.9262    0.6271    0.5309
   10.7840    0.9261    0.6263    0.5301
   10.7920    0.9259    0.6254    0.5293
   10.8000    0.9257    0.6246    0.5285
   10.8080    0.9255    0.6238    0.5277
   10.8160    0.9253    0.6230    0.5270
   10.8240    0.9251    0.6223    0.5263
   10.8320    0.9248    0.6216    0.5256
   10.8400    0.9246    0.6209    0.5249
   10.8480    0.9243    0.6202    0.5243
   10.8560    0.9241    0.6196    0.5237
   10.8640    0.9238    0.6190    0.5231
   10.8720    0.9235    0.6185    0.5225
   10.8800    0.9232    0.6179    0.5220
   10.8880    0.9229    0.6174    0.5215
   10.8960    0.9226    0.6169    0.5210
   10.9040    0.9222    0.6165    0.5206
   10.9120    0.9219    0.6161    0.5202
   10.9200    0.9215    0.6157    0.5198
   10.9280    0.9212    0.6154    0.5194
   10.9360    0.9208    0.6151    0.5191
   10.9440    0.9204    0.6148    0.5188
   10.9520    0.9200    0.6145    0.5185
   10.9600    0.9196    0.6143    0.5183
   10.9680    0.9192    0.6141    0.5181
   10.9760    0.9188    0.6140    0.5179
   10.9840    0.9184    0.6139    0.5178
   10.9920    0.9179    0.6138    0.5177
   11.0000    0.9175    0.6138    0.5176
   11.0080    0.9170    0.6137    0.5176
   11.0160    0.9165    0.6138    0.5176
   11.0240    0.9160    0.6138    0.5176
   11.0320    0.9156    0.6139    0.5177
   11.0400    0.9151    0.6140    0.5178
   11.0480    0.9146    0.6142    0.5179
   11.0560    0.9140    0.6144    0.5181
   11.0640    0.9135    0.6146    0.5183
   11.0720    0.9130    0.6149    0.5186
   11.0800    0.9124    0.6152    0.5188
   11.0880    0.9119    0.6155    0.5191
   11.0960    0.9113    0.6159    0.5195
   11.1040    0.9108    0.6163    0.5198
   11.1120    0.9102    0.6167    0.5202
   11.1200    0.9096    0.6171    0.5207
   11.1280    0.9090    0.6176    0.5211
   11.1360    0.9084    0.6182    0.5216
   11.1440    0.9078    0.6187    0.5221
   11.1520    0.9072    0.6193    0.5227
   11.1600    0.9066    0.6199    0.5233
   11.1680    0.9059    0.6206    0.5239
   11.1760    0.9053    0.6212    0.5245
   11.1840    0.9047    0.6220    0.5251
   11.1920    0.9040    0.6227    0.5258
   11.2000    0.9033    0.6235    0.5265
   11.2080    0.9027    0.6242    0.5273
   11.2160    0.9020    0.6251    0.5280
   11.2240    0.9013    0.6259    0.5288
   11.2320    0.9006    0.6268    0.5296
   11.2400    0.8999    0.6277    0.5304
   11.2480    0.8992    0.6286    0.5313
   11.2560    0.8985    0.6296    0.5321
   11.2640    0.8978    0.6305    0.5330
   11.2720    0.8971    0.6315    0.5339
   11.2800    0.8963    0.6326    0.5348
   11.2880    0.8956    0.6336    0.5357
   11.2960    0.8948    0.6347    0.5367
   11.3040    0.8941    0.6358    0.5376
   11.3120    0.8933    0.6369    0.5386
   11.3200    0.8926    0.6380    0.5396
   11.3280    0.8918    0.6392    0.5406
   11.3360    0.8910    0.6404    0.5416
   11.3440    0.8902    0.6415    0.5426
   11.3520    0.8894    0.6427    0.5436
   11.3600    0.8886    0.6440    0.5446
   11.3680    0.8878    0.6452    0.5456
   11.3760    0.8870    0.6465    0.5466
   11.3840    0.8862    0.6477    0.5477
   11.3920    0.8854    0.6490    0.5487
   11.4000    0.8845    0.6503    0.5497
   11.4080    0.8837    0.6516    0.5508
   11.4160    0.8829    0.6530    0.5518
   11.4240    0.8820    0.6543    0.5528
   11.4320    0.8812    0.6556    0.5538
   11.4400    0.8803    0.6570    0.5549
   11.4480    0.8794    0.6584    0.5559
   11.4560    0.8786    0.6597    0.5569
   11.4640    0.8777    0.6611    0.5579
   11.4720    0.8768    0.6625    0.5589
   11.4800    0.8760    0.6639    0.5599
   11.4880    0.8751    0.6653    0.5609
   11.4960    0.8742    0.6667    0.5618
   11.5040    0.8733    0.6681    0.5628
   11.5120    0.8724    0.6695    0.5637
   11.5200    0.8715    0.6709    0.5646
   11.5280    0.8706    0.6723    0.5656
   11.5360    0.8697    0.6738    0.5665
   11.5440    0.8687    0.6752    0.5673
   11.5520    0.8678    0.6766    0.5682
   11.5600    0.8669    0.6780    0.5691
   11.5680    0.8660    0.6794    0.5699
   11.5760    0.8650    0.6808    0.5707
   11.5840    0.8641    0.6823    0.5715
   11.5920    0.8631    0.6837    0.5723
   11.6000    0.8622    0.6851    0.5730
   11.6080    0.8613    0.6865    0.5738
   11.6160    0.8603    0.6879    0.5745
   11.6240    0.8593    0.6892    0.5751
   11.6320    0.8584    0.6906    0.5758
   11.6400    0.8574    0.6920    0.5764
   11.6480    0.8565    0.6934    0.5771
   11.6560    0.8555    0.6947    0.5776
   11.6640    0.8545    0.6961    0.5782
   11.6720    0.8536    0.6974    0.5787
   11.6800    0.8526    0.6987    0.5793
   11.6880    0.8516    0.7001    0.5797
   11.6960    0.8506    0.7014    0.5802
   11.7040    0.8497    0.7027    0.5806
   11.7120    0.8487    0.7039    0.5810
   11.7200    0.8477    0.7052    0.5814
   11.7280    0.8467    0.7065    0.5817
   11.7360    0.8457    0.7077    0.5820
   11.7440    0.8448    0.7089    0.5823
   11.7520    0.8438    0.7101    0.5826
   11.7600    0.8428    0.7113    0.5828
   11.7680    0.8418    0.7125    0.5830
   11.7760    0.8408    0.7137    0.5831
   11.7840    0.8398    0.7148    0.5833
   11.7920    0.8388    0.7160    0.5834
   11.8000    0.8379    0.7171    0.5834
   11.8080    0.8369    0.7182    0.5835
   11.8160    0.8359    0.7193    0.5835
   11.8240    0.8349    0.7203    0.5835
   11.8320    0.8339    0.7214    0.5834
   11.8400    0.8329    0.7224    0.5833
   11.8480    0.8319    0.7234    0.5832
   11.8560    0.8310    0.7244    0.5831
   11.8640    0.8300    0.7253    0.5829
   11.8720    0.8290    0.7263    0.5827
   11.8800    0.8280    0.7272    0.5825
   11.8880    0.8271    0.7281    0.5822
   11.8960    0.8261    0.7289    0.5819
   11.9040    0.8251    0.7298    0.5816
   11.9120    0.8241    0.7306    0.5812
   11.9200    0.8232    0.7314    0.5808
   11.9280    0.8222    0.7322    0.5804
   11.9360    0.8213    0.7330    0.5800
   11.9440    0.8203    0.7337    0.5795
   11.9520    0.8194    0.7344    0.5790
   11.9600    0.8184    0.7351    0.5785
   11.9680    0.8175    0.7358    0.5779
   11.9760    0.8165    0.7364    0.5773
   11.9840    0.8156    0.7370    0.5767
   11.9920    0.8147    0.7376    0.5761
   12.0000    0.8137    0.7382    0.5754
   12.0080    0.8128    0.7388    0.5748
   12.0160    0.8119    0.7393    0.5741
   12.0240    0.8110    0.7398    0.5733
   12.0320    0.8101    0.7403    0.5726
   12.0400    0.8092    0.7407    0.5718
   12.0480    0.8083    0.7411    0.5710
   12.0560    0.8074    0.7415    0.5702
   12.0640    0.8066    0.7419    0.5693
   12.0720    0.8057    0.7422    0.5685
   12.0800    0.8048    0.7426    0.5676
   12.0880    0.8040    0.7429    0.5667
   12.0960    0.8031    0.7431    0.5658
   12.1040    0.8023    0.7434    0.5649
   12.1120    0.8015    0.7436    0.5639
   12.1200    0.8006    0.7438    0.5630
   12.1280    0.7998    0.7440    0.5620
   12.1360    0.7990    0.7441    0.5610
   12.1440    0.7982    0.7442    0.5600
   12.1520    0.7974    0.7443    0.5590
   12.1600    0.7967    0.7444    0.5580
   12.1680    0.7959    0.7444    0.5570
   12.1760    0.7952    0.7445    0.5559
   12.1840    0.7944    0.7445    0.5549
   12.1920    0.7937    0.7444    0.5538
   12.2000    0.7930    0.7444    0.5528
   12.2080    0.7923    0.7443    0.5517
   12.2160    0.7916    0.7442    0.5506
   12.2240    0.7909    0.7441    0.5496
   12.2320    0.7902    0.7439    0.5485
   12.2400    0.7895    0.7438    0.5474
   12.2480    0.7889    0.7436    0.5464
   12.2560    0.7882    0.7434    0.5453
   12.2640    0.7876    0.7431    0.5442
   12.2720    0.7870    0.7429    0.5432
   12.2800    0.7864    0.7426    0.5421
   12.2880    0.7858    0.7423    0.5410
   12.2960    0.7853    0.7419    0.5400
   12.3040    0.7847    0.7416    0.5390
   12.3120    0.7842    0.7412    0.5379
   12.3200    0.7836    0.7408    0.5369
   12.3280    0.7831    0.7404    0.5359
   12.3360    0.7826    0.7399    0.5349
   12.3440    0.7821    0.7395    0.5339
   12.3520    0.7817    0.7390    0.5329
   12.3600    0.7812    0.7385    0.5320
   12.3680    0.7808    0.7380    0.5310
   12.3760    0.7804    0.7374    0.5301
   12.3840    0.7800    0.7369    0.5292
   12.3920    0.7796    0.7363    0.5283
   12.4000    0.7792    0.7357    0.5275
   12.4080    0.7788    0.7351    0.5266
   12.4160    0.7785    0.7345    0.5258
   12.4240    0.7782    0.7338    0.5250
   12.4320    0.7779    0.7331    0.5243
   12.4400    0.7776    0.7325    0.5235
   12.4480    0.7773    0.7318    0.5228
   12.4560    0.7771    0.7310    0.5221
   12.4640    0.7768    0.7303    0.5214
   12.4720    0.7766    0.7295    0.5208
   12.4800    0.7764    0.7288    0.5202
   12.4880    0.7762    0.7280    0.5196
   12.4960    0.7761    0.7272    0.5191
   12.5040    0.7759    0.7264    0.5186
   12.5120    0.7758    0.7256    0.5181
   12.5200    0.7757    0.7247    0.5176
   12.5280    0.7756    0.7239    0.5172
   12.5360    0.7755    0.7230    0.5168
   12.5440    0.7755    0.7221    0.5165
   12.5520    0.7755    0.7212    0.5162
   12.5600    0.7754    0.7203    0.5159
   12.5680    0.7754    0.7194    0.5157
   12.5760    0.7755    0.7185    0.5155
   12.5840    0.7755    0.7175    0.5153
   12.5920    0.7756    0.7166    0.5152
   12.6000    0.7757    0.7156    0.5151
   12.6080    0.7758    0.7146    0.5150
   12.6160    0.7759    0.7136    0.5150
   12.6240    0.7760    0.7127    0.5151
   12.6320    0.7762    0.7117    0.5151
   12.6400    0.7764    0.7106    0.5152
   12.6480    0.7766    0.7096    0.5154
   12.6560    0.7768    0.7086    0.5155
   12.6640    0.7770    0.7076    0.5157
   12.6720    0.7773    0.7065    0.5160
   12.6800    0.7775    0.7055    0.5163
   12.6880    0.7778    0.7044    0.5166
   12.6960    0.7781    0.7034    0.5170
   12.7040    0.7785    0.7023    0.5174
   12.7120    0.7788    0.7012    0.5178
   12.7200    0.7792    0.7002    0.5183
   12.7280    0.7796    0.6991    0.5188
   12.7360    0.7800    0.6980    0.5193
   12.7440    0.7804    0.6969    0.5199
   12.7520    0.7809    0.6958    0.5205
   12.7600    0.7813    0.6948    0.5211
   12.7680    0.7818    0.6937    0.5218
   12.7760    0.7823    0.6926    0.5225
   12.7840    0.7828    0.6915    0.5233
   12.7920    0.7834    0.6904    0.5240
   12.8000    0.7839    0.6893    0.5248
   12.8080    0.7845    0.6882    0.5257
   12.8160    0.7851    0.6871    0.5265
   12.8240    0.7857    0.6860    0.5274
   12.8320    0.7863    0.6849    0.5283
   12.8400    0.7870    0.6838    0.5292
   12.8480    0.7876    0.6827    0.5302
   12.8560    0.7883    0.6816    0.5312
   12.8640    0.7890    0.6806    0.5322
   12.8720    0.7897    0.6795    0.5332
   12.8800    0.7904    0.6784    0.5342
   12.8880    0.7912    0.6773    0.5353
   12.8960    0.7919    0.6762    0.5364
   12.9040    0.7927    0.6752    0.5375
   12.9120    0.7935    0.6741    0.5386
   12.9200    0.7943    0.6731    0.5397
   12.9280    0.7951    0.6720    0.5408
   12.9360    0.7959    0.6710    0.5420
   12.9440    0.7968    0.6699    0.5431
   12.9520    0.7976    0.6689    0.5443
   12.9600    0.7985    0.6679    0.5455
   12.9680    0.7994    0.6669    0.5467
   12.9760    0.8003    0.6658    0.5479
   12.9840    0.8012    0.6648    0.5491
   12.9920    0.8022    0.6639    0.5503
   13.0000    0.8031    0.6629    0.5515
   13.0080    0.8041    0.6619    0.5527
   13.0160    0.8050    0.6609    0.5539
   13.0240    0.8060    0.6600    0.5551
   13.0320    0.8070    0.6590    0.5563
   13.0400    0.8080    0.6581    0.5575
   13.0480    0.8090    0.6572    0.5587
   13.0560    0.8101    0.6563    0.5599
   13.0640    0.8111    0.6554    0.5611
   13.0720    0.8122    0.6545    0.5623
   13.0800    0.8132    0.6536    0.5634
   13.0880    0.8143    0.6528    0.5646
   13.0960    0.8154    0.6519    0.5658
   13.1040    0.8164    0.6511    0.5669
   13.1120    0.8175    0.6503    0.5680
   13.1200    0.8187    0.6495    0.5692
   13.1280    0.8198    0.6487    0.5703
   13.1360    0.8209    0.6479    0.5713
   13.1440    0.8220    0.6472    0.5724
   13.1520    0.8232    0.6464    0.5735
   13.1600    0.8243    0.6457    0.5745
   13.1680    0.8255    0.6450    0.5755
   13.1760    0.8266    0.6443    0.5765
   13.1840    0.8278    0.6436    0.5775
   13.1920    0.8289    0.6429    0.5784
   13.2000    0.8301    0.6423    0.5794
   13.2080    0.8313    0.6416    0.5803
   13.2160    0.8325    0.6410    0.5812
   13.2240    0.8337    0.6404    0.5820
   13.2320    0.8349    0.6399    0.5828
   13.2400    0.8361    0.6393    0.5836
   13.2480    0.8373    0.6388    0.5844
   13.2560    0.8385    0.6382    0.5852
   13.2640    0.8397    0.6377    0.5859
   13.2720    0.8409    0.6372    0.5866
   13.2800    0.8421    0.6368    0.5873
   13.2880    0.8433    0.6363    0.5879
   13.2960    0.8446    0.6359    0.5885
   13.3040    0.8458    0.6355    0.5891
   13.3120    0.8470    0.6351    0.5896
   13.3200    0.8482    0.6347    0.5901
   13.3280    0.8495    0.6344    0.5906
   13.3360    0.8507    0.6340    0.5910
   13.3440    0.8519    0.6337    0.5914
   13.3520    0.8531    0.6334    0.5918
   13.3600    0.8544    0.6331    0.5922
   13.3680    0.8556    0.6329    0.5925
   13.3760    0.8568    0.6327    0.5927
   13.3840    0.8580    0.6324    0.5930
   13.3920    0.8592    0.6322    0.5932
   13.4000    0.8605    0.6321    0.5934
   13.4080    0.8617    0.6319    0.5935
   13.4160    0.8629    0.6318    0.5936
   13.4240    0.8641    0.6317    0.5937
   13.4320    0.8653    0.6316    0.5937
   13.4400    0.8665    0.6315    0.5937
   13.4480    0.8677    0.6314    0.5936
   13.4560    0.8689    0.6314    0.5936
   13.4640    0.8701    0.6314    0.5934
   13.4720    0.8713    0.6314    0.5933
   13.4800    0.8725    0.6314    0.5931
   13.4880    0.8737    0.6315    0.5929
   13.4960    0.8748    0.6315    0.5926
   13.5040    0.8760    0.6316    0.5923
   13.5120    0.8772    0.6317    0.5920
   13.5200    0.8783    0.6319    0.5916
   13.5280    0.8795    0.6320    0.5912
   13.5360    0.8806    0.6322    0.5908
   13.5440    0.8818    0.6324    0.5903
   13.5520    0.8829    0.6326    0.5898
   13.5600    0.8840    0.6328    0.5893
   13.5680    0.8852    0.6330    0.5887
   13.5760    0.8863    0.6333    0.5881
   13.5840    0.8874    0.6336    0.5875
   13.5920    0.8885    0.6339    0.5869
   13.6000    0.8896    0.6342    0.5862
   13.6080    0.8907    0.6345    0.5854
   13.6160    0.8917    0.6349    0.5847
   13.6240    0.8928    0.6352    0.5839
   13.6320    0.8939    0.6356    0.5831
   13.6400    0.8949    0.6360    0.5822
   13.6480    0.8959    0.6365    0.5814
   13.6560    0.8970    0.6369    0.5805
   13.6640    0.8980    0.6374    0.5795
   13.6720    0.8990    0.6378    0.5786
   13.6800    0.9000    0.6383    0.5776
   13.6880    0.9010    0.6388    0.5766
   13.6960    0.9020    0.6393    0.5756
   13.7040    0.9030    0.6399    0.5745
   13.7120    0.9039    0.6404    0.5735
   13.7200    0.9049    0.6410    0.5724
   13.7280    0.9058    0.6416    0.5713
   13.7360    0.9068    0.6422    0.5701
   13.7440    0.9077    0.6428    0.5690
   13.7520    0.9086    0.6434    0.5678
   13.7600    0.9095    0.6441    0.5666
   13.7680    0.9104    0.6447    0.5654
   13.7760    0.9113    0.6454    0.5642
   13.7840    0.9121    0.6460    0.5630
   13.7920    0.9130    0.6467    0.5617
   13.8000    0.9138    0.6474    0.5605
   13.8080    0.9147    0.6482    0.5592
   13.8160    0.9155    0.6489    0.5579
   13.8240    0.9163    0.6496    0.5566
   13.8320    0.9171    0.6504    0.5554
   13.8400    0.9179    0.6511    0.5541
   13.8480    0.9186    0.6519    0.5527
   13.8560    0.9194    0.6527    0.5514
   13.8640    0.9201    0.6535    0.5501
   13.8720    0.9209    0.6543    0.5488
   13.8800    0.9216    0.6551    0.5475
   13.8880    0.9223    0.6559    0.5462
   13.8960    0.9230    0.6567    0.5448
   13.9040    0.9237    0.6576    0.5435
   13.9120    0.9243    0.6584    0.5422
   13.9200    0.9250    0.6593    0.5409
   13.9280    0.9256    0.6601    0.5396
   13.9360    0.9263    0.6610    0.5383
   13.9440    0.9269    0.6618    0.5370
   13.9520    0.9275    0.6627    0.5357
   13.9600    0.9281    0.6636    0.5345
   13.9680    0.9287    0.6645    0.5332
   13.9760    0.9292    0.6654    0.5320
   13.9840    0.9298    0.6663    0.5307
   13.9920    0.9303    0.6672    0.5295
   14.0000    0.9308    0.6681    0.5283
   14.0080    0.9313    0.6690    0.5272
   14.0160    0.9318    0.6699    0.5260
   14.0240    0.9323    0.6708    0.5249
   14.0320    0.9328    0.6717    0.5237
   14.0400    0.9332    0.6726    0.5226
   14.0480    0.9336    0.6735    0.5216
   14.0560    0.9341    0.6745    0.5205
   14.0640    0.9345    0.6754    0.5195
   14.0720    0.9349    0.6763    0.5185
   14.0800    0.9352    0.6772    0.5175
   14.0880    0.9356    0.6781    0.5166
   14.0960    0.9359    0.6791    0.5157
   14.1040    0.9363    0.6800    0.5148
   14.1120    0.9366    0.6809    0.5139
   14.1200    0.9369    0.6818    0.5131
   14.1280    0.9372    0.6827    0.5123
   14.1360    0.9374    0.6836    0.5116
   14.1440    0.9377    0.6845    0.5108
   14.1520    0.9379    0.6855    0.5102
   14.1600    0.9382    0.6864    0.5095
   14.1680    0.9384    0.6872    0.5089
   14.1760    0.9386    0.6881    0.5083
   14.1840    0.9387    0.6890    0.5078
   14.1920    0.9389    0.6899    0.5073
   14.2000    0.9390    0.6908    0.5069
   14.2080    0.9392    0.6917    0.5064
   14.2160    0.9393    0.6925    0.5061
   14.2240    0.9394    0.6934    0.5057
   14.2320    0.9395    0.6942    0.5054
   14.2400    0.9395    0.6951    0.5052
   14.2480    0.9396    0.6959    0.5050
   14.2560    0.9396    0.6967    0.5048
   14.2640    0.9396    0.6976    0.5047
   14.2720    0.9396    0.6984    0.5046
   14.2800    0.9396    0.6992    0.5045
   14.2880    0.9396    0.7000    0.5045
   14.2960    0.9395    0.7008    0.5045
   14.3040    0.9395    0.7015    0.5046
   14.3120    0.9394    0.7023    0.5047
   14.3200    0.9393    0.7030    0.5049
   14.3280    0.9392    0.7038    0.5051
   14.3360    0.9391    0.7045    0.5053
   14.3440    0.9389    0.7052    0.5056
   14.3520    0.9387    0.7059    0.5059
   14.3600    0.9386    0.7066    0.5063
   14.3680    0.9384    0.7073    0.5067
   14.3760    0.9382    0.7080    0.5072
   14.3840    0.9379    0.7086    0.5076
   14.3920    0.9377    0.7093    0.5081
   14.4000    0.9374    0.7099    0.5087
   14.4080    0.9371    0.7105    0.5093
   14.4160    0.9368    0.7111    0.5099
   14.4240    0.9365    0.7117    0.5106
   14.4320    0.9362    0.7123    0.5113
   14.4400    0.9359    0.7129    0.5120
   14.4480    0.9355    0.7134    0.5127
   14.4560    0.9351    0.7139    0.5135
   14.4640    0.9347    0.7144    0.5144
   14.4720    0.9343    0.7149    0.5152
   14.4800    0.9339    0.7154    0.5161
   14.4880    0.9335    0.7159    0.5170
   14.4960    0.9330    0.7163    0.5179
   14.5040    0.9325    0.7168    0.5189
   14.5120    0.9320    0.7172    0.5198
   14.5200    0.9315    0.7176    0.5209
   14.5280    0.9310    0.7180    0.5219
   14.5360    0.9305    0.7183    0.5229
   14.5440    0.9299    0.7187    0.5240
   14.5520    0.9293    0.7190    0.5251
   14.5600    0.9287    0.7193    0.5262
   14.5680    0.9281    0.7196    0.5273
   14.5760    0.9275    0.7199    0.5284
   14.5840    0.9269    0.7201    0.5296
   14.5920    0.9262    0.7204    0.5307
   14.6000    0.9256    0.7206    0.5319
   14.6080    0.9249    0.7208    0.5331
   14.6160    0.9242    0.7210    0.5343
   14.6240    0.9235    0.7211    0.5355
   14.6320    0.9227    0.7213    0.5367
   14.6400    0.9220    0.7214    0.5379
   14.6480    0.9212    0.7215    0.5391
   14.6560    0.9205    0.7216    0.5403
   14.6640    0.9197    0.7216    0.5416
   14.6720    0.9189    0.7217    0.5428
   14.6800    0.9181    0.7217    0.5440
   14.6880    0.9172    0.7217    0.5452
   14.6960    0.9164    0.7217    0.5465
   14.7040    0.9155    0.7217    0.5477
   14.7120    0.9146    0.7216    0.5489
   14.7200    0.9138    0.7215    0.5501
   14.7280    0.9128    0.7214    0.5513
   14.7360    0.9119    0.7213    0.5525
   14.7440    0.9110    0.7212    0.5537
   14.7520    0.9101    0.7211    0.5548
   14.7600    0.9091    0.7209    0.5560
   14.7680    0.9081    0.7207    0.5572
   14.7760    0.9071    0.7205    0.5583
   14.7840    0.9062    0.7203    0.5594
   14.7920    0.9051    0.7200    0.5605
   14.8000    0.9041    0.7197    0.5616
   14.8080    0.9031    0.7194    0.5627
   14.8160    0.9020    0.7191    0.5638
   14.8240    0.9010    0.7188    0.5648
   14.8320    0.8999    0.7185    0.5658
   14.8400    0.8988    0.7181    0.5668
   14.8480    0.8977    0.7177    0.5678
   14.8560    0.8966    0.7173    0.5688
   14.8640    0.8955    0.7169    0.5697
   14.8720    0.8944    0.7165    0.5706
   14.8800    0.8933    0.7160    0.5715
   14.8880    0.8921    0.7155    0.5724
   14.8960    0.8910    0.7150    0.5732
   14.9040    0.8898    0.7145    0.5740
   14.9120    0.8886    0.7140    0.5748
   14.9200    0.8874    0.7134    0.5756
   14.9280    0.8862    0.7129    0.5763
   14.9360    0.8850    0.7123    0.5770
   14.9440    0.8838    0.7117    0.5777
   14.9520    0.8826    0.7111    0.5784
   14.9600    0.8813    0.7104    0.5790
   14.9680    0.8801    0.7098    0.5796
   14.9760    0.8788    0.7091    0.5802
   14.9840    0.8776    0.7084    0.5807
   14.9920    0.8763    0.7077    0.5812
   15.0000    0.8751    0.7070    0.5817
   15.0080    0.8738    0.7063    0.5821
   15.0160    0.8725    0.7056    0.5825
   15.0240    0.8712    0.7048    0.5829
   15.0320    0.8699    0.7040    0.5833
   15.0400    0.8686    0.7032    0.5836
   15.0480    0.8673    0.7024    0.5839
   15.0560    0.8660    0.7016    0.5841
   15.0640    0.8646    0.7008    0.5844
   15.0720    0.8633    0.7000    0.5845
   15.0800    0.8620    0.6991    0.5847
   15.0880    0.8606    0.6983    0.5848
   15.0960    0.8593    0.6974    0.5849
   15.1040    0.8580    0.6965    0.5850
   15.1120    0.8566    0.6956    0.5850
   15.1200    0.8553    0.6947    0.5850
   15.1280    0.8539    0.6938    0.5850
   15.1360    0.8526    0.6929    0.5849
   15.1440    0.8512    0.6919    0.5848
   15.1520    0.8498    0.6910    0.5847
   15.1600    0.8485    0.6901    0.5845
   15.1680    0.8471    0.6891    0.5844
   15.1760    0.8458    0.6881    0.5841
   15.1840    0.8444    0.6872    0.5839
   15.1920    0.8430    0.6862    0.5836
   15.2000    0.8417    0.6852    0.5833
   15.2080    0.8403    0.6842    0.5830
   15.2160    0.8389    0.6832    0.5826
   15.2240    0.8376    0.6823    0.5822
   15.2320    0.8362    0.6813    0.5818
   15.2400    0.8349    0.6803    0.5813
   15.2480    0.8335    0.6793    0.5809
   15.2560    0.8322    0.6782    0.5804
   15.2640    0.8308    0.6772    0.5798
   15.2720    0.8295    0.6762    0.5793
   15.2800    0.8281    0.6752    0.5787
   15.2880    0.8268    0.6742    0.5781
   15.2960    0.8254    0.6732    0.5775
   15.3040    0.8241    0.6722    0.5768
   15.3120    0.8228    0.6712    0.5762
   15.3200    0.8215    0.6702    0.5755
   15.3280    0.8202    0.6692    0.5747
   15.3360    0.8189    0.6682    0.5740
   15.3440    0.8176    0.6672    0.5733
   15.3520    0.8163    0.6662    0.5725
   15.3600    0.8150    0.6653    0.5717
   15.3680    0.8137    0.6643    0.5709
   15.3760    0.8125    0.6633    0.5701
   15.3840    0.8112    0.6624    0.5692
   15.3920    0.8100    0.6614    0.5684
   15.4000    0.8087    0.6605    0.5675
   15.4080    0.8075    0.6595    0.5666
   15.4160    0.8063    0.6586    0.5657
   15.4240    0.8051    0.6577    0.5648
   15.4320    0.8039    0.6568    0.5639
   15.4400    0.8027    0.6559    0.5630
   15.4480    0.8015    0.6550    0.5621
   15.4560    0.8004    0.6542    0.5611
   15.4640    0.7992    0.6533    0.5602
   15.4720    0.7981    0.6525    0.5593
   15.4800    0.7970    0.6517    0.5583
   15.4880    0.7959    0.6509    0.5573
   15.4960    0.7948    0.6501    0.5564
   15.5040    0.7937    0.6493    0.5554
   15.5120    0.7926    0.6485    0.5545
   15.5200    0.7916    0.6478    0.5535
   15.5280    0.7906    0.6471    0.5525
   15.5360    0.7896    0.6464    0.5516
   15.5440    0.7886    0.6457    0.5506
   15.5520    0.7876    0.6450    0.5497
   15.5600    0.7866    0.6444    0.5487
   15.5680    0.7857    0.6438    0.5478
   15.5760    0.7848    0.6432    0.5469
   15.5840    0.7838    0.6426    0.5460
   15.5920    0.7830    0.6420    0.5451
   15.6000    0.7821    0.6415    0.5442
   15.6080    0.7812    0.6410    0.5433
   15.6160    0.7804    0.6405    0.5424
   15.6240    0.7796    0.6400    0.5415
   15.6320    0.7788    0.6396    0.5407
   15.6400    0.7781    0.6392    0.5399
   15.6480    0.7773    0.6388    0.5390
   15.6560    0.7766    0.6384    0.5382
   15.6640    0.7759    0.6381    0.5375
   15.6720    0.7752    0.6378    0.5367
   15.6800    0.7745    0.6375    0.5360
   15.6880    0.7739    0.6372    0.5352
   15.6960    0.7733    0.6370    0.5345
   15.7040    0.7727    0.6368    0.5339
   15.7120    0.7721    0.6366    0.5332
   15.7200    0.7716    0.6364    0.5326
   15.7280    0.7711    0.6363    0.5320
   15.7360    0.7706    0.6362    0.5314
   15.7440    0.7701    0.6361    0.5309
   15.7520    0.7697    0.6361    0.5303
   15.7600    0.7692    0.6361    0.5298
   15.7680    0.7688    0.6361    0.5294
   15.7760    0.7684    0.6361    0.5289
   15.7840    0.7681    0.6362    0.5285
   15.7920    0.7678    0.6363    0.5281
   15.8000    0.7675    0.6364    0.5278
   15.8080    0.7672    0.6366    0.5274
   15.8160    0.7669    0.6368    0.5271
   15.8240    0.7667    0.6370    0.5269
   15.8320    0.7665    0.6372    0.5266
   15.8400    0.7663    0.6375    0.5264
   15.8480    0.7662    0.6378    0.5263
   15.8560    0.7661    0.6381    0.5261
   15.8640    0.7660    0.6384    0.5260
   15.8720    0.7659    0.6388    0.5260
   15.8800    0.7658    0.6392    0.5259
   15.8880    0.7658    0.6396    0.5259
   15.8960    0.7658    0.6401    0.5259
   15.9040    0.7658    0.6406    0.5260
   15.9120    0.7659    0.6411    0.5261
   15.9200    0.7660    0.6416    0.5262
   15.9280    0.7661    0.6422    0.5263
   15.9360    0.7662    0.6427    0.5265
   15.9440    0.7663    0.6434    0.5267
   15.9520    0.7665    0.6440    0.5270
   15.9600    0.7667    0.6446    0.5272
   15.9680    0.7670    0.6453    0.5275
   15.9760    0.7672    0.6460    0.5279
   15.9840    0.7675    0.6467    0.5282
   15.9920    0.7678    0.6475    0.5286
   16.0000    0.7681    0.6482    0.5291
   16.0080    0.7685    0.6490    0.5295
   16.0160    0.7688    0.6498    0.5300
   16.0240    0.7692    0.6507    0.5305
   16.0320    0.7696    0.6515    0.5310
   16.0400    0.7701    0.6524    0.5316
   16.0480    0.7706    0.6533    0.5321
   16.0560    0.7710    0.6542    0.5327
   16.0640    0.7716    0.6551    0.5334
   16.0720    0.7721    0.6560    0.5340
   16.0800    0.7727    0.6570    0.5347
   16.0880    0.7732    0.6579    0.5354
   16.0960    0.7738    0.6589    0.5361
   16.1040    0.7745    0.6599    0.5368
   16.1120    0.7751    0.6609    0.5376
   16.1200    0.7758    0.6619    0.5383
   16.1280    0.7764    0.6630    0.5391
   16.1360    0.7771    0.6640    0.5399
   16.1440    0.7779    0.6651    0.5407
   16.1520    0.7786    0.6661    0.5415
   16.1600    0.7794    0.6672    0.5424
   16.1680    0.7802    0.6683    0.5432
   16.1760    0.7810    0.6694    0.5441
   16.1840    0.7818    0.6705    0.5449
   16.1920    0.7826    0.6716    0.5458
   16.2000    0.7835    0.6727    0.5467
   16.2080    0.7844    0.6739    0.5476
   16.2160    0.7853    0.6750    0.5485
   16.2240    0.7862    0.6761    0.5494
   16.2320    0.7871    0.6773    0.5503
   16.2400    0.7880    0.6784    0.5512
   16.2480    0.7890    0.6795    0.5521
   16.2560    0.7900    0.6807    0.5530
   16.2640    0.7910    0.6818    0.5539
   16.2720    0.7920    0.6830    0.5548
   16.2800    0.7930    0.6841    0.5557
   16.2880    0.7940    0.6853    0.5567
   16.2960    0.7951    0.6864    0.5575
   16.3040    0.7961    0.6876    0.5584
   16.3120    0.7972    0.6887    0.5593
   16.3200    0.7983    0.6899    0.5602
   16.3280    0.7994    0.6910    0.5611
   16.3360    0.8005    0.6921    0.5619
   16.3440    0.8016    0.6933    0.5628
   16.3520    0.8027    0.6944    0.5636
   16.3600    0.8039    0.6955    0.5645
   16.3680    0.8050    0.6966    0.5653
   16.3760    0.8062    0.6977    0.5661
   16.3840    0.8073    0.6988    0.5669
   16.3920    0.8085    0.6999    0.5676
   16.4000    0.8097    0.7010    0.5684
