    -10.00     0.00000E+000
     -9.90     0.22866E-024
     -9.80     0.12492E-023
     -9.70     0.44774E-023
     -9.60     0.14139E-022
     -9.50     0.42163E-022
     -9.40     0.12105E-021
     -9.30     0.33622E-021
     -9.20     0.90365E-021
     -9.10     0.23473E-020
     -9.00     0.58833E-020
     -8.90     0.14204E-019
     -8.80     0.32976E-019
     -8.70     0.73514E-019
     -8.60     0.15717E-018
     -8.50     0.32190E-018
     -8.40     0.63124E-018
     -8.30     0.11852E-017
     -8.20     0.21332E-017
     -8.10     0.36911E-017
     -8.00     0.61730E-017
     -7.90     0.10065E-016
     -7.80     0.16189E-016
     -7.70     0.26036E-016
     -7.60     0.42312E-016
     -7.50     0.69705E-016
     -7.40     0.11570E-015
     -7.30     0.19109E-015
     -7.20     0.30995E-015
     -7.10     0.48906E-015
     -7.00     0.74837E-015
     -6.90     0.11155E-014
     -6.80     0.16396E-014
     -6.70     0.24205E-014
     -6.60     0.36600E-014
     -6.50     0.57459E-014
     -6.40     0.94024E-014
     -6.30     0.16011E-013
     -6.20     0.28407E-013
     -6.10     0.52975E-013
     -6.00     0.10516E-012
     -5.90     0.22385E-012
     -5.80     0.50842E-012
     -5.70     0.12129E-011
     -5.60     0.29821E-011
     -5.50     0.74339E-011
     -5.40     0.18573E-010
     -5.30     0.46165E-010
     -5.20     0.11368E-009
     -5.10     0.27665E-009
     -5.00     0.66466E-009
     -4.90     0.15757E-008
     -4.80     0.36847E-008
     -4.70     0.84982E-008
     -4.60     0.19325E-007
     -4.50     0.43308E-007
     -4.40     0.95601E-007
     -4.30     0.20774E-006
     -4.20     0.44405E-006
     -4.10     0.93300E-006
     -4.00     0.19256E-005
     -3.90     0.39011E-005
     -3.80     0.77533E-005
     -3.70     0.15108E-004
     -3.60     0.28851E-004
     -3.50     0.53966E-004
     -3.40     0.98837E-004
     -3.30     0.17717E-003
     -3.20     0.31075E-003
     -3.10     0.53312E-003
     -3.00     0.89433E-003
     -2.90     0.14666E-002
     -2.80     0.23506E-002
     -2.70     0.36810E-002
     -2.60     0.56312E-002
     -2.50     0.84143E-002
     -2.40     0.12280E-001
     -2.30     0.17503E-001
     -2.20     0.24368E-001
     -2.10     0.33145E-001
     -2.00     0.44063E-001
     -1.90     0.57280E-001
     -1.80     0.72862E-001
     -1.70     0.90763E-001
     -1.60     0.11082E+000
     -1.50     0.13277E+000
     -1.40     0.15624E+000
     -1.30     0.18079E+000
     -1.20     0.20595E+000
     -1.10     0.23121E+000
     -1.00     0.25606E+000
     -0.90     0.28003E+000
     -0.80     0.30267E+000
     -0.70     0.32358E+000
     -0.60     0.34240E+000
     -0.50     0.35882E+000
     -0.40     0.37260E+000
     -0.30     0.38352E+000
     -0.20     0.39144E+000
     -0.10     0.39623E+000
      0.00     0.39783E+000
      0.10     0.39623E+000
      0.20     0.39144E+000
      0.30     0.38352E+000
      0.40     0.37260E+000
      0.50     0.35882E+000
      0.60     0.34240E+000
      0.70     0.32358E+000
      0.80     0.30267E+000
      0.90     0.28003E+000
      1.00     0.25606E+000
      1.10     0.23121E+000
      1.20     0.20595E+000
      1.30     0.18079E+000
      1.40     0.15624E+000
      1.50     0.13277E+000
      1.60     0.11082E+000
      1.70     0.90763E-001
      1.80     0.72862E-001
      1.90     0.57280E-001
      2.00     0.44063E-001
      2.10     0.33145E-001
      2.20     0.24368E-001
      2.30     0.17503E-001
      2.40     0.12280E-001
      2.50     0.84143E-002
      2.60     0.56312E-002
      2.70     0.36810E-002
      2.80     0.23506E-002
      2.90     0.14666E-002
      3.00     0.89433E-003
      3.10     0.53312E-003
      3.20     0.31075E-003
      3.30     0.17717E-003
      3.40     0.98837E-004
      3.50     0.53966E-004
      3.60     0.28851E-004
      3.70     0.15108E-004
      3.80     0.77533E-005
      3.90     0.39011E-005
      4.00     0.19256E-005
      4.10     0.93300E-006
      4.20     0.44405E-006
      4.30     0.20774E-006
      4.40     0.95601E-007
      4.50     0.43308E-007
      4.60     0.19325E-007
      4.70     0.84982E-008
      4.80     0.36847E-008
      4.90     0.15757E-008
      5.00     0.66466E-009
      5.10     0.27665E-009
      5.20     0.11368E-009
      5.30     0.46165E-010
      5.40     0.18573E-010
      5.50     0.74339E-011
      5.60     0.29821E-011
      5.70     0.12129E-011
      5.80     0.50842E-012
      5.90     0.22385E-012
      6.00     0.10516E-012
      6.10     0.52975E-013
      6.20     0.28407E-013
      6.30     0.16011E-013
      6.40     0.94024E-014
      6.50     0.57459E-014
      6.60     0.36600E-014
      6.70     0.24205E-014
      6.80     0.16396E-014
      6.90     0.11155E-014
      7.00     0.74837E-015
      7.10     0.48906E-015
      7.20     0.30995E-015
      7.30     0.19109E-015
      7.40     0.11570E-015
      7.50     0.69705E-016
      7.60     0.42312E-016
      7.70     0.26036E-016
      7.80     0.16189E-016
      7.90     0.10065E-016
      8.00     0.61731E-017
      8.10     0.36912E-017
      8.20     0.21333E-017
      8.30     0.11852E-017
      8.40     0.63122E-018
      8.50     0.32188E-018
      8.60     0.15715E-018
      8.70     0.73504E-019
      8.80     0.32970E-019
      8.90     0.14201E-019
      9.00     0.58829E-020
      9.10     0.23478E-020
      9.20     0.90444E-021
      9.30     0.33699E-021
      9.40     0.12170E-021
      9.50     0.42674E-022
      9.60     0.14546E-022
      9.70     0.48141E-023
      9.80     0.15343E-023
      9.90     0.45663E-024
     10.00     0.00000E+000
