     -6.00     0.00000E+000
     -5.90     0.94579E-023
     -5.80     0.48709E-022
     -5.70     0.15704E-021
     -5.60     0.42959E-021
     -5.50     0.10821E-020
     -5.40     0.25902E-020
     -5.30     0.59817E-020
     -5.20     0.13422E-019
     -5.10     0.29294E-019
     -5.00     0.61906E-019
     -4.90     0.12614E-018
     -4.80     0.25588E-018
     -4.70     0.62503E-018
     -4.60     0.25565E-017
     -4.50     0.15571E-016
     -4.40     0.10091E-015
     -4.30     0.61708E-015
     -4.20     0.35091E-014
     -4.10     0.18676E-013
     -4.00     0.93730E-013
     -3.90     0.44616E-012
     -3.80     0.20223E-011
     -3.70     0.87517E-011
     -3.60     0.36227E-010
     -3.50     0.14362E-009
     -3.40     0.54576E-009
     -3.30     0.19891E-008
     -3.20     0.69553E-008
     -3.10     0.23340E-007
     -3.00     0.75170E-007
     -2.90     0.23237E-006
     -2.80     0.68944E-006
     -2.70     0.19632E-005
     -2.60     0.53643E-005
     -2.50     0.14064E-004
     -2.40     0.35372E-004
     -2.30     0.85328E-004
     -2.20     0.19738E-003
     -2.10     0.43775E-003
     -2.00     0.93049E-003
     -1.90     0.18952E-002
     -1.80     0.36979E-002
     -1.70     0.69101E-002
     -1.60     0.12364E-001
     -1.50     0.21180E-001
     -1.40     0.34736E-001
     -1.30     0.54556E-001
     -1.20     0.82094E-001
     -1.10     0.11845E+000
     -1.00     0.16408E+000
     -0.90     0.21850E+000
     -0.80     0.28025E+000
     -0.70     0.34688E+000
     -0.60     0.41517E+000
     -0.50     0.48146E+000
     -0.40     0.54198E+000
     -0.30     0.59321E+000
     -0.20     0.63211E+000
     -0.10     0.65641E+000
      0.00     0.66467E+000
      0.10     0.65641E+000
      0.20     0.63211E+000
      0.30     0.59321E+000
      0.40     0.54198E+000
      0.50     0.48146E+000
      0.60     0.41517E+000
      0.70     0.34688E+000
      0.80     0.28025E+000
      0.90     0.21850E+000
      1.00     0.16408E+000
      1.10     0.11845E+000
      1.20     0.82094E-001
      1.30     0.54556E-001
      1.40     0.34736E-001
      1.50     0.21180E-001
      1.60     0.12364E-001
      1.70     0.69101E-002
      1.80     0.36979E-002
      1.90     0.18952E-002
      2.00     0.93049E-003
      2.10     0.43775E-003
      2.20     0.19738E-003
      2.30     0.85328E-004
      2.40     0.35372E-004
      2.50     0.14064E-004
      2.60     0.53643E-005
      2.70     0.19632E-005
      2.80     0.68944E-006
      2.90     0.23237E-006
      3.00     0.75170E-007
      3.10     0.23340E-007
      3.20     0.69553E-008
      3.30     0.19891E-008
      3.40     0.54576E-009
      3.50     0.14362E-009
      3.60     0.36227E-010
      3.70     0.87517E-011
      3.80     0.20223E-011
      3.90     0.44616E-012
      4.00     0.93730E-013
      4.10     0.18676E-013
      4.20     0.35091E-014
      4.30     0.61707E-015
      4.40     0.10090E-015
      4.50     0.15569E-016
      4.60     0.25559E-017
      4.70     0.62503E-018
      4.80     0.25598E-018
      4.90     0.12620E-018
      5.00     0.61937E-019
      5.10     0.29320E-019
      5.20     0.13454E-019
      5.30     0.60188E-020
      5.40     0.26272E-020
      5.50     0.11149E-020
      5.60     0.45661E-021
      5.70     0.17836E-021
      5.80     0.65053E-022
      5.90     0.21121E-022
      6.00     0.00000E+000
