     -8.00     0.00000E+000
     -7.90     0.29539E-026
     -7.80     0.14925E-025
     -7.70     0.47545E-025
     -7.60     0.12927E-024
     -7.50     0.32426E-024
     -7.40     0.77455E-024
     -7.30     0.18083E-023
     -7.20     0.42761E-023
     -7.10     0.10669E-022
     -7.00     0.28629E-022
     -6.90     0.80897E-022
     -6.80     0.23024E-021
     -6.70     0.63467E-021
     -6.60     0.16556E-020
     -6.50     0.40510E-020
     -6.40     0.93201E-020
     -6.30     0.20436E-019
     -6.20     0.43820E-019
     -6.10     0.95117E-019
     -6.00     0.21490E-018
     -5.90     0.50536E-018
     -5.80     0.11998E-017
     -5.70     0.27582E-017
     -5.60     0.59341E-017
     -5.50     0.11843E-016
     -5.40     0.23446E-016
     -5.30     0.58358E-016
     -5.20     0.22326E-015
     -5.10     0.10683E-014
     -5.00     0.50862E-014
     -4.90     0.22561E-013
     -4.80     0.93075E-013
     -4.70     0.36093E-012
     -4.60     0.13291E-011
     -4.50     0.46840E-011
     -4.40     0.15884E-010
     -4.30     0.52018E-010
     -4.20     0.16492E-009
     -4.10     0.50692E-009
     -4.00     0.15122E-008
     -3.90     0.43799E-008
     -3.80     0.12321E-007
     -3.70     0.33668E-007
     -3.60     0.89363E-007
     -3.50     0.23038E-006
     -3.40     0.57684E-006
     -3.30     0.14025E-005
     -3.20     0.33111E-005
     -3.10     0.75883E-005
     -3.00     0.16880E-004
     -2.90     0.36442E-004
     -2.80     0.76333E-004
     -2.70     0.15511E-003
     -2.60     0.30571E-003
     -2.50     0.58425E-003
     -2.40     0.10825E-002
     -2.30     0.19440E-002
     -2.20     0.33830E-002
     -2.10     0.57037E-002
     -2.00     0.93151E-002
     -1.90     0.14735E-001
     -1.80     0.22576E-001
     -1.70     0.33507E-001
     -1.60     0.48188E-001
     -1.50     0.67186E-001
     -1.40     0.90878E-001
     -1.30     0.11937E+000
     -1.20     0.15244E+000
     -1.10     0.18951E+000
     -1.00     0.22967E+000
     -0.90     0.27178E+000
     -0.80     0.31448E+000
     -0.70     0.35634E+000
     -0.60     0.39595E+000
     -0.50     0.43195E+000
     -0.40     0.46315E+000
     -0.30     0.48851E+000
     -0.20     0.50722E+000
     -0.10     0.51868E+000
      0.00     0.52254E+000
      0.10     0.51868E+000
      0.20     0.50722E+000
      0.30     0.48851E+000
      0.40     0.46315E+000
      0.50     0.43195E+000
      0.60     0.39595E+000
      0.70     0.35634E+000
      0.80     0.31448E+000
      0.90     0.27178E+000
      1.00     0.22967E+000
      1.10     0.18951E+000
      1.20     0.15244E+000
      1.30     0.11937E+000
      1.40     0.90878E-001
      1.50     0.67186E-001
      1.60     0.48188E-001
      1.70     0.33507E-001
      1.80     0.22576E-001
      1.90     0.14735E-001
      2.00     0.93151E-002
      2.10     0.57037E-002
      2.20     0.33830E-002
      2.30     0.19440E-002
      2.40     0.10825E-002
      2.50     0.58425E-003
      2.60     0.30571E-003
      2.70     0.15511E-003
      2.80     0.76333E-004
      2.90     0.36442E-004
      3.00     0.16880E-004
      3.10     0.75883E-005
      3.20     0.33111E-005
      3.30     0.14025E-005
      3.40     0.57684E-006
      3.50     0.23038E-006
      3.60     0.89363E-007
      3.70     0.33668E-007
      3.80     0.12321E-007
      3.90     0.43799E-008
      4.00     0.15122E-008
      4.10     0.50692E-009
      4.20     0.16492E-009
      4.30     0.52018E-010
      4.40     0.15884E-010
      4.50     0.46840E-011
      4.60     0.13291E-011
      4.70     0.36093E-012
      4.80     0.93075E-013
      4.90     0.22561E-013
      5.00     0.50862E-014
      5.10     0.10683E-014
      5.20     0.22326E-015
      5.30     0.58358E-016
      5.40     0.23446E-016
      5.50     0.11843E-016
      5.60     0.59341E-017
      5.70     0.27582E-017
      5.80     0.11999E-017
      5.90     0.50537E-018
      6.00     0.21490E-018
      6.10     0.95117E-019
      6.20     0.43819E-019
      6.30     0.20435E-019
      6.40     0.93192E-020
      6.50     0.40506E-020
      6.60     0.16556E-020
      6.70     0.63494E-021
      6.80     0.23055E-021
      6.90     0.81138E-022
      7.00     0.28781E-022
      7.10     0.10747E-022
      7.20     0.43116E-023
      7.30     0.18240E-023
      7.40     0.78326E-024
      7.50     0.33097E-024
      7.60     0.13542E-024
      7.70     0.53267E-025
      7.80     0.19881E-025
      7.90     0.66919E-026
      8.00     0.00000E+000
