     0.000  0.14955881E+00
     0.020  0.14955881E+00
     0.040  0.14950669E+00
     0.060  0.14941289E+00
     0.080  0.14927892E+00
     0.100  0.14910532E+00
     0.120  0.14889235E+00
     0.140  0.14864017E+00
     0.160  0.14834891E+00
     0.180  0.14801867E+00
     0.200  0.14764957E+00
     0.220  0.14724169E+00
     0.240  0.14679514E+00
     0.260  0.14631004E+00
     0.280  0.14578649E+00
     0.300  0.14522464E+00
     0.320  0.14462460E+00
     0.340  0.14398652E+00
     0.360  0.14331057E+00
     0.380  0.14259691E+00
     0.400  0.14184572E+00
     0.420  0.14105720E+00
     0.440  0.14023155E+00
     0.460  0.13936901E+00
     0.480  0.13846980E+00
     0.500  0.13753420E+00
     0.520  0.13656247E+00
     0.540  0.13555491E+00
     0.560  0.13451184E+00
     0.580  0.13343359E+00
     0.600  0.13232050E+00
     0.620  0.13117298E+00
     0.640  0.12999140E+00
     0.660  0.12877621E+00
     0.680  0.12752785E+00
     0.700  0.12624681E+00
     0.720  0.12493359E+00
     0.740  0.12358871E+00
     0.760  0.12221276E+00
     0.780  0.12080633E+00
     0.800  0.11937003E+00
     0.820  0.11790454E+00
     0.840  0.11641054E+00
     0.860  0.11488876E+00
     0.880  0.11333997E+00
     0.900  0.11176496E+00
     0.920  0.11016458E+00
     0.940  0.10853968E+00
     0.960  0.10689118E+00
     0.980  0.10522004E+00
     1.000  0.10352723E+00
     1.020  0.10181379E+00
     1.040  0.10008077E+00
     1.060  0.98329288E-01
     1.080  0.96560480E-01
     1.100  0.94775527E-01
     1.120  0.92975647E-01
     1.140  0.91162095E-01
     1.160  0.89336163E-01
     1.180  0.87499176E-01
     1.200  0.85652493E-01
     1.220  0.83797508E-01
     1.240  0.81935641E-01
     1.260  0.80068344E-01
     1.280  0.78197095E-01
     1.300  0.76323393E-01
     1.320  0.74448761E-01
     1.340  0.72574740E-01
     1.360  0.70702886E-01
     1.380  0.68834768E-01
     1.400  0.66971963E-01
     1.420  0.65116053E-01
     1.440  0.63268623E-01
     1.460  0.61431253E-01
     1.480  0.59605518E-01
     1.500  0.57792981E-01
     1.520  0.55995191E-01
     1.540  0.54213675E-01
     1.560  0.52449938E-01
     1.580  0.50705456E-01
     1.600  0.48981671E-01
     1.620  0.47279986E-01
     1.640  0.45601766E-01
     1.660  0.43948324E-01
     1.680  0.42320928E-01
     1.700  0.40720786E-01
     1.720  0.39149052E-01
     1.740  0.37606815E-01
     1.760  0.36095097E-01
     1.780  0.34614856E-01
     1.800  0.33166972E-01
     1.820  0.31752256E-01
     1.840  0.30371440E-01
     1.860  0.29025177E-01
     1.880  0.27714041E-01
     1.900  0.26438524E-01
     1.920  0.25199039E-01
     1.940  0.23995914E-01
     1.960  0.22829395E-01
     1.980  0.21699648E-01
     2.000  0.20606758E-01
     2.020  0.19550729E-01
     2.040  0.18531488E-01
     2.060  0.17548887E-01
     2.080  0.16602704E-01
     2.100  0.15692644E-01
     2.120  0.14818347E-01
     2.140  0.13979386E-01
     2.160  0.13175274E-01
     2.180  0.12405463E-01
     2.200  0.11669356E-01
     2.220  0.10966302E-01
     2.240  0.10295604E-01
     2.260  0.96565259E-02
     2.280  0.90482917E-02
     2.300  0.84700927E-02
     2.320  0.79210911E-02
     2.340  0.74004240E-02
     2.360  0.69072079E-02
     2.380  0.64405425E-02
     2.400  0.59995147E-02
     2.420  0.55832024E-02
     2.440  0.51906783E-02
     2.460  0.48210135E-02
     2.480  0.44732805E-02
     2.500  0.41465566E-02
     2.520  0.38399266E-02
     2.540  0.35524860E-02
     2.560  0.32833431E-02
     2.580  0.30316213E-02
     2.600  0.27964615E-02
     2.620  0.25770236E-02
     2.640  0.23724885E-02
     2.660  0.21820592E-02
     2.680  0.20049624E-02
     2.700  0.18404490E-02
     2.720  0.16877957E-02
     2.740  0.15463049E-02
     2.760  0.14153057E-02
     2.780  0.12941539E-02
     2.800  0.11822325E-02
     2.820  0.10789515E-02
     2.840  0.98374762E-03
     2.860  0.89608464E-03
     2.880  0.81545257E-03
     2.900  0.74136740E-03
     2.920  0.67337062E-03
     2.940  0.61102861E-03
     2.960  0.55393195E-03
     2.980  0.50169477E-03
     3.000  0.45395398E-03
     3.020  0.41036846E-03
     3.040  0.37061825E-03
     3.060  0.33440372E-03
     3.080  0.30144470E-03
     3.100  0.27147964E-03
     3.120  0.24426469E-03
     3.140  0.21957289E-03
     3.160  0.19719328E-03
     3.180  0.17693005E-03
     3.200  0.15860174E-03
     3.220  0.14204040E-03
     3.240  0.12709082E-03
     3.260  0.11360972E-03
     3.280  0.10146507E-03
     3.300  0.90535336E-04
     3.320  0.80708786E-04
     3.340  0.71882859E-04
     3.360  0.63963522E-04
     3.380  0.56864676E-04
     3.400  0.50507582E-04
     3.420  0.44820329E-04
     3.440  0.39737321E-04
     3.460  0.35198798E-04
     3.480  0.31150384E-04
     3.500  0.27542660E-04
     3.520  0.24330770E-04
     3.540  0.21474047E-04
     3.560  0.18935667E-04
     3.580  0.16682323E-04
     3.600  0.14683926E-04
     3.620  0.12913327E-04
     3.640  0.11346056E-04
     3.660  0.99600854E-05
     3.680  0.87356063E-05
     3.700  0.76548275E-05
     3.720  0.67017870E-05
     3.740  0.58621803E-05
     3.760  0.51232028E-05
     3.780  0.44734048E-05
     3.800  0.39025602E-05
     3.820  0.34015450E-05
     3.840  0.29622279E-05
     3.860  0.25773702E-05
     3.880  0.22405346E-05
     3.900  0.19460027E-05
     3.920  0.16887002E-05
     3.940  0.14641294E-05
     3.960  0.12683073E-05
     3.980  0.10977112E-05
     4.000  0.94922817E-06
     4.020  0.82011069E-06
     4.040  0.70793603E-06
     4.060  0.61057022E-06
     4.080  0.52613555E-06
     4.100  0.45298149E-06
     4.120  0.38965872E-06
     4.140  0.33489589E-06
     4.160  0.28757892E-06
     4.180  0.24673253E-06
     4.200  0.21150385E-06
     4.220  0.18114774E-06
     4.240  0.15501391E-06
     4.260  0.13253539E-06
     4.280  0.11321835E-06
     4.300  0.96633069E-07
     4.320  0.82406046E-07
     4.340  0.70212917E-07
     4.360  0.59772286E-07
     4.380  0.50840279E-07
     4.400  0.43205742E-07
     4.420  0.36686034E-07
     4.440  0.31123333E-07
     4.460  0.26381393E-07
     4.480  0.22342713E-07
     4.500  0.18906055E-07
     4.520  0.15984277E-07
     4.540  0.13502444E-07
     4.560  0.11396182E-07
     4.580  0.96102381E-08
     4.600  0.80972393E-08
     4.620  0.68166043E-08
     4.640  0.57336041E-08
     4.660  0.48185465E-08
     4.680  0.40460697E-08
     4.700  0.33945315E-08
     4.720  0.28454811E-08
     4.740  0.23832036E-08
     4.760  0.19943270E-08
     4.780  0.16674836E-08
     4.800  0.13930186E-08
     4.820  0.11627400E-08
     4.840  0.96970310E-09
     4.860  0.80802655E-09
     4.880  0.67273384E-09
     4.900  0.55961823E-09
     4.920  0.46512693E-09
     4.940  0.38626223E-09
     4.960  0.32049719E-09
     4.980  0.26570362E-09
     5.000  0.22009085E-09
     5.020  0.18215360E-09
     5.040  0.15062765E-09
     5.060  0.12445223E-09
     5.080  0.10273809E-09
     5.100  0.84740477E-10
     5.120  0.69836183E-10
     5.140  0.57504227E-10
     5.160  0.47309470E-10
     5.180  0.38888804E-10
     5.200  0.31939509E-10
     5.220  0.26209436E-10
     5.240  0.21488754E-10
     5.260  0.17603006E-10
     5.280  0.14407277E-10
     5.300  0.11781299E-10
     5.320  0.96253531E-11
     5.340  0.78568316E-11
     5.360  0.64073635E-11
     5.380  0.52204128E-11
     5.400  0.42492717E-11
     5.420  0.34553871E-11
     5.440  0.28069655E-11
     5.460  0.22778113E-11
     5.480  0.18463609E-11
     5.500  0.14948792E-11
     5.520  0.12087936E-11
     5.540  0.97614006E-12
     5.560  0.78710572E-12
     5.580  0.63364889E-12
     5.600  0.50918552E-12
     5.620  0.40832985E-12
     5.640  0.32668034E-12
     5.660  0.26064316E-12
     5.680  0.20728673E-12
     5.700  0.16422203E-12
     5.720  0.12950415E-12
     5.740  0.10155149E-12
     5.760  0.79079367E-13
     5.780  0.61045749E-13
     5.800  0.46606755E-13
     5.820  0.35080366E-13
     5.840  0.25916833E-13
     5.860  0.18674643E-13
     5.880  0.13001063E-13
     5.900  0.86164927E-14
     5.920  0.53019854E-14
     5.940  0.28894315E-14
     5.960  0.12540120E-14
     5.980  0.30861494E-15
     6.000  0.00000000E+00
