    -3.000  0.00000000E+00
    -2.980  0.18054431E-15
    -2.960  0.76177377E-15
    -2.940  0.18694364E-14
    -2.920  0.37392407E-14
    -2.900  0.67625172E-14
    -2.880  0.11561754E-13
    -2.860  0.19109385E-13
    -2.840  0.30910742E-13
    -2.820  0.49282908E-13
    -2.800  0.77777151E-13
    -2.780  0.12181588E-12
    -2.760  0.18964924E-12
    -2.740  0.29378650E-12
    -2.720  0.45312994E-12
    -2.700  0.69614487E-12
    -2.680  0.10655518E-11
    -2.660  0.16252474E-11
    -2.640  0.24704748E-11
    -2.620  0.37427185E-11
    -2.600  0.56514364E-11
    -2.580  0.85056556E-11
    -2.560  0.12759744E-10
    -2.540  0.19079475E-10
    -2.520  0.28437038E-10
    -2.500  0.42247188E-10
    -2.480  0.62561613E-10
    -2.460  0.92345431E-10
    -2.440  0.13586905E-09
    -2.420  0.19926151E-09
    -2.400  0.29128892E-09
    -2.380  0.42444555E-09
    -2.360  0.61647750E-09
    -2.340  0.89250242E-09
    -2.320  0.12879475E-08
    -2.300  0.18526062E-08
    -2.280  0.26562191E-08
    -2.260  0.37961214E-08
    -2.240  0.54076838E-08
    -2.220  0.76785118E-08
    -2.200  0.10867683E-07
    -2.180  0.15331707E-07
    -2.160  0.21559432E-07
    -2.140  0.30218775E-07
    -2.120  0.42219070E-07
    -2.100  0.58793898E-07
    -2.080  0.81610705E-07
    -2.060  0.11291530E-06
    -2.040  0.15572155E-06
    -2.020  0.21405943E-06
    -2.000  0.29329808E-06
    -1.980  0.40056473E-06
    -1.960  0.54528592E-06
    -1.940  0.73988354E-06
    -1.920  0.10006665E-05
    -1.900  0.13489682E-05
    -1.880  0.18125907E-05
    -1.860  0.24276321E-05
    -1.840  0.32407867E-05
    -1.820  0.43122289E-05
    -1.800  0.57192130E-05
    -1.780  0.75605462E-05
    -1.760  0.99621204E-05
    -1.740  0.13083725E-04
    -1.720  0.17127393E-04
    -1.700  0.22347587E-04
    -1.680  0.29063554E-04
    -1.660  0.37674260E-04
    -1.640  0.48676332E-04
    -1.620  0.62685517E-04
    -1.600  0.80462215E-04
    -1.580  0.10294168E-03
    -1.560  0.13126960E-03
    -1.540  0.16684367E-03
    -1.520  0.21136205E-03
    -1.500  0.26687941E-03
    -1.480  0.33587127E-03
    -1.460  0.42130768E-03
    -1.440  0.52673670E-03
    -1.420  0.65637857E-03
    -1.400  0.81523110E-03
    -1.380  0.10091867E-02
    -1.360  0.12451612E-02
    -1.340  0.15312349E-02
    -1.320  0.18768047E-02
    -1.300  0.22927475E-02
    -1.280  0.27915929E-02
    -1.260  0.33877044E-02
    -1.240  0.40974661E-02
    -1.220  0.49394722E-02
    -1.200  0.59347161E-02
    -1.180  0.71067745E-02
    -1.160  0.84819811E-02
    -1.140  0.10089585E-01
    -1.120  0.11961888E-01
    -1.100  0.14134349E-01
    -1.080  0.16645654E-01
    -1.060  0.19537745E-01
    -1.040  0.22855787E-01
    -1.020  0.26648078E-01
    -1.000  0.30965896E-01
    -0.980  0.35863254E-01
    -0.960  0.41396590E-01
    -0.940  0.47624353E-01
    -0.920  0.54606505E-01
    -0.900  0.62403927E-01
    -0.880  0.71077731E-01
    -0.860  0.80688480E-01
    -0.840  0.91295325E-01
    -0.820  0.10295506E+00
    -0.800  0.11572112E+00
    -0.780  0.12964252E+00
    -0.760  0.14476275E+00
    -0.740  0.16111869E+00
    -0.720  0.17873945E+00
    -0.700  0.19764536E+00
    -0.680  0.21784691E+00
    -0.660  0.23934377E+00
    -0.640  0.26212399E+00
    -0.620  0.28616320E+00
    -0.600  0.31142409E+00
    -0.580  0.33785590E+00
    -0.560  0.36539422E+00
    -0.540  0.39396087E+00
    -0.520  0.42346404E+00
    -0.500  0.45379859E+00
    -0.480  0.48484657E+00
    -0.460  0.51647792E+00
    -0.440  0.54855133E+00
    -0.420  0.58091533E+00
    -0.400  0.61340950E+00
    -0.380  0.64586576E+00
    -0.360  0.67810993E+00
    -0.340  0.70996320E+00
    -0.320  0.74124384E+00
    -0.300  0.77176883E+00
    -0.280  0.80135560E+00
    -0.260  0.82982377E+00
    -0.240  0.85699679E+00
    -0.220  0.88270368E+00
    -0.200  0.90678057E+00
    -0.180  0.92907228E+00
    -0.160  0.94943376E+00
    -0.140  0.96773142E+00
    -0.120  0.98384438E+00
    -0.100  0.99766556E+00
    -0.080  0.10091027E+01
    -0.060  0.10180790E+01
    -0.040  0.10245343E+01
    -0.020  0.10284250E+01
     0.000  0.10297248E+01
     0.020  0.10284250E+01
     0.040  0.10245343E+01
     0.060  0.10180790E+01
     0.080  0.10091027E+01
     0.100  0.99766556E+00
     0.120  0.98384438E+00
     0.140  0.96773142E+00
     0.160  0.94943376E+00
     0.180  0.92907228E+00
     0.200  0.90678057E+00
     0.220  0.88270368E+00
     0.240  0.85699679E+00
     0.260  0.82982377E+00
     0.280  0.80135560E+00
     0.300  0.77176883E+00
     0.320  0.74124384E+00
     0.340  0.70996320E+00
     0.360  0.67810993E+00
     0.380  0.64586576E+00
     0.400  0.61340950E+00
     0.420  0.58091533E+00
     0.440  0.54855133E+00
     0.460  0.51647792E+00
     0.480  0.48484657E+00
     0.500  0.45379859E+00
     0.520  0.42346404E+00
     0.540  0.39396087E+00
     0.560  0.36539422E+00
     0.580  0.33785590E+00
     0.600  0.31142409E+00
     0.620  0.28616320E+00
     0.640  0.26212399E+00
     0.660  0.23934377E+00
     0.680  0.21784691E+00
     0.700  0.19764536E+00
     0.720  0.17873945E+00
     0.740  0.16111869E+00
     0.760  0.14476275E+00
     0.780  0.12964252E+00
     0.800  0.11572112E+00
     0.820  0.10295506E+00
     0.840  0.91295325E-01
     0.860  0.80688480E-01
     0.880  0.71077731E-01
     0.900  0.62403927E-01
     0.920  0.54606505E-01
     0.940  0.47624353E-01
     0.960  0.41396590E-01
     0.980  0.35863254E-01
     1.000  0.30965896E-01
     1.020  0.26648078E-01
     1.040  0.22855787E-01
     1.060  0.19537745E-01
     1.080  0.16645654E-01
     1.100  0.14134349E-01
     1.120  0.11961888E-01
     1.140  0.10089585E-01
     1.160  0.84819811E-02
     1.180  0.71067745E-02
     1.200  0.59347161E-02
     1.220  0.49394722E-02
     1.240  0.40974661E-02
     1.260  0.33877044E-02
     1.280  0.27915929E-02
     1.300  0.22927475E-02
     1.320  0.18768047E-02
     1.340  0.15312349E-02
     1.360  0.12451612E-02
     1.380  0.10091867E-02
     1.400  0.81523110E-03
     1.420  0.65637857E-03
     1.440  0.52673670E-03
     1.460  0.42130768E-03
     1.480  0.33587127E-03
     1.500  0.26687941E-03
     1.520  0.21136205E-03
     1.540  0.16684367E-03
     1.560  0.13126960E-03
     1.580  0.10294168E-03
     1.600  0.80462215E-04
     1.620  0.62685517E-04
     1.640  0.48676332E-04
     1.660  0.37674260E-04
     1.680  0.29063554E-04
     1.700  0.22347587E-04
     1.720  0.17127393E-04
     1.740  0.13083725E-04
     1.760  0.99621204E-05
     1.780  0.75605462E-05
     1.800  0.57192130E-05
     1.820  0.43122289E-05
     1.840  0.32407867E-05
     1.860  0.24276321E-05
     1.880  0.18125907E-05
     1.900  0.13489682E-05
     1.920  0.10006665E-05
     1.940  0.73988354E-06
     1.960  0.54528592E-06
     1.980  0.40056473E-06
     2.000  0.29329808E-06
     2.020  0.21405943E-06
     2.040  0.15572155E-06
     2.060  0.11291530E-06
     2.080  0.81610705E-07
     2.100  0.58793898E-07
     2.120  0.42219070E-07
     2.140  0.30218775E-07
     2.160  0.21559432E-07
     2.180  0.15331707E-07
     2.200  0.10867683E-07
     2.220  0.76785118E-08
     2.240  0.54076838E-08
     2.260  0.37961214E-08
     2.280  0.26562191E-08
     2.300  0.18526062E-08
     2.320  0.12879475E-08
     2.340  0.89250242E-09
     2.360  0.61647750E-09
     2.380  0.42444555E-09
     2.400  0.29128892E-09
     2.420  0.19926151E-09
     2.440  0.13586905E-09
     2.460  0.92345431E-10
     2.480  0.62561613E-10
     2.500  0.42247188E-10
     2.520  0.28437038E-10
     2.540  0.19079475E-10
     2.560  0.12759744E-10
     2.580  0.85056556E-11
     2.600  0.56514364E-11
     2.620  0.37427185E-11
     2.640  0.24704748E-11
     2.660  0.16252474E-11
     2.680  0.10655518E-11
     2.700  0.69614487E-12
     2.720  0.45312994E-12
     2.740  0.29378650E-12
     2.760  0.18964924E-12
     2.780  0.12181588E-12
     2.800  0.77777151E-13
     2.820  0.49282908E-13
     2.840  0.30910742E-13
     2.860  0.19109385E-13
     2.880  0.11561754E-13
     2.900  0.67625172E-14
     2.920  0.37392407E-14
     2.940  0.18694364E-14
     2.960  0.76177377E-15
     2.980  0.18054431E-15
     3.000  0.00000000E+00
