-6.500000e+00 4.538514e-74
-6.400000e+00 4.492893e-42
-6.300000e+00 8.881632e-41
-6.200000e+00 1.443979e-39
-6.100000e+00 2.110139e-38
-6.000000e+00 2.773460e-37
-5.900000e+00 3.263222e-36
-5.800000e+00 3.418209e-35
-5.700000e+00 3.168558e-34
-5.600000e+00 2.582248e-33
-5.500000e+00 1.837330e-32
-5.400000e+00 1.133316e-31
-5.300000e+00 6.020782e-31
-5.200000e+00 2.742360e-30
-5.100000e+00 1.071044e-29
-5.000000e+00 3.616836e-29
-4.900000e+00 1.075591e-28
-4.800000e+00 2.876336e-28
-4.700000e+00 6.958500e-28
-4.600000e+00 1.513687e-27
-4.500000e+00 3.173088e-27
-4.400000e+00 8.744521e-27
-4.300000e+00 4.023037e-26
-4.200000e+00 2.413006e-25
-4.100000e+00 1.560225e-24
-4.000000e+00 1.039031e-23
-3.900000e+00 6.992785e-23
-3.800000e+00 4.670081e-22
-3.700000e+00 3.037888e-21
-3.600000e+00 1.895290e-20
-3.500000e+00 1.128286e-19
-3.400000e+00 6.515535e-19
-3.300000e+00 3.837725e-18
-3.200000e+00 2.488024e-17
-3.100000e+00 1.855736e-16
-3.000000e+00 1.535571e-15
-2.900000e+00 1.310255e-14
-2.800000e+00 1.093330e-13
-2.700000e+00 8.695659e-13
-2.600000e+00 6.521777e-12
-2.500000e+00 4.590040e-11
-2.400000e+00 3.022050e-10
-2.300000e+00 1.856475e-09
-2.200000e+00 1.061621e-08
-2.100000e+00 5.639900e-08
-2.000000e+00 2.778926e-07
-1.900000e+00 1.268253e-06
-1.800000e+00 5.355352e-06
-1.700000e+00 2.090392e-05
-1.600000e+00 7.536650e-05
-1.500000e+00 2.507953e-04
-1.400000e+00 7.697403e-04
-1.300000e+00 2.177474e-03
-1.200000e+00 5.673507e-03
-1.100000e+00 1.360700e-02
-1.000000e+00 3.002281e-02
-9.000000e-01 6.092260e-02
-8.000000e-01 1.137041e-01
-7.000000e-01 1.953184e-01
-6.000000e-01 3.092601e-01
-5.000000e-01 4.524156e-01
-4.000000e-01 6.133679e-01
-3.000000e-01 7.733649e-01
-2.000000e-01 9.099315e-01
-1.000000e-01 1.001921e+00
0.000000e+00 1.034379e+00
1.000000e-01 1.001921e+00
2.000000e-01 9.099315e-01
3.000000e-01 7.733649e-01
4.000000e-01 6.133679e-01
5.000000e-01 4.524156e-01
6.000000e-01 3.092601e-01
7.000000e-01 1.953184e-01
8.000000e-01 1.137041e-01
9.000000e-01 6.092260e-02
1.000000e+00 3.002281e-02
1.100000e+00 1.360700e-02
1.200000e+00 5.673507e-03
1.300000e+00 2.177474e-03
1.400000e+00 7.697403e-04
1.500000e+00 2.507953e-04
1.600000e+00 7.536650e-05
1.700000e+00 2.090392e-05
1.800000e+00 5.355352e-06
1.900000e+00 1.268253e-06
2.000000e+00 2.778926e-07
2.100000e+00 5.639900e-08
2.200000e+00 1.061621e-08
2.300000e+00 1.856475e-09
2.400000e+00 3.022050e-10
2.500000e+00 4.590040e-11
2.600000e+00 6.521777e-12
2.700000e+00 8.695659e-13
2.800000e+00 1.093330e-13
2.900000e+00 1.310255e-14
3.000000e+00 1.535572e-15
3.100000e+00 1.855736e-16
3.200000e+00 2.488022e-17
3.300000e+00 3.837726e-18
3.400000e+00 6.515531e-19
3.500000e+00 1.128273e-19
3.600000e+00 1.895239e-20
3.700000e+00 3.037796e-21
3.800000e+00 4.669845e-22
3.900000e+00 6.991962e-23
4.000000e+00 1.038962e-23
4.100000e+00 1.560315e-24
4.200000e+00 2.409723e-25
4.300000e+00 4.034633e-26
4.400000e+00 9.064653e-27
4.500000e+00 3.240113e-27
4.600000e+00 1.382528e-27
4.700000e+00 5.657963e-28
4.800000e+00 2.242040e-28
4.900000e+00 8.792683e-29
5.000000e+00 3.233087e-29
5.100000e+00 1.041247e-29
5.200000e+00 2.836441e-30
5.300000e+00 6.486461e-31
5.400000e+00 1.251444e-31
5.500000e+00 2.055537e-32
5.600000e+00 2.902507e-33
5.700000e+00 3.555810e-34
5.800000e+00 3.810865e-35
5.900000e+00 3.599563e-36
6.000000e+00 3.016423e-37
6.100000e+00 2.255194e-38
6.200000e+00 1.503535e-39
6.300000e+00 8.139658e-41
6.400000e+00 7.904478e-72
