0.000000e+00 1.485585e-01
1.000000e-01 1.485585e-01
2.000000e-01 1.472649e-01
3.000000e-01 1.448969e-01
4.000000e-01 1.415146e-01
5.000000e-01 1.372280e-01
6.000000e-01 1.320707e-01
7.000000e-01 1.260143e-01
8.000000e-01 1.191415e-01
9.000000e-01 1.115571e-01
1.000000e+00 1.033328e-01
1.100000e+00 9.459275e-02
1.200000e+00 8.550108e-02
1.300000e+00 7.623062e-02
1.400000e+00 6.693480e-02
1.500000e+00 5.779100e-02
1.600000e+00 4.901265e-02
1.700000e+00 4.078383e-02
1.800000e+00 3.325250e-02
1.900000e+00 2.654110e-02
2.000000e+00 2.071487e-02
2.100000e+00 1.579276e-02
2.200000e+00 1.175988e-02
2.300000e+00 8.549824e-03
2.400000e+00 6.064989e-03
2.500000e+00 4.197873e-03
2.600000e+00 2.836435e-03
2.700000e+00 1.869655e-03
2.800000e+00 1.202709e-03
2.900000e+00 7.558138e-04
3.000000e+00 4.632333e-04
3.100000e+00 2.774064e-04
3.200000e+00 1.623759e-04
3.300000e+00 9.262633e-05
3.400000e+00 5.170220e-05
3.500000e+00 2.823982e-05
3.600000e+00 1.500936e-05
3.700000e+00 7.836252e-06
3.800000e+00 3.993048e-06
3.900000e+00 1.937206e-06
4.000000e+00 9.171567e-07
4.100000e+00 4.236507e-07
4.200000e+00 1.858956e-07
4.300000e+00 8.538157e-08
4.400000e+00 4.368288e-08
4.500000e+00 2.173124e-08
4.600000e+00 1.045337e-08
4.700000e+00 8.131093e-09
4.800000e+00 8.888410e-09
4.900000e+00 7.153055e-09
5.000000e+00 3.896542e-09
5.100000e+00 2.718238e-09
5.200000e+00 4.144950e-09
5.300000e+00 3.836239e-09
5.400000e+00 2.271375e-09
5.500000e+00 1.734999e-09
5.600000e+00 1.135770e-09
5.700000e+00 9.431971e-10
5.800000e+00 1.151092e-09
5.900000e+00 8.808397e-10
6.000000e+00 6.095987e-10
6.100000e+00 4.040243e-10
6.200000e+00 1.651157e-10
6.300000e+00 7.868925e-11
6.400000e+00 1.337505e-10
6.500000e+00 1.876699e-10
6.600000e+00 1.375524e-11
6.700000e+00 1.119020e-10
6.800000e+00 4.186364e-10
6.900000e+00 3.961640e-10
7.000000e+00 1.862815e-10
7.100000e+00 1.215173e-10
7.200000e+00 1.364061e-10
7.300000e+00 1.983759e-10
7.400000e+00 1.585848e-10
7.500000e+00 8.349579e-11
7.600000e+00 3.350646e-11
7.700000e+00 4.485858e-11
7.800000e+00 3.708241e-11
7.900000e+00 7.846958e-11
8.000000e+00 2.669648e-10
8.100000e+00 4.027330e-10
8.200000e+00 2.334754e-10
8.300000e+00 8.170900e-11
8.400000e+00 5.142770e-11
8.500000e+00 3.188531e-11
8.600000e+00 6.533481e-12
8.700000e+00 1.837704e-11
8.800000e+00 1.657609e-10
8.900000e+00 2.067867e-10
9.000000e+00 6.862763e-11
9.100000e+00 1.212915e-11
9.200000e+00 1.230356e-11
9.300000e+00 1.377558e-11
9.400000e+00 5.083207e-12
9.500000e+00 2.162625e-11
9.600000e+00 5.249387e-11
9.700000e+00 8.139512e-11
9.800000e+00 8.048063e-11
9.900000e+00 3.705793e-11
1.000000e+01 5.118233e-11
1.010000e+01 5.402650e-11
1.020000e+01 5.681240e-11
1.030000e+01 1.443360e-10
1.040000e+01 1.853782e-10
1.050000e+01 4.887502e-11
1.060000e+01 3.590699e-12
1.070000e+01 1.266574e-11
1.080000e+01 5.438835e-11
1.090000e+01 5.570712e-11
1.100000e+01 2.021191e-11
1.110000e+01 3.610451e-12
1.120000e+01 4.835268e-12
1.130000e+01 1.047319e-11
1.140000e+01 2.135172e-11
1.150000e+01 1.103687e-11
1.160000e+01 2.899708e-12
1.170000e+01 2.283984e-11
1.180000e+01 1.458307e-11
1.190000e+01 3.618014e-12
1.200000e+01 1.020094e-11
1.210000e+01 3.708095e-11
1.220000e+01 3.973458e-11
1.230000e+01 2.266094e-11
1.240000e+01 9.293608e-12
1.250000e+01 3.162967e-12
1.260000e+01 2.266629e-12
1.270000e+01 3.202267e-12
1.280000e+01 3.391487e-12
1.290000e+01 0.000000e+00
