-1.000000e+01 0.000000e+00
-9.800000e+00 5.681339e-28
-9.600000e+00 4.000845e-27
-9.400000e+00 2.184642e-26
-9.200000e+00 1.077194e-25
-9.000000e+00 5.163882e-25
-8.800000e+00 2.379802e-24
-8.600000e+00 1.070451e-23
-8.400000e+00 4.630685e-23
-8.200000e+00 1.854862e-22
-8.000000e+00 6.666477e-22
-7.800000e+00 2.111230e-21
-7.600000e+00 6.105333e-21
-7.400000e+00 2.072038e-20
-7.200000e+00 1.203195e-19
-7.000000e+00 9.425160e-19
-6.800000e+00 7.093118e-18
-6.600000e+00 4.844567e-17
-6.400000e+00 3.143728e-16
-6.200000e+00 2.064456e-15
-6.000000e+00 1.434984e-14
-5.800000e+00 1.062647e-13
-5.600000e+00 8.153459e-13
-5.400000e+00 6.225225e-12
-5.200000e+00 4.568024e-11
-5.000000e+00 3.148075e-10
-4.800000e+00 2.011306e-09
-4.600000e+00 1.183706e-08
-4.400000e+00 6.399063e-08
-4.200000e+00 3.174023e-07
-4.000000e+00 1.443860e-06
-3.800000e+00 6.021725e-06
-3.600000e+00 2.301534e-05
-3.400000e+00 8.056657e-05
-3.200000e+00 2.580969e-04
-3.000000e+00 7.558986e-04
-2.800000e+00 2.021578e-03
-2.600000e+00 4.931043e-03
-2.400000e+00 1.095904e-02
-2.200000e+00 2.218339e-02
-2.000000e+00 4.093199e-02
-1.800000e+00 6.902598e-02
-1.600000e+00 1.068909e-01
-1.400000e+00 1.530344e-01
-1.200000e+00 2.042270e-01
-1.000000e+00 2.562624e-01
-8.000000e-01 3.048575e-01
-6.000000e-01 3.463099e-01
-4.000000e-01 3.777974e-01
-2.000000e-01 3.974101e-01
0.000000e+00 4.040640e-01
2.000000e-01 3.974101e-01
4.000000e-01 3.777974e-01
6.000000e-01 3.463099e-01
8.000000e-01 3.048575e-01
1.000000e+00 2.562624e-01
1.200000e+00 2.042270e-01
1.400000e+00 1.530344e-01
1.600000e+00 1.068909e-01
1.800000e+00 6.902598e-02
2.000000e+00 4.093199e-02
2.200000e+00 2.218339e-02
2.400000e+00 1.095904e-02
2.600000e+00 4.931043e-03
2.800000e+00 2.021578e-03
3.000000e+00 7.558986e-04
3.200000e+00 2.580969e-04
3.400000e+00 8.056657e-05
3.600000e+00 2.301534e-05
3.800000e+00 6.021725e-06
4.000000e+00 1.443860e-06
4.200000e+00 3.174023e-07
4.400000e+00 6.399063e-08
4.600000e+00 1.183706e-08
4.800000e+00 2.011306e-09
5.000000e+00 3.148075e-10
5.200000e+00 4.568024e-11
5.400000e+00 6.225225e-12
5.600000e+00 8.153460e-13
5.800000e+00 1.062647e-13
6.000000e+00 1.434984e-14
6.200000e+00 2.064456e-15
6.400000e+00 3.143728e-16
6.600000e+00 4.844564e-17
6.800000e+00 7.093132e-18
7.000000e+00 9.425192e-19
7.200000e+00 1.203203e-19
7.400000e+00 2.072075e-20
7.600000e+00 6.105056e-21
7.800000e+00 2.110892e-21
8.000000e+00 6.667598e-22
8.200000e+00 1.854257e-22
8.400000e+00 4.633823e-23
8.600000e+00 1.072599e-23
8.800000e+00 2.383228e-24
9.000000e+00 5.139079e-25
9.200000e+00 1.080305e-25
9.400000e+00 2.037855e-26
9.600000e+00 3.466963e-27
9.800000e+00 3.461980e-28
