0.000000e+00   9.390474e-01      7.287115e-01   5.774655e-01
1.600000e-02   9.390716e-01      7.286676e-01   5.775435e-01
3.200000e-02   9.390944e-01      7.286246e-01   5.776245e-01
4.800000e-02   9.391158e-01      7.285825e-01   5.777081e-01
6.400000e-02   9.391359e-01      7.285413e-01   5.777940e-01
8.000000e-02   9.391546e-01      7.285011e-01   5.778820e-01
9.600000e-02   9.391719e-01      7.284619e-01   5.779717e-01
1.120000e-01   9.391877e-01      7.284237e-01   5.780628e-01
1.280000e-01   9.392019e-01      7.283866e-01   5.781550e-01
1.440000e-01   9.392147e-01      7.283506e-01   5.782480e-01
1.600000e-01   9.392259e-01      7.283157e-01   5.783415e-01
1.760000e-01   9.392354e-01      7.282820e-01   5.784352e-01
1.920000e-01   9.392434e-01      7.282494e-01   5.785286e-01
2.080000e-01   9.392497e-01      7.282179e-01   5.786216e-01
2.240000e-01   9.392543e-01      7.281877e-01   5.787137e-01
2.400000e-01   9.392572e-01      7.281586e-01   5.788047e-01
2.560000e-01   9.392584e-01      7.281308e-01   5.788942e-01
2.720000e-01   9.392579e-01      7.281042e-01   5.789820e-01
2.880000e-01   9.392556e-01      7.280789e-01   5.790678e-01
3.040000e-01   9.392515e-01      7.280548e-01   5.791511e-01
3.200000e-01   9.392456e-01      7.280319e-01   5.792319e-01
3.360000e-01   9.392379e-01      7.280104e-01   5.793097e-01
3.520000e-01   9.392283e-01      7.279901e-01   5.793844e-01
3.680000e-01   9.392169e-01      7.279711e-01   5.794556e-01
3.840000e-01   9.392037e-01      7.279535e-01   5.795232e-01
4.160000e-01   9.391270e-01      7.278624e-01   5.795526e-01
4.320000e-01   9.389810e-01      7.276839e-01   5.794029e-01
4.480000e-01   9.387548e-01      7.274058e-01   5.791228e-01
4.640000e-01   9.384485e-01      7.270288e-01   5.787132e-01
4.800000e-01   9.380626e-01      7.265534e-01   5.781756e-01
4.960000e-01   9.375975e-01      7.259805e-01   5.775117e-01
5.120000e-01   9.370537e-01      7.253113e-01   5.767239e-01
5.280000e-01   9.364319e-01      7.245470e-01   5.758148e-01
5.440000e-01   9.357328e-01      7.236891e-01   5.747876e-01
5.600000e-01   9.349572e-01      7.227391e-01   5.736459e-01
5.760000e-01   9.341059e-01      7.216989e-01   5.723935e-01
5.920000e-01   9.331801e-01      7.205705e-01   5.710348e-01
6.080000e-01   9.321808e-01      7.193560e-01   5.695748e-01
6.240000e-01   9.311092e-01      7.180578e-01   5.680185e-01
6.400000e-01   9.299666e-01      7.166784e-01   5.663715e-01
6.560000e-01   9.287542e-01      7.152205e-01   5.646398e-01
6.720000e-01   9.274735e-01      7.136869e-01   5.628298e-01
6.880000e-01   9.261260e-01      7.120807e-01   5.609481e-01
7.040000e-01   9.247134e-01      7.104049e-01   5.590018e-01
7.200000e-01   9.232372e-01      7.086630e-01   5.569982e-01
7.360000e-01   9.216992e-01      7.068585e-01   5.549451e-01
7.520000e-01   9.201011e-01      7.049948e-01   5.528505e-01
7.680000e-01   9.184449e-01      7.030758e-01   5.507226e-01
7.840000e-01   9.167324e-01      7.011054e-01   5.485700e-01
8.000000e-01   9.149657e-01      6.990875e-01   5.464014e-01
8.160000e-01   9.131466e-01      6.970263e-01   5.442257e-01
8.320000e-01   9.112774e-01      6.949260e-01   5.420522e-01
8.480000e-01   9.093601e-01      6.927910e-01   5.398901e-01
8.640000e-01   9.073969e-01      6.906256e-01   5.377487e-01
8.800000e-01   9.053900e-01      6.884345e-01   5.356376e-01
8.960000e-01   9.033416e-01      6.862222e-01   5.335661e-01
9.120000e-01   9.012539e-01      6.839934e-01   5.315437e-01
9.280000e-01   8.991293e-01      6.817528e-01   5.295799e-01
9.440000e-01   8.969700e-01      6.795053e-01   5.276839e-01
9.600000e-01   8.947785e-01      6.772557e-01   5.258649e-01
9.760000e-01   8.925570e-01      6.750089e-01   5.241317e-01
9.920000e-01   8.903079e-01      6.727697e-01   5.224931e-01
1.008000e+00   8.880336e-01      6.705431e-01   5.209574e-01
1.024000e+00   8.857364e-01      6.683341e-01   5.195326e-01
1.040000e+00   8.834188e-01      6.661475e-01   5.182262e-01
1.056000e+00   8.810831e-01      6.639883e-01   5.170453e-01
1.072000e+00   8.787317e-01      6.618612e-01   5.159966e-01
1.088000e+00   8.763671e-01      6.597713e-01   5.150861e-01
1.104000e+00   8.739915e-01      6.577231e-01   5.143191e-01
1.120000e+00   8.716074e-01      6.557215e-01   5.137005e-01
1.136000e+00   8.692172e-01      6.537711e-01   5.132343e-01
1.152000e+00   8.668231e-01      6.518763e-01   5.129239e-01
1.168000e+00   8.644275e-01      6.500416e-01   5.127718e-01
1.184000e+00   8.620327e-01      6.482714e-01   5.127799e-01
1.200000e+00   8.596411e-01      6.465697e-01   5.129493e-01
1.216000e+00   8.572548e-01      6.449406e-01   5.132803e-01
1.232000e+00   8.548762e-01      6.433879e-01   5.137723e-01
1.248000e+00   8.525075e-01      6.419154e-01   5.144239e-01
1.264000e+00   8.501508e-01      6.405266e-01   5.152331e-01
1.280000e+00   8.478083e-01      6.392247e-01   5.161970e-01
1.296000e+00   8.454821e-01      6.380128e-01   5.173121e-01
1.312000e+00   8.431744e-01      6.368937e-01   5.185739e-01
1.328000e+00   8.408871e-01      6.358703e-01   5.199774e-01
1.344000e+00   8.386223e-01      6.349447e-01   5.215170e-01
1.360000e+00   8.363820e-01      6.341192e-01   5.231865e-01
1.376000e+00   8.341681e-01      6.333957e-01   5.249790e-01
1.392000e+00   8.319825e-01      6.327757e-01   5.268871e-01
1.408000e+00   8.298270e-01      6.322607e-01   5.289031e-01
1.424000e+00   8.277034e-01      6.318516e-01   5.310187e-01
1.440000e+00   8.256133e-01      6.315493e-01   5.332254e-01
1.456000e+00   8.235586e-01      6.313543e-01   5.355142e-01
1.472000e+00   8.215409e-01      6.312669e-01   5.378760e-01
1.488000e+00   8.195616e-01      6.312868e-01   5.403014e-01
1.504000e+00   8.176223e-01      6.314139e-01   5.427808e-01
1.520000e+00   8.157246e-01      6.316475e-01   5.453047e-01
1.536000e+00   8.138696e-01      6.319867e-01   5.478633e-01
1.552000e+00   8.120589e-01      6.324304e-01   5.504468e-01
1.568000e+00   8.102937e-01      6.329770e-01   5.530455e-01
1.584000e+00   8.085752e-01      6.336250e-01   5.556498e-01
1.600000e+00   8.069045e-01      6.343724e-01   5.582500e-01
1.616000e+00   8.052827e-01      6.352169e-01   5.608367e-01
1.632000e+00   8.037109e-01      6.361564e-01   5.634006e-01
1.648000e+00   8.021900e-01      6.371880e-01   5.659326e-01
1.664000e+00   8.007210e-01      6.383090e-01   5.684238e-01
1.680000e+00   7.993047e-01      6.395164e-01   5.708655e-01
1.696000e+00   7.979418e-01      6.408070e-01   5.732494e-01
1.712000e+00   7.966331e-01      6.421775e-01   5.755672e-01
1.728000e+00   7.953793e-01      6.436242e-01   5.778113e-01
1.744000e+00   7.941809e-01      6.451437e-01   5.799740e-01
1.760000e+00   7.930385e-01      6.467321e-01   5.820483e-01
1.776000e+00   7.919527e-01      6.483856e-01   5.840273e-01
1.792000e+00   7.909237e-01      6.501002e-01   5.859046e-01
1.808000e+00   7.899521e-01      6.518719e-01   5.876740e-01
1.824000e+00   7.890382e-01      6.536966e-01   5.893299e-01
1.840000e+00   7.881823e-01      6.555700e-01   5.908669e-01
1.856000e+00   7.873845e-01      6.574881e-01   5.922801e-01
1.872000e+00   7.866452e-01      6.594465e-01   5.935649e-01
1.888000e+00   7.859643e-01      6.614411e-01   5.947172e-01
1.904000e+00   7.853422e-01      6.634677e-01   5.957333e-01
1.920000e+00   7.847787e-01      6.655219e-01   5.966098e-01
1.936000e+00   7.842740e-01      6.675997e-01   5.973440e-01
1.952000e+00   7.838280e-01      6.696968e-01   5.979333e-01
1.968000e+00   7.834407e-01      6.718090e-01   5.983757e-01
1.984000e+00   7.831119e-01      6.739324e-01   5.986695e-01
2.000000e+00   7.828416e-01      6.760628e-01   5.988137e-01
2.016000e+00   7.826296e-01      6.781963e-01   5.988073e-01
2.032000e+00   7.824756e-01      6.803290e-01   5.986503e-01
2.048000e+00   7.823796e-01      6.824571e-01   5.983426e-01
2.064000e+00   7.823411e-01      6.845768e-01   5.978847e-01
2.080000e+00   7.823600e-01      6.866845e-01   5.972778e-01
2.096000e+00   7.824359e-01      6.887766e-01   5.965232e-01
2.112000e+00   7.825684e-01      6.908496e-01   5.956227e-01
2.128000e+00   7.827572e-01      6.929003e-01   5.945787e-01
2.144000e+00   7.830020e-01      6.949252e-01   5.933938e-01
2.160000e+00   7.833022e-01      6.969213e-01   5.920712e-01
2.176000e+00   7.836574e-01      6.988855e-01   5.906145e-01
2.192000e+00   7.840672e-01      7.008149e-01   5.890276e-01
2.208000e+00   7.845311e-01      7.027066e-01   5.873149e-01
2.224000e+00   7.850485e-01      7.045580e-01   5.854813e-01
2.240000e+00   7.856190e-01      7.063664e-01   5.835319e-01
2.256000e+00   7.862419e-01      7.081294e-01   5.814724e-01
2.272000e+00   7.869168e-01      7.098446e-01   5.793088e-01
2.288000e+00   7.876429e-01      7.115097e-01   5.770475e-01
2.304000e+00   7.884197e-01      7.131226e-01   5.746953e-01
2.320000e+00   7.892466e-01      7.146813e-01   5.722593e-01
2.336000e+00   7.901228e-01      7.161839e-01   5.697471e-01
2.352000e+00   7.910477e-01      7.176285e-01   5.671664e-01
2.368000e+00   7.920206e-01      7.190135e-01   5.645256e-01
2.384000e+00   7.930408e-01      7.203372e-01   5.618330e-01
2.400000e+00   7.941075e-01      7.215982e-01   5.590974e-01
2.416000e+00   7.952199e-01      7.227951e-01   5.563281e-01
2.432000e+00   7.963771e-01      7.239266e-01   5.535342e-01
2.448000e+00   7.975785e-01      7.249915e-01   5.507254e-01
2.464000e+00   7.988230e-01      7.259887e-01   5.479114e-01
2.480000e+00   8.001099e-01      7.269173e-01   5.451023e-01
2.496000e+00   8.014382e-01      7.277763e-01   5.423080e-01
2.512000e+00   8.028068e-01      7.285649e-01   5.395389e-01
2.528000e+00   8.042150e-01      7.292824e-01   5.368051e-01
2.544000e+00   8.056615e-01      7.299282e-01   5.341171e-01
2.560000e+00   8.071454e-01      7.305016e-01   5.314851e-01
2.576000e+00   8.086657e-01      7.310023e-01   5.289194e-01
2.592000e+00   8.102211e-01      7.314298e-01   5.264301e-01
2.608000e+00   8.118106e-01      7.317838e-01   5.240273e-01
2.624000e+00   8.134329e-01      7.320642e-01   5.217206e-01
2.640000e+00   8.150869e-01      7.322707e-01   5.195197e-01
2.656000e+00   8.167714e-01      7.324033e-01   5.174337e-01
2.672000e+00   8.184849e-01      7.324619e-01   5.154714e-01
2.688000e+00   8.202264e-01      7.324468e-01   5.136413e-01
2.704000e+00   8.219943e-01      7.323579e-01   5.119512e-01
2.720000e+00   8.237874e-01      7.321956e-01   5.104085e-01
2.736000e+00   8.256043e-01      7.319601e-01   5.090200e-01
2.752000e+00   8.274435e-01      7.316518e-01   5.077918e-01
2.768000e+00   8.293036e-01      7.312711e-01   5.067293e-01
2.784000e+00   8.311832e-01      7.308187e-01   5.058372e-01
2.800000e+00   8.330807e-01      7.302949e-01   5.051194e-01
2.816000e+00   8.349946e-01      7.297006e-01   5.045790e-01
2.832000e+00   8.369234e-01      7.290364e-01   5.042184e-01
2.848000e+00   8.388655e-01      7.283030e-01   5.040389e-01
2.864000e+00   8.408194e-01      7.275015e-01   5.040411e-01
2.880000e+00   8.427833e-01      7.266326e-01   5.042246e-01
2.896000e+00   8.447558e-01      7.256975e-01   5.045885e-01
2.912000e+00   8.467352e-01      7.246970e-01   5.051305e-01
2.928000e+00   8.487198e-01      7.236325e-01   5.058479e-01
2.944000e+00   8.507079e-01      7.225050e-01   5.067370e-01
2.960000e+00   8.526980e-01      7.213158e-01   5.077933e-01
2.976000e+00   8.546882e-01      7.200663e-01   5.090116e-01
2.992000e+00   8.566770e-01      7.187578e-01   5.103861e-01
3.008000e+00   8.586626e-01      7.173919e-01   5.119100e-01
3.024000e+00   8.606434e-01      7.159700e-01   5.135763e-01
3.040000e+00   8.626175e-01      7.144936e-01   5.153772e-01
3.056000e+00   8.645833e-01      7.129646e-01   5.173043e-01
3.072000e+00   8.665392e-01      7.113845e-01   5.193491e-01
3.088000e+00   8.684833e-01      7.097552e-01   5.215023e-01
3.104000e+00   8.704141e-01      7.080785e-01   5.237546e-01
3.120000e+00   8.723297e-01      7.063563e-01   5.260963e-01
3.136000e+00   8.742285e-01      7.045905e-01   5.285173e-01
3.152000e+00   8.761089e-01      7.027833e-01   5.310075e-01
3.168000e+00   8.779691e-01      7.009367e-01   5.335568e-01
3.184000e+00   8.798075e-01      6.990528e-01   5.361548e-01
3.200000e+00   8.816225e-01      6.971339e-01   5.387913e-01
3.216000e+00   8.834125e-01      6.951823e-01   5.414558e-01
3.232000e+00   8.851758e-01      6.932003e-01   5.441382e-01
3.248000e+00   8.869108e-01      6.911903e-01   5.468284e-01
3.264000e+00   8.886161e-01      6.891547e-01   5.495163e-01
3.280000e+00   8.902901e-01      6.870962e-01   5.521922e-01
3.296000e+00   8.919312e-01      6.850173e-01   5.548465e-01
3.312000e+00   8.935380e-01      6.829206e-01   5.574698e-01
3.328000e+00   8.951092e-01      6.808089e-01   5.600530e-01
3.344000e+00   8.966432e-01      6.786850e-01   5.625873e-01
3.360000e+00   8.981387e-01      6.765516e-01   5.650641e-01
3.376000e+00   8.995944e-01      6.744117e-01   5.674754e-01
3.392000e+00   9.010091e-01      6.722683e-01   5.698131e-01
3.408000e+00   9.023814e-01      6.701243e-01   5.720698e-01
3.424000e+00   9.037103e-01      6.679828e-01   5.742384e-01
3.440000e+00   9.049945e-01      6.658469e-01   5.763120e-01
3.456000e+00   9.062330e-01      6.637199e-01   5.782843e-01
3.472000e+00   9.074248e-01      6.616048e-01   5.801493e-01
3.488000e+00   9.085689e-01      6.595051e-01   5.819015e-01
3.504000e+00   9.096644e-01      6.574240e-01   5.835355e-01
3.520000e+00   9.107103e-01      6.553648e-01   5.850467e-01
3.536000e+00   9.117060e-01      6.533309e-01   5.864307e-01
3.552000e+00   9.126507e-01      6.513258e-01   5.876836e-01
3.568000e+00   9.135437e-01      6.493529e-01   5.888018e-01
3.584000e+00   9.143843e-01      6.474157e-01   5.897823e-01
3.600000e+00   9.151721e-01      6.455176e-01   5.906225e-01
3.616000e+00   9.159065e-01      6.436620e-01   5.913201e-01
3.632000e+00   9.165872e-01      6.418526e-01   5.918733e-01
3.648000e+00   9.172136e-01      6.400927e-01   5.922808e-01
3.664000e+00   9.177856e-01      6.383858e-01   5.925417e-01
3.680000e+00   9.183029e-01      6.367353e-01   5.926556e-01
3.696000e+00   9.187654e-01      6.351447e-01   5.926223e-01
3.712000e+00   9.191728e-01      6.336171e-01   5.924423e-01
3.728000e+00   9.195252e-01      6.321561e-01   5.921164e-01
3.744000e+00   9.198225e-01      6.307647e-01   5.916459e-01
3.760000e+00   9.200649e-01      6.294461e-01   5.910324e-01
3.776000e+00   9.202524e-01      6.282035e-01   5.902781e-01
3.792000e+00   9.203852e-01      6.270398e-01   5.893856e-01
3.808000e+00   9.204636e-01      6.259579e-01   5.883577e-01
3.824000e+00   9.204879e-01      6.249605e-01   5.871979e-01
3.840000e+00   9.204584e-01      6.240504e-01   5.859100e-01
3.856000e+00   9.203755e-01      6.232300e-01   5.844981e-01
3.872000e+00   9.202397e-01      6.225017e-01   5.829669e-01
3.888000e+00   9.200515e-01      6.218677e-01   5.813213e-01
3.904000e+00   9.198114e-01      6.213302e-01   5.795666e-01
3.920000e+00   9.195200e-01      6.208909e-01   5.777088e-01
3.936000e+00   9.191780e-01      6.205517e-01   5.757538e-01
3.952000e+00   9.187861e-01      6.203140e-01   5.737082e-01
3.968000e+00   9.183449e-01      6.201791e-01   5.715787e-01
3.984000e+00   9.178553e-01      6.201483e-01   5.693726e-01
4.000000e+00   9.173180e-01      6.202224e-01   5.670972e-01
4.016000e+00   9.167339e-01      6.204021e-01   5.647605e-01
4.032000e+00   9.161038e-01      6.206878e-01   5.623704e-01
4.048000e+00   9.154286e-01      6.210799e-01   5.599354e-01
4.064000e+00   9.147092e-01      6.215783e-01   5.574639e-01
4.080000e+00   9.139465e-01      6.221829e-01   5.549649e-01
4.096000e+00   9.131415e-01      6.228931e-01   5.524474e-01
4.112000e+00   9.122950e-01      6.237082e-01   5.499205e-01
4.128000e+00   9.114082e-01      6.246274e-01   5.473936e-01
4.144000e+00   9.104819e-01      6.256494e-01   5.448762e-01
4.160000e+00   9.095171e-01      6.267728e-01   5.423778e-01
4.176000e+00   9.085150e-01      6.279960e-01   5.399080e-01
4.192000e+00   9.074763e-01      6.293171e-01   5.374764e-01
4.208000e+00   9.064023e-01      6.307340e-01   5.350927e-01
4.224000e+00   9.052938e-01      6.322444e-01   5.327662e-01
4.240000e+00   9.041519e-01      6.338458e-01   5.305064e-01
4.256000e+00   9.029776e-01      6.355353e-01   5.283226e-01
4.272000e+00   9.017719e-01      6.373102e-01   5.262236e-01
4.288000e+00   9.005358e-01      6.391672e-01   5.242182e-01
4.304000e+00   8.992704e-01      6.411031e-01   5.223148e-01
4.320000e+00   8.979765e-01      6.431143e-01   5.205216e-01
4.336000e+00   8.966553e-01      6.451973e-01   5.188461e-01
4.352000e+00   8.953076e-01      6.473483e-01   5.172956e-01
4.368000e+00   8.939346e-01      6.495633e-01   5.158767e-01
4.384000e+00   8.925370e-01      6.518383e-01   5.145955e-01
4.400000e+00   8.911160e-01      6.541691e-01   5.134575e-01
4.416000e+00   8.896724e-01      6.565516e-01   5.124677e-01
4.432000e+00   8.882072e-01      6.589812e-01   5.116302e-01
4.448000e+00   8.867214e-01      6.614536e-01   5.109486e-01
4.464000e+00   8.852159e-01      6.639642e-01   5.104256e-01
4.480000e+00   8.836916e-01      6.665085e-01   5.100633e-01
4.496000e+00   8.821493e-01      6.690819e-01   5.098629e-01
4.512000e+00   8.805902e-01      6.716796e-01   5.098249e-01
4.528000e+00   8.790149e-01      6.742971e-01   5.099490e-01
4.544000e+00   8.774245e-01      6.769295e-01   5.102341e-01
4.560000e+00   8.758197e-01      6.795721e-01   5.106784e-01
4.576000e+00   8.742015e-01      6.822203e-01   5.112793e-01
4.592000e+00   8.725708e-01      6.848693e-01   5.120335e-01
4.608000e+00   8.709283e-01      6.875145e-01   5.129368e-01
4.624000e+00   8.692749e-01      6.901511e-01   5.139847e-01
4.640000e+00   8.676116e-01      6.927745e-01   5.151718e-01
4.656000e+00   8.659390e-01      6.953802e-01   5.164922e-01
4.672000e+00   8.642581e-01      6.979635e-01   5.179393e-01
4.688000e+00   8.625696e-01      7.005201e-01   5.195062e-01
4.704000e+00   8.608744e-01      7.030455e-01   5.211854e-01
4.720000e+00   8.591732e-01      7.055353e-01   5.229691e-01
4.736000e+00   8.574669e-01      7.079853e-01   5.248491e-01
4.752000e+00   8.557563e-01      7.103913e-01   5.268168e-01
4.768000e+00   8.540422e-01      7.127492e-01   5.288634e-01
4.784000e+00   8.523253e-01      7.150549e-01   5.309801e-01
4.800000e+00   8.506065e-01      7.173046e-01   5.331576e-01
4.816000e+00   8.488865e-01      7.194944e-01   5.353867e-01
4.832000e+00   8.471661e-01      7.216207e-01   5.376581e-01
4.848000e+00   8.454461e-01      7.236799e-01   5.399624e-01
4.864000e+00   8.437273e-01      7.256684e-01   5.422905e-01
4.880000e+00   8.420104e-01      7.275830e-01   5.446329e-01
4.896000e+00   8.402963e-01      7.294204e-01   5.469807e-01
4.912000e+00   8.385857e-01      7.311775e-01   5.493247e-01
4.928000e+00   8.368794e-01      7.328514e-01   5.516562e-01
4.944000e+00   8.351783e-01      7.344393e-01   5.539665e-01
4.960000e+00   8.334831e-01      7.359384e-01   5.562471e-01
4.976000e+00   8.317947e-01      7.373462e-01   5.584899e-01
4.992000e+00   8.301138e-01      7.386604e-01   5.606870e-01
5.008000e+00   8.284414e-01      7.398787e-01   5.628306e-01
5.024000e+00   8.267783e-01      7.409991e-01   5.649136e-01
5.040000e+00   8.251253e-01      7.420196e-01   5.669289e-01
5.056000e+00   8.234834e-01      7.429384e-01   5.688698e-01
5.072000e+00   8.218535e-01      7.437541e-01   5.707299e-01
5.088000e+00   8.202365e-01      7.444651e-01   5.725035e-01
5.104000e+00   8.186334e-01      7.450702e-01   5.741847e-01
5.120000e+00   8.170451e-01      7.455684e-01   5.757685e-01
5.136000e+00   8.154727e-01      7.459587e-01   5.772499e-01
5.152000e+00   8.139172e-01      7.462405e-01   5.786246e-01
5.168000e+00   8.123797e-01      7.464132e-01   5.798884e-01
5.184000e+00   8.108612e-01      7.464764e-01   5.810378e-01
5.200000e+00   8.093630e-01      7.464299e-01   5.820694e-01
5.216000e+00   8.078862e-01      7.462739e-01   5.829806e-01
5.232000e+00   8.064319e-01      7.460085e-01   5.837687e-01
5.248000e+00   8.050014e-01      7.456340e-01   5.844318e-01
5.264000e+00   8.035960e-01      7.451511e-01   5.849684e-01
5.280000e+00   8.022170e-01      7.445604e-01   5.853772e-01
5.296000e+00   8.008656e-01      7.438630e-01   5.856575e-01
5.312000e+00   7.995433e-01      7.430600e-01   5.858088e-01
5.328000e+00   7.982513e-01      7.421528e-01   5.858314e-01
5.344000e+00   7.969912e-01      7.411427e-01   5.857256e-01
5.360000e+00   7.957644e-01      7.400315e-01   5.854924e-01
5.376000e+00   7.945722e-01      7.388211e-01   5.851330e-01
5.392000e+00   7.934163e-01      7.375136e-01   5.846491e-01
5.408000e+00   7.922981e-01      7.361111e-01   5.840429e-01
5.424000e+00   7.912192e-01      7.346162e-01   5.833168e-01
5.440000e+00   7.901811e-01      7.330314e-01   5.824738e-01
5.456000e+00   7.891854e-01      7.313594e-01   5.815171e-01
5.472000e+00   7.882337e-01      7.296033e-01   5.804503e-01
5.488000e+00   7.873275e-01      7.277662e-01   5.792777e-01
5.504000e+00   7.864685e-01      7.258512e-01   5.780034e-01
5.520000e+00   7.856582e-01      7.238620e-01   5.766323e-01
5.536000e+00   7.848983e-01      7.218021e-01   5.751696e-01
5.552000e+00   7.841904e-01      7.196752e-01   5.736205e-01
5.568000e+00   7.835360e-01      7.174853e-01   5.719910e-01
5.584000e+00   7.829368e-01      7.152364e-01   5.702871e-01
5.600000e+00   7.823943e-01      7.129327e-01   5.685152e-01
5.616000e+00   7.819099e-01      7.105786e-01   5.666819e-01
5.632000e+00   7.814853e-01      7.081784e-01   5.647942e-01
5.648000e+00   7.811218e-01      7.057368e-01   5.628593e-01
5.664000e+00   7.808209e-01      7.032584e-01   5.608845e-01
5.680000e+00   7.805839e-01      7.007480e-01   5.588777e-01
5.696000e+00   7.804122e-01      6.982104e-01   5.568465e-01
5.712000e+00   7.803069e-01      6.956506e-01   5.547989e-01
5.728000e+00   7.802693e-01      6.930737e-01   5.527432e-01
5.744000e+00   7.803005e-01      6.904846e-01   5.506874e-01
5.760000e+00   7.804014e-01      6.878886e-01   5.486401e-01
5.776000e+00   7.805730e-01      6.852908e-01   5.466094e-01
5.792000e+00   7.808162e-01      6.826964e-01   5.446039e-01
5.808000e+00   7.811316e-01      6.801106e-01   5.426320e-01
5.824000e+00   7.815199e-01      6.775388e-01   5.407019e-01
5.840000e+00   7.819817e-01      6.749861e-01   5.388219e-01
5.856000e+00   7.825173e-01      6.724578e-01   5.370001e-01
5.872000e+00   7.831271e-01      6.699590e-01   5.352444e-01
5.888000e+00   7.838113e-01      6.674950e-01   5.335626e-01
5.904000e+00   7.845699e-01      6.650707e-01   5.319621e-01
5.920000e+00   7.854028e-01      6.626914e-01   5.304502e-01
5.936000e+00   7.863100e-01      6.603618e-01   5.290336e-01
5.952000e+00   7.872911e-01      6.580870e-01   5.277188e-01
5.968000e+00   7.883457e-01      6.558717e-01   5.265119e-01
5.984000e+00   7.894732e-01      6.537204e-01   5.254183e-01
6.000000e+00   7.906730e-01      6.516378e-01   5.244433e-01
6.016000e+00   7.919444e-01      6.496281e-01   5.235913e-01
6.032000e+00   7.932863e-01      6.476956e-01   5.228664e-01
6.048000e+00   7.946978e-01      6.458444e-01   5.222719e-01
6.064000e+00   7.961777e-01      6.440782e-01   5.218107e-01
6.080000e+00   7.977247e-01      6.424008e-01   5.214848e-01
6.096000e+00   7.993376e-01      6.408155e-01   5.212957e-01
6.112000e+00   8.010147e-01      6.393255e-01   5.212444e-01
6.128000e+00   8.027545e-01      6.379339e-01   5.213309e-01
6.144000e+00   8.045554e-01      6.366434e-01   5.215548e-01
6.160000e+00   8.064154e-01      6.354564e-01   5.219148e-01
6.176000e+00   8.083329e-01      6.343752e-01   5.224092e-01
6.192000e+00   8.103056e-01      6.334017e-01   5.230355e-01
6.208000e+00   8.123317e-01      6.325376e-01   5.237905e-01
6.224000e+00   8.144089e-01      6.317843e-01   5.246706e-01
6.240000e+00   8.165351e-01      6.311428e-01   5.256714e-01
6.256000e+00   8.187080e-01      6.306139e-01   5.267881e-01
6.272000e+00   8.209251e-01      6.301982e-01   5.280154e-01
6.288000e+00   8.231841e-01      6.298958e-01   5.293473e-01
6.304000e+00   8.254825e-01      6.297067e-01   5.307777e-01
6.320000e+00   8.278178e-01      6.296305e-01   5.322999e-01
6.336000e+00   8.301874e-01      6.296665e-01   5.339067e-01
6.352000e+00   8.325887e-01      6.298137e-01   5.355908e-01
6.368000e+00   8.350190e-01      6.300708e-01   5.373446e-01
6.384000e+00   8.374757e-01      6.304364e-01   5.391602e-01
6.400000e+00   8.399559e-01      6.309085e-01   5.410295e-01
6.416000e+00   8.424571e-01      6.314853e-01   5.429443e-01
6.432000e+00   8.449763e-01      6.321642e-01   5.448963e-01
6.448000e+00   8.475109e-01      6.329428e-01   5.468771e-01
6.464000e+00   8.500581e-01      6.338182e-01   5.488783e-01
6.480000e+00   8.526150e-01      6.347875e-01   5.508914e-01
6.496000e+00   8.551789e-01      6.358474e-01   5.529081e-01
6.512000e+00   8.577470e-01      6.369944e-01   5.549200e-01
6.528000e+00   8.603164e-01      6.382251e-01   5.569191e-01
6.544000e+00   8.628845e-01      6.395355e-01   5.588972e-01
6.560000e+00   8.654484e-01      6.409218e-01   5.608464e-01
6.576000e+00   8.680055e-01      6.423800e-01   5.627590e-01
6.592000e+00   8.705529e-01      6.439058e-01   5.646276e-01
6.608000e+00   8.730879e-01      6.454950e-01   5.664449e-01
6.624000e+00   8.756080e-01      6.471432e-01   5.682039e-01
6.640000e+00   8.781104e-01      6.488459e-01   5.698979e-01
6.656000e+00   8.805926e-01      6.505986e-01   5.715203e-01
6.672000e+00   8.830519e-01      6.523968e-01   5.730651e-01
6.688000e+00   8.854858e-01      6.542359e-01   5.745265e-01
6.704000e+00   8.878920e-01      6.561113e-01   5.758988e-01
6.720000e+00   8.902678e-01      6.580183e-01   5.771771e-01
6.736000e+00   8.926109e-01      6.599524e-01   5.783564e-01
6.752000e+00   8.949190e-01      6.619089e-01   5.794322e-01
6.768000e+00   8.971898e-01      6.638834e-01   5.804005e-01
6.784000e+00   8.994210e-01      6.658713e-01   5.812576e-01
6.800000e+00   9.016105e-01      6.678681e-01   5.820000e-01
6.816000e+00   9.037562e-01      6.698695e-01   5.826249e-01
6.832000e+00   9.058559e-01      6.718712e-01   5.831295e-01
6.848000e+00   9.079078e-01      6.738690e-01   5.835116e-01
6.864000e+00   9.099099e-01      6.758586e-01   5.837695e-01
6.880000e+00   9.118603e-01      6.778361e-01   5.839018e-01
6.896000e+00   9.137572e-01      6.797975e-01   5.839072e-01
6.912000e+00   9.155990e-01      6.817391e-01   5.837854e-01
6.928000e+00   9.173839e-01      6.836570e-01   5.835358e-01
6.944000e+00   9.191104e-01      6.855477e-01   5.831588e-01
6.960000e+00   9.207771e-01      6.874078e-01   5.826549e-01
6.976000e+00   9.223823e-01      6.892340e-01   5.820250e-01
6.992000e+00   9.239249e-01      6.910229e-01   5.812705e-01
7.008000e+00   9.254035e-01      6.927717e-01   5.803931e-01
7.024000e+00   9.268170e-01      6.944773e-01   5.793949e-01
7.040000e+00   9.281640e-01      6.961369e-01   5.782785e-01
7.056000e+00   9.294438e-01      6.977480e-01   5.770468e-01
7.072000e+00   9.306551e-01      6.993080e-01   5.757031e-01
7.088000e+00   9.317972e-01      7.008145e-01   5.742512e-01
7.104000e+00   9.328692e-01      7.022654e-01   5.726950e-01
7.120000e+00   9.338704e-01      7.036587e-01   5.710391e-01
7.136000e+00   9.348000e-01      7.049923e-01   5.692882e-01
7.152000e+00   9.356576e-01      7.062644e-01   5.674476e-01
7.168000e+00   9.364426e-01      7.074736e-01   5.655227e-01
7.184000e+00   9.371545e-01      7.086183e-01   5.635196e-01
7.200000e+00   9.377930e-01      7.096970e-01   5.614443e-01
7.216000e+00   9.383577e-01      7.107088e-01   5.593035e-01
7.232000e+00   9.388486e-01      7.116523e-01   5.571041e-01
7.248000e+00   9.392654e-01      7.125268e-01   5.548531e-01
7.264000e+00   9.396080e-01      7.133314e-01   5.525581e-01
7.280000e+00   9.398765e-01      7.140655e-01   5.502268e-01
7.296000e+00   9.400709e-01      7.147285e-01   5.478672e-01
7.312000e+00   9.401914e-01      7.153199e-01   5.454874e-01
7.328000e+00   9.402382e-01      7.158396e-01   5.430961e-01
7.344000e+00   9.402115e-01      7.162873e-01   5.407017e-01
7.360000e+00   9.401116e-01      7.166630e-01   5.383130e-01
7.376000e+00   9.399389e-01      7.169667e-01   5.359390e-01
7.392000e+00   9.396940e-01      7.171987e-01   5.335888e-01
7.408000e+00   9.393772e-01      7.173591e-01   5.312713e-01
7.424000e+00   9.389892e-01      7.174484e-01   5.289957e-01
7.440000e+00   9.385305e-01      7.174671e-01   5.267712e-01
7.456000e+00   9.380019e-01      7.174157e-01   5.246069e-01
7.472000e+00   9.374040e-01      7.172949e-01   5.225117e-01
7.488000e+00   9.367375e-01      7.171056e-01   5.204945e-01
7.504000e+00   9.360034e-01      7.168485e-01   5.185641e-01
7.520000e+00   9.352025e-01      7.165246e-01   5.167289e-01
7.536000e+00   9.343355e-01      7.161350e-01   5.149971e-01
7.552000e+00   9.334036e-01      7.156808e-01   5.133766e-01
7.568000e+00   9.324077e-01      7.151631e-01   5.118750e-01
7.584000e+00   9.313487e-01      7.145834e-01   5.104993e-01
7.600000e+00   9.302279e-01      7.139428e-01   5.092563e-01
7.616000e+00   9.290461e-01      7.132429e-01   5.081520e-01
7.632000e+00   9.278047e-01      7.124851e-01   5.071920e-01
7.648000e+00   9.265048e-01      7.116711e-01   5.063815e-01
7.664000e+00   9.251475e-01      7.108024e-01   5.057246e-01
7.680000e+00   9.237342e-01      7.098807e-01   5.052252e-01
7.696000e+00   9.222660e-01      7.089078e-01   5.048862e-01
7.712000e+00   9.207444e-01      7.078855e-01   5.047100e-01
7.728000e+00   9.191705e-01      7.068157e-01   5.046981e-01
7.744000e+00   9.175459e-01      7.057003e-01   5.048514e-01
7.760000e+00   9.158719e-01      7.045412e-01   5.051698e-01
7.776000e+00   9.141499e-01      7.033406e-01   5.056526e-01
7.792000e+00   9.123813e-01      7.021004e-01   5.062985e-01
7.808000e+00   9.105677e-01      7.008228e-01   5.071052e-01
7.824000e+00   9.087104e-01      6.995100e-01   5.080698e-01
7.840000e+00   9.068112e-01      6.981641e-01   5.091886e-01
7.856000e+00   9.048713e-01      6.967875e-01   5.104573e-01
7.872000e+00   9.028925e-01      6.953823e-01   5.118709e-01
7.888000e+00   9.008763e-01      6.939510e-01   5.134239e-01
7.904000e+00   8.988243e-01      6.924958e-01   5.151100e-01
7.920000e+00   8.967381e-01      6.910191e-01   5.169227e-01
7.936000e+00   8.946193e-01      6.895234e-01   5.188547e-01
7.952000e+00   8.924696e-01      6.880110e-01   5.208983e-01
7.968000e+00   8.902906e-01      6.864845e-01   5.230456e-01
7.984000e+00   8.880839e-01      6.849463e-01   5.252882e-01
8.000000e+00   8.858513e-01      6.833988e-01   5.276175e-01
8.016000e+00   8.835943e-01      6.818447e-01   5.300244e-01
8.032000e+00   8.813148e-01      6.802863e-01   5.325000e-01
8.048000e+00   8.790144e-01      6.787263e-01   5.350350e-01
8.064000e+00   8.766948e-01      6.771671e-01   5.376199e-01
8.080000e+00   8.743577e-01      6.756113e-01   5.402454e-01
8.096000e+00   8.720048e-01      6.740615e-01   5.429019e-01
8.112000e+00   8.696379e-01      6.725201e-01   5.455801e-01
8.128000e+00   8.672587e-01      6.709897e-01   5.482706e-01
8.144000e+00   8.648689e-01      6.694729e-01   5.509641e-01
8.160000e+00   8.624702e-01      6.679720e-01   5.536513e-01
8.176000e+00   8.600645e-01      6.664896e-01   5.563232e-01
8.192000e+00   8.576535e-01      6.650282e-01   5.589711e-01
8.208000e+00   8.552389e-01      6.635902e-01   5.615863e-01
8.224000e+00   8.528225e-01      6.621780e-01   5.641603e-01
8.240000e+00   8.504061e-01      6.607941e-01   5.666850e-01
8.256000e+00   8.479915e-01      6.594408e-01   5.691525e-01
8.272000e+00   8.455805e-01      6.581205e-01   5.715552e-01
8.288000e+00   8.431749e-01      6.568354e-01   5.738858e-01
8.304000e+00   8.407765e-01      6.555879e-01   5.761374e-01
8.320000e+00   8.383871e-01      6.543801e-01   5.783032e-01
8.336000e+00   8.360086e-01      6.532142e-01   5.803769e-01
8.352000e+00   8.336429e-01      6.520924e-01   5.823527e-01
8.368000e+00   8.312918e-01      6.510168e-01   5.842248e-01
8.384000e+00   8.289572e-01      6.499893e-01   5.859881e-01
8.400000e+00   8.266410e-01      6.490119e-01   5.876376e-01
8.416000e+00   8.243452e-01      6.480867e-01   5.891690e-01
8.432000e+00   8.220717e-01      6.472153e-01   5.905780e-01
8.448000e+00   8.198224e-01      6.463997e-01   5.918610e-01
8.464000e+00   8.175993e-01      6.456414e-01   5.930147e-01
8.480000e+00   8.154043e-01      6.449422e-01   5.940361e-01
8.496000e+00   8.132396e-01      6.443037e-01   5.949227e-01
8.512000e+00   8.111069e-01      6.437273e-01   5.956724e-01
8.528000e+00   8.090085e-01      6.432143e-01   5.962835e-01
8.544000e+00   8.069463e-01      6.427663e-01   5.967545e-01
8.560000e+00   8.049223e-01      6.423842e-01   5.970847e-01
8.576000e+00   8.029385e-01      6.420694e-01   5.972734e-01
8.592000e+00   8.009971e-01      6.418227e-01   5.973206e-01
8.608000e+00   7.990999e-01      6.416452e-01   5.972265e-01
8.624000e+00   7.972492e-01      6.415376e-01   5.969918e-01
8.640000e+00   7.954468e-01      6.415008e-01   5.966176e-01
8.656000e+00   7.936947e-01      6.415352e-01   5.961053e-01
8.672000e+00   7.919951e-01      6.416413e-01   5.954569e-01
8.688000e+00   7.903499e-01      6.418197e-01   5.946746e-01
8.704000e+00   7.887610e-01      6.420704e-01   5.937610e-01
8.720000e+00   7.872304e-01      6.423937e-01   5.927192e-01
8.736000e+00   7.857600e-01      6.427895e-01   5.915525e-01
8.752000e+00   7.843517e-01      6.432579e-01   5.902647e-01
8.768000e+00   7.830073e-01      6.437984e-01   5.888599e-01
8.784000e+00   7.817287e-01      6.444109e-01   5.873427e-01
8.800000e+00   7.805176e-01      6.450947e-01   5.857178e-01
8.816000e+00   7.793757e-01      6.458494e-01   5.839906e-01
8.832000e+00   7.783046e-01      6.466741e-01   5.821663e-01
8.848000e+00   7.773060e-01      6.475680e-01   5.802510e-01
8.864000e+00   7.763815e-01      6.485301e-01   5.782508e-01
8.880000e+00   7.755323e-01      6.495592e-01   5.761721e-01
8.896000e+00   7.747599e-01      6.506541e-01   5.740217e-01
8.912000e+00   7.740657e-01      6.518133e-01   5.718066e-01
8.928000e+00   7.734507e-01      6.530355e-01   5.695340e-01
8.944000e+00   7.729161e-01      6.543188e-01   5.672117e-01
8.960000e+00   7.724629e-01      6.556615e-01   5.648473e-01
8.976000e+00   7.720920e-01      6.570617e-01   5.624488e-01
8.992000e+00   7.718042e-01      6.585174e-01   5.600243e-01
9.008000e+00   7.716001e-01      6.600264e-01   5.575823e-01
9.024000e+00   7.714803e-01      6.615864e-01   5.551312e-01
9.040000e+00   7.714452e-01      6.631949e-01   5.526797e-01
9.056000e+00   7.714951e-01      6.648496e-01   5.502364e-01
9.072000e+00   7.716303e-01      6.665477e-01   5.478100e-01
9.088000e+00   7.718508e-01      6.682866e-01   5.454095e-01
9.104000e+00   7.721564e-01      6.700634e-01   5.430435e-01
9.120000e+00   7.725471e-01      6.718752e-01   5.407209e-01
9.136000e+00   7.730224e-01      6.737190e-01   5.384502e-01
9.152000e+00   7.735819e-01      6.755917e-01   5.362400e-01
9.168000e+00   7.742251e-01      6.774902e-01   5.340988e-01
9.184000e+00   7.749511e-01      6.794111e-01   5.320347e-01
9.200000e+00   7.757591e-01      6.813513e-01   5.300556e-01
9.216000e+00   7.766482e-01      6.833074e-01   5.281693e-01
9.232000e+00   7.776173e-01      6.852760e-01   5.263831e-01
9.248000e+00   7.786652e-01      6.872536e-01   5.247039e-01
9.264000e+00   7.797905e-01      6.892368e-01   5.231382e-01
9.280000e+00   7.809919e-01      6.912221e-01   5.216923e-01
9.296000e+00   7.822677e-01      6.932059e-01   5.203716e-01
9.312000e+00   7.836163e-01      6.951848e-01   5.191813e-01
9.328000e+00   7.850360e-01      6.971551e-01   5.181258e-01
9.344000e+00   7.865250e-01      6.991134e-01   5.172092e-01
9.360000e+00   7.880813e-01      7.010561e-01   5.164346e-01
9.376000e+00   7.897030e-01      7.029797e-01   5.158047e-01
9.392000e+00   7.913878e-01      7.048807e-01   5.153214e-01
9.408000e+00   7.931338e-01      7.067556e-01   5.149862e-01
9.424000e+00   7.949386e-01      7.086010e-01   5.147995e-01
9.440000e+00   7.967999e-01      7.104134e-01   5.147612e-01
9.456000e+00   7.987155e-01      7.121896e-01   5.148707e-01
9.472000e+00   8.006829e-01      7.139262e-01   5.151263e-01
9.488000e+00   8.026997e-01      7.156200e-01   5.155260e-01
9.504000e+00   8.047633e-01      7.172677e-01   5.160669e-01
9.520000e+00   8.068712e-01      7.188663e-01   5.167456e-01
9.536000e+00   8.090210e-01      7.204126e-01   5.175581e-01
9.552000e+00   8.112099e-01      7.219037e-01   5.184996e-01
9.568000e+00   8.134354e-01      7.233367e-01   5.195649e-01
9.584000e+00   8.156948e-01      7.247087e-01   5.207484e-01
9.600000e+00   8.179854e-01      7.260171e-01   5.220439e-01
9.616000e+00   8.203047e-01      7.272591e-01   5.234447e-01
9.632000e+00   8.226499e-01      7.284322e-01   5.249438e-01
9.648000e+00   8.250184e-01      7.295340e-01   5.265339e-01
9.664000e+00   8.274074e-01      7.305621e-01   5.282073e-01
9.680000e+00   8.298143e-01      7.315143e-01   5.299561e-01
9.696000e+00   8.322365e-01      7.323883e-01   5.317720e-01
9.712000e+00   8.346712e-01      7.331823e-01   5.336469e-01
9.728000e+00   8.371158e-01      7.338942e-01   5.355724e-01
9.744000e+00   8.395677e-01      7.345223e-01   5.375397e-01
9.760000e+00   8.420242e-01      7.350649e-01   5.395405e-01
9.776000e+00   8.444829e-01      7.355204e-01   5.415662e-01
9.792000e+00   8.469410e-01      7.358873e-01   5.436082e-01
9.808000e+00   8.493961e-01      7.361645e-01   5.456581e-01
9.824000e+00   8.518456e-01      7.363507e-01   5.477075e-01
9.840000e+00   8.542871e-01      7.364448e-01   5.497481e-01
9.856000e+00   8.567181e-01      7.364459e-01   5.517720e-01
9.872000e+00   8.591361e-01      7.363534e-01   5.537712e-01
9.888000e+00   8.615389e-01      7.361664e-01   5.557380e-01
9.904000e+00   8.639241e-01      7.358846e-01   5.576651e-01
9.920000e+00   8.662893e-01      7.355075e-01   5.595452e-01
9.936000e+00   8.686324e-01      7.350351e-01   5.613715e-01
9.952000e+00   8.709512e-01      7.344671e-01   5.631372e-01
9.968000e+00   8.732434e-01      7.338038e-01   5.648361e-01
9.984000e+00   8.755071e-01      7.330454e-01   5.664622e-01
1.000000e+01   8.777402e-01      7.321922e-01   5.680099e-01
1.001600e+01   8.799407e-01      7.312448e-01   5.694737e-01
1.003200e+01   8.821066e-01      7.302040e-01   5.708487e-01
1.004800e+01   8.842363e-01      7.290706e-01   5.721304e-01
1.006400e+01   8.863277e-01      7.278457e-01   5.733144e-01
1.008000e+01   8.883794e-01      7.265305e-01   5.743969e-01
1.009600e+01   8.903895e-01      7.251263e-01   5.753743e-01
1.011200e+01   8.923564e-01      7.236348e-01   5.762436e-01
1.012800e+01   8.942788e-01      7.220576e-01   5.770019e-01
1.014400e+01   8.961551e-01      7.203967e-01   5.776471e-01
1.016000e+01   8.979840e-01      7.186540e-01   5.781771e-01
1.017600e+01   8.997642e-01      7.168318e-01   5.785903e-01
1.019200e+01   9.014945e-01      7.149324e-01   5.788856e-01
1.020800e+01   9.031737e-01      7.129586e-01   5.790622e-01
1.022400e+01   9.048008e-01      7.109129e-01   5.791197e-01
1.024000e+01   9.063748e-01      7.087984e-01   5.790582e-01
1.025600e+01   9.078947e-01      7.066181e-01   5.788780e-01
1.027200e+01   9.093598e-01      7.043751e-01   5.785801e-01
1.028800e+01   9.107694e-01      7.020731e-01   5.781655e-01
1.030400e+01   9.121226e-01      6.997154e-01   5.776358e-01
1.032000e+01   9.134190e-01      6.973059e-01   5.769931e-01
1.033600e+01   9.146579e-01      6.948485e-01   5.762396e-01
1.035200e+01   9.158391e-01      6.923472e-01   5.753782e-01
1.036800e+01   9.169620e-01      6.898061e-01   5.744118e-01
1.038400e+01   9.180264e-01      6.872298e-01   5.733440e-01
1.040000e+01   9.190321e-01      6.846226e-01   5.721786e-01
1.041600e+01   9.199789e-01      6.819893e-01   5.709197e-01
1.043200e+01   9.208667e-01      6.793345e-01   5.695719e-01
1.044800e+01   9.216956e-01      6.766633e-01   5.681400e-01
1.046400e+01   9.224656e-01      6.739805e-01   5.666292e-01
1.048000e+01   9.231767e-01      6.712914e-01   5.650450e-01
1.049600e+01   9.238293e-01      6.686011e-01   5.633931e-01
1.051200e+01   9.244235e-01      6.659151e-01   5.616797e-01
1.052800e+01   9.249596e-01      6.632387e-01   5.599111e-01
1.054400e+01   9.254380e-01      6.605774e-01   5.580938e-01
1.056000e+01   9.258591e-01      6.579367e-01   5.562349e-01
1.057600e+01   9.262234e-01      6.553223e-01   5.543413e-01
1.059200e+01   9.265314e-01      6.527398e-01   5.524203e-01
1.060800e+01   9.267835e-01      6.501949e-01   5.504794e-01
1.062400e+01   9.269805e-01      6.476931e-01   5.485262e-01
1.064000e+01   9.271228e-01      6.452402e-01   5.465685e-01
1.065600e+01   9.272112e-01      6.428418e-01   5.446142e-01
1.067200e+01   9.272463e-01      6.405034e-01   5.426712e-01
1.068800e+01   9.272288e-01      6.382306e-01   5.407475e-01
1.070400e+01   9.271595e-01      6.360288e-01   5.388511e-01
1.072000e+01   9.270390e-01      6.339034e-01   5.369901e-01
1.073600e+01   9.268682e-01      6.318595e-01   5.351725e-01
1.075200e+01   9.266478e-01      6.299024e-01   5.334060e-01
1.076800e+01   9.263785e-01      6.280369e-01   5.316985e-01
1.078400e+01   9.260612e-01      6.262678e-01   5.300575e-01
1.080000e+01   9.256965e-01      6.245997e-01   5.284905e-01
1.081600e+01   9.252853e-01      6.230370e-01   5.270045e-01
1.083200e+01   9.248284e-01      6.215838e-01   5.256065e-01
1.084800e+01   9.243266e-01      6.202441e-01   5.243030e-01
1.086400e+01   9.237805e-01      6.190214e-01   5.231002e-01
1.088000e+01   9.231909e-01      6.179192e-01   5.220038e-01
1.089600e+01   9.225586e-01      6.169405e-01   5.210192e-01
1.091200e+01   9.218844e-01      6.160881e-01   5.201512e-01
1.092800e+01   9.211690e-01      6.153645e-01   5.194041e-01
1.094400e+01   9.204130e-01      6.147717e-01   5.187819e-01
1.096000e+01   9.196171e-01      6.143117e-01   5.182877e-01
1.097600e+01   9.187822e-01      6.139857e-01   5.179241e-01
1.099200e+01   9.179088e-01      6.137950e-01   5.176932e-01
1.100800e+01   9.169976e-01      6.137401e-01   5.175965e-01
1.102400e+01   9.160493e-01      6.138215e-01   5.176346e-01
1.104000e+01   9.150645e-01      6.140392e-01   5.178077e-01
1.105600e+01   9.140438e-01      6.143927e-01   5.181152e-01
1.107200e+01   9.129879e-01      6.148814e-01   5.185561e-01
1.108800e+01   9.118974e-01      6.155042e-01   5.191284e-01
1.110400e+01   9.107729e-01      6.162595e-01   5.198298e-01
1.112000e+01   9.096149e-01      6.171456e-01   5.206571e-01
1.113600e+01   9.084240e-01      6.181603e-01   5.216069e-01
1.115200e+01   9.072009e-01      6.193011e-01   5.226748e-01
1.116800e+01   9.059460e-01      6.205654e-01   5.238561e-01
1.118400e+01   9.046600e-01      6.219499e-01   5.251457e-01
1.120000e+01   9.033434e-01      6.234513e-01   5.265377e-01
1.121600e+01   9.019968e-01      6.250659e-01   5.280262e-01
1.123200e+01   9.006208e-01      6.267898e-01   5.296045e-01
1.124800e+01   8.992158e-01      6.286188e-01   5.312658e-01
1.126400e+01   8.977824e-01      6.305485e-01   5.330029e-01
1.128000e+01   8.963213e-01      6.325743e-01   5.348082e-01
1.129600e+01   8.948330e-01      6.346914e-01   5.366743e-01
1.131200e+01   8.933179e-01      6.368948e-01   5.385930e-01
1.132800e+01   8.917769e-01      6.391794e-01   5.405565e-01
1.134400e+01   8.902103e-01      6.415400e-01   5.425566e-01
1.136000e+01   8.886188e-01      6.439710e-01   5.445851e-01
1.137600e+01   8.870030e-01      6.464671e-01   5.466337e-01
1.139200e+01   8.853635e-01      6.490226e-01   5.486943e-01
1.140800e+01   8.837010e-01      6.516319e-01   5.507585e-01
1.142400e+01   8.820160e-01      6.542893e-01   5.528185e-01
1.144000e+01   8.803093e-01      6.569891e-01   5.548660e-01
1.145600e+01   8.785815e-01      6.597256e-01   5.568933e-01
1.147200e+01   8.768332e-01      6.624929e-01   5.588926e-01
1.148800e+01   8.750652e-01      6.652853e-01   5.608564e-01
1.150400e+01   8.732783e-01      6.680972e-01   5.627773e-01
1.152000e+01   8.714731e-01      6.709228e-01   5.646483e-01
1.153600e+01   8.696504e-01      6.737565e-01   5.664626e-01
1.155200e+01   8.678110e-01      6.765927e-01   5.682135e-01
1.156800e+01   8.659557e-01      6.794260e-01   5.698948e-01
1.158400e+01   8.640855e-01      6.822510e-01   5.715005e-01
1.160000e+01   8.622010e-01      6.850623e-01   5.730248e-01
1.161600e+01   8.603033e-01      6.878547e-01   5.744625e-01
1.163200e+01   8.583933e-01      6.906232e-01   5.758084e-01
1.164800e+01   8.564719e-01      6.933629e-01   5.770581e-01
1.166400e+01   8.545402e-01      6.960687e-01   5.782070e-01
1.168000e+01   8.525991e-01      6.987362e-01   5.792512e-01
1.169600e+01   8.506497e-01      7.013607e-01   5.801873e-01
1.171200e+01   8.486932e-01      7.039378e-01   5.810118e-01
1.172800e+01   8.467307e-01      7.064633e-01   5.817220e-01
1.174400e+01   8.447632e-01      7.089332e-01   5.823155e-01
1.176000e+01   8.427922e-01      7.113434e-01   5.827901e-01
1.177600e+01   8.408188e-01      7.136902e-01   5.831441e-01
1.179200e+01   8.388443e-01      7.159701e-01   5.833764e-01
1.180800e+01   8.368701e-01      7.181797e-01   5.834859e-01
1.182400e+01   8.348974e-01      7.203157e-01   5.834721e-01
1.184000e+01   8.329279e-01      7.223750e-01   5.833351e-01
1.185600e+01   8.309628e-01      7.243549e-01   5.830750e-01
1.187200e+01   8.290037e-01      7.262527e-01   5.826925e-01
1.188800e+01   8.270521e-01      7.280658e-01   5.821888e-01
1.190400e+01   8.251097e-01      7.297919e-01   5.815653e-01
1.192000e+01   8.231779e-01      7.314288e-01   5.808239e-01
1.193600e+01   8.212584e-01      7.329747e-01   5.799669e-01
1.195200e+01   8.193530e-01      7.344278e-01   5.789969e-01
1.196800e+01   8.174633e-01      7.357865e-01   5.779170e-01
1.198400e+01   8.155910e-01      7.370493e-01   5.767306e-01
1.200000e+01   8.137380e-01      7.382151e-01   5.754415e-01
1.201600e+01   8.119060e-01      7.392828e-01   5.740539e-01
1.203200e+01   8.100969e-01      7.402516e-01   5.725723e-01
1.204800e+01   8.083125e-01      7.411208e-01   5.710017e-01
1.206400e+01   8.065547e-01      7.418899e-01   5.693472e-01
1.208000e+01   8.048255e-01      7.425585e-01   5.676144e-01
1.209600e+01   8.031266e-01      7.431266e-01   5.658093e-01
1.211200e+01   8.014602e-01      7.435940e-01   5.639380e-01
1.212800e+01   7.998280e-01      7.439611e-01   5.620071e-01
1.214400e+01   7.982321e-01      7.442280e-01   5.600234e-01
1.216000e+01   7.966745e-01      7.443954e-01   5.579940e-01
1.217600e+01   7.951570e-01      7.444638e-01   5.559262e-01
1.219200e+01   7.936817e-01      7.444341e-01   5.538275e-01
1.220800e+01   7.922504e-01      7.443071e-01   5.517059e-01
1.222400e+01   7.908652e-01      7.440841e-01   5.495693e-01
1.224000e+01   7.895279e-01      7.437661e-01   5.474258e-01
1.225600e+01   7.882405e-01      7.433545e-01   5.452838e-01
1.227200e+01   7.870048e-01      7.428507e-01   5.431518e-01
1.228800e+01   7.858226e-01      7.422565e-01   5.410382e-01
1.230400e+01   7.846958e-01      7.415733e-01   5.389517e-01
1.232000e+01   7.836260e-01      7.408032e-01   5.369008e-01
1.233600e+01   7.826151e-01      7.399479e-01   5.348943e-01
1.235200e+01   7.816646e-01      7.390094e-01   5.329407e-01
1.236800e+01   7.807762e-01      7.379899e-01   5.310484e-01
1.238400e+01   7.799513e-01      7.368915e-01   5.292259e-01
1.240000e+01   7.791915e-01      7.357165e-01   5.274813e-01
1.241600e+01   7.784982e-01      7.344672e-01   5.258226e-01
1.243200e+01   7.778726e-01      7.331461e-01   5.242576e-01
1.244800e+01   7.773161e-01      7.317556e-01   5.227936e-01
1.246400e+01   7.768299e-01      7.302984e-01   5.214379e-01
1.248000e+01   7.764149e-01      7.287769e-01   5.201970e-01
1.249600e+01   7.760722e-01      7.271939e-01   5.190772e-01
1.251200e+01   7.758028e-01      7.255521e-01   5.180844e-01
1.252800e+01   7.756073e-01      7.238542e-01   5.172238e-01
1.254400e+01   7.754866e-01      7.221032e-01   5.165001e-01
1.256000e+01   7.754413e-01      7.203018e-01   5.159173e-01
1.257600e+01   7.754719e-01      7.184530e-01   5.154791e-01
1.259200e+01   7.755788e-01      7.165597e-01   5.151882e-01
1.260800e+01   7.757624e-01      7.146249e-01   5.150469e-01
1.262400e+01   7.760228e-01      7.126516e-01   5.150565e-01
1.264000e+01   7.763603e-01      7.106428e-01   5.152177e-01
1.265600e+01   7.767747e-01      7.086017e-01   5.155308e-01
1.267200e+01   7.772660e-01      7.065312e-01   5.159949e-01
1.268800e+01   7.778339e-01      7.044347e-01   5.166086e-01
1.270400e+01   7.784783e-01      7.023151e-01   5.173698e-01
1.272000e+01   7.791986e-01      7.001756e-01   5.182756e-01
1.273600e+01   7.799943e-01      6.980195e-01   5.193227e-01
1.275200e+01   7.808649e-01      6.958498e-01   5.205067e-01
1.276800e+01   7.818095e-01      6.936699e-01   5.218229e-01
1.278400e+01   7.828273e-01      6.914828e-01   5.232659e-01
1.280000e+01   7.839175e-01      6.892919e-01   5.248298e-01
1.281600e+01   7.850789e-01      6.871002e-01   5.265080e-01
1.283200e+01   7.863104e-01      6.849111e-01   5.282935e-01
1.284800e+01   7.876108e-01      6.827277e-01   5.301791e-01
1.286400e+01   7.889788e-01      6.805531e-01   5.321568e-01
1.288000e+01   7.904130e-01      6.783907e-01   5.342185e-01
1.289600e+01   7.919118e-01      6.762435e-01   5.363558e-01
1.291200e+01   7.934736e-01      6.741147e-01   5.385599e-01
1.292800e+01   7.950968e-01      6.720074e-01   5.408220e-01
1.294400e+01   7.967796e-01      6.699247e-01   5.431330e-01
1.296000e+01   7.985201e-01      6.678696e-01   5.454837e-01
1.297600e+01   8.003166e-01      6.658452e-01   5.478649e-01
1.299200e+01   8.021669e-01      6.638545e-01   5.502672e-01
1.300800e+01   8.040691e-01      6.619002e-01   5.526814e-01
1.302400e+01   8.060211e-01      6.599854e-01   5.550982e-01
1.304000e+01   8.080206e-01      6.581129e-01   5.575085e-01
1.305600e+01   8.100655e-01      6.562853e-01   5.599033e-01
1.307200e+01   8.121534e-01      6.545054e-01   5.622736e-01
1.308800e+01   8.142822e-01      6.527758e-01   5.646109e-01
1.310400e+01   8.164495e-01      6.510989e-01   5.669065e-01
1.312000e+01   8.186528e-01      6.494774e-01   5.691522e-01
1.313600e+01   8.208897e-01      6.479134e-01   5.713401e-01
1.315200e+01   8.231579e-01      6.464093e-01   5.734623e-01
1.316800e+01   8.254549e-01      6.449673e-01   5.755115e-01
1.318400e+01   8.277781e-01      6.435894e-01   5.774806e-01
1.320000e+01   8.301251e-01      6.422775e-01   5.793626e-01
1.321600e+01   8.324935e-01      6.410336e-01   5.811513e-01
1.323200e+01   8.348806e-01      6.398593e-01   5.828405e-01
1.324800e+01   8.372842e-01      6.387563e-01   5.844244e-01
1.326400e+01   8.397015e-01      6.377261e-01   5.858978e-01
1.328000e+01   8.421303e-01      6.367701e-01   5.872557e-01
1.329600e+01   8.445680e-01      6.358895e-01   5.884935e-01
1.331200e+01   8.470122e-01      6.350854e-01   5.896070e-01
1.332800e+01   8.494606e-01      6.343589e-01   5.905926e-01
1.334400e+01   8.519107e-01      6.337107e-01   5.914468e-01
1.336000e+01   8.543602e-01      6.331417e-01   5.921667e-01
1.337600e+01   8.568069e-01      6.326525e-01   5.927499e-01
1.339200e+01   8.592483e-01      6.322434e-01   5.931941e-01
1.340800e+01   8.616824e-01      6.319148e-01   5.934979e-01
1.342400e+01   8.641069e-01      6.316669e-01   5.936599e-01
1.344000e+01   8.665198e-01      6.314997e-01   5.936794e-01
1.345600e+01   8.689188e-01      6.314132e-01   5.935559e-01
1.347200e+01   8.713020e-01      6.314072e-01   5.932895e-01
1.348800e+01   8.736674e-01      6.314813e-01   5.928807e-01
1.350400e+01   8.760131e-01      6.316350e-01   5.923305e-01
1.352000e+01   8.783371e-01      6.318677e-01   5.916400e-01
1.353600e+01   8.806377e-01      6.321786e-01   5.908111e-01
1.355200e+01   8.829131e-01      6.325669e-01   5.898460e-01
1.356800e+01   8.851615e-01      6.330316e-01   5.887473e-01
1.358400e+01   8.873813e-01      6.335716e-01   5.875179e-01
1.360000e+01   8.895709e-01      6.341857e-01   5.861613e-01
1.361600e+01   8.917288e-01      6.348724e-01   5.846814e-01
1.363200e+01   8.938534e-01      6.356304e-01   5.830823e-01
1.364800e+01   8.959433e-01      6.364581e-01   5.813686e-01
1.366400e+01   8.979971e-01      6.373538e-01   5.795455e-01
1.368000e+01   9.000134e-01      6.383158e-01   5.776182e-01
1.369600e+01   9.019911e-01      6.393422e-01   5.755925e-01
1.371200e+01   9.039288e-01      6.404310e-01   5.734745e-01
1.372800e+01   9.058255e-01      6.415803e-01   5.712707e-01
1.374400e+01   9.076798e-01      6.427880e-01   5.689880e-01
1.376000e+01   9.094908e-01      6.440518e-01   5.666334e-01
1.377600e+01   9.112575e-01      6.453695e-01   5.642143e-01
1.379200e+01   9.129787e-01      6.467388e-01   5.617386e-01
1.380800e+01   9.146536e-01      6.481573e-01   5.592142e-01
1.382400e+01   9.162811e-01      6.496224e-01   5.566495e-01
1.384000e+01   9.178605e-01      6.511318e-01   5.540529e-01
1.385600e+01   9.193908e-01      6.526828e-01   5.514332e-01
1.387200e+01   9.208713e-01      6.542728e-01   5.487993e-01
1.388800e+01   9.223010e-01      6.558991e-01   5.461604e-01
1.390400e+01   9.236793e-01      6.575591e-01   5.435258e-01
1.392000e+01   9.250053e-01      6.592499e-01   5.409047e-01
1.393600e+01   9.262784e-01      6.609688e-01   5.383067e-01
1.395200e+01   9.274977e-01      6.627129e-01   5.357413e-01
1.396800e+01   9.286626e-01      6.644794e-01   5.332180e-01
1.398400e+01   9.297724e-01      6.662653e-01   5.307463e-01
1.400000e+01   9.308265e-01      6.680678e-01   5.283356e-01
1.401600e+01   9.318241e-01      6.698839e-01   5.259953e-01
1.403200e+01   9.327647e-01      6.717107e-01   5.237344e-01
1.404800e+01   9.336476e-01      6.735452e-01   5.215621e-01
1.406400e+01   9.344721e-01      6.753843e-01   5.194869e-01
1.408000e+01   9.352378e-01      6.772252e-01   5.175173e-01
1.409600e+01   9.359439e-01      6.790648e-01   5.156613e-01
1.411200e+01   9.365900e-01      6.809002e-01   5.139267e-01
1.412800e+01   9.371755e-01      6.827283e-01   5.123206e-01
1.414400e+01   9.376998e-01      6.845462e-01   5.108497e-01
1.416000e+01   9.381624e-01      6.863509e-01   5.095202e-01
1.417600e+01   9.385628e-01      6.881395e-01   5.083378e-01
1.419200e+01   9.389006e-01      6.899091e-01   5.073074e-01
1.420800e+01   9.391752e-01      6.916568e-01   5.064333e-01
1.422400e+01   9.393863e-01      6.933796e-01   5.057191e-01
1.424000e+01   9.395335e-01      6.950749e-01   5.051677e-01
1.425600e+01   9.396164e-01      6.967398e-01   5.047813e-01
1.427200e+01   9.396346e-01      6.983715e-01   5.045613e-01
1.428800e+01   9.395878e-01      6.999673e-01   5.045082e-01
1.430400e+01   9.394758e-01      7.015247e-01   5.046218e-01
1.432000e+01   9.392983e-01      7.030410e-01   5.049013e-01
1.433600e+01   9.390550e-01      7.045137e-01   5.053448e-01
1.435200e+01   9.387460e-01      7.059403e-01   5.059499e-01
1.436800e+01   9.383709e-01      7.073184e-01   5.067134e-01
1.438400e+01   9.379297e-01      7.086456e-01   5.076312e-01
1.440000e+01   9.374224e-01      7.099198e-01   5.086988e-01
1.441600e+01   9.368490e-01      7.111387e-01   5.099108e-01
1.443200e+01   9.362095e-01      7.123001e-01   5.112614e-01
1.444800e+01   9.355041e-01      7.134022e-01   5.127440e-01
1.446400e+01   9.347328e-01      7.144429e-01   5.143517e-01
1.448000e+01   9.338959e-01      7.154204e-01   5.160769e-01
1.449600e+01   9.329935e-01      7.163330e-01   5.179118e-01
1.451200e+01   9.320261e-01      7.171789e-01   5.198480e-01
1.452800e+01   9.309938e-01      7.179566e-01   5.218770e-01
1.454400e+01   9.298972e-01      7.186647e-01   5.239897e-01
1.456000e+01   9.287367e-01      7.193017e-01   5.261773e-01
1.457600e+01   9.275127e-01      7.198665e-01   5.284302e-01
1.459200e+01   9.262258e-01      7.203578e-01   5.307392e-01
1.460800e+01   9.248767e-01      7.207745e-01   5.330947e-01
1.462400e+01   9.234659e-01      7.211159e-01   5.354872e-01
1.464000e+01   9.219942e-01      7.213810e-01   5.379073e-01
1.465600e+01   9.204624e-01      7.215690e-01   5.403454e-01
1.467200e+01   9.188712e-01      7.216795e-01   5.427922e-01
1.468800e+01   9.172216e-01      7.217119e-01   5.452386e-01
1.470400e+01   9.155144e-01      7.216659e-01   5.476754e-01
1.472000e+01   9.137507e-01      7.215411e-01   5.500937e-01
1.473600e+01   9.119314e-01      7.213375e-01   5.524850e-01
1.475200e+01   9.100578e-01      7.210551e-01   5.548408e-01
1.476800e+01   9.081308e-01      7.206939e-01   5.571531e-01
1.478400e+01   9.061517e-01      7.202542e-01   5.594139e-01
1.480000e+01   9.041218e-01      7.197364e-01   5.616159e-01
1.481600e+01   9.020424e-01      7.191410e-01   5.637518e-01
1.483200e+01   8.999147e-01      7.184685e-01   5.658148e-01
1.484800e+01   8.977403e-01      7.177198e-01   5.677984e-01
1.486400e+01   8.955206e-01      7.168957e-01   5.696966e-01
1.488000e+01   8.932571e-01      7.159972e-01   5.715036e-01
1.489600e+01   8.909514e-01      7.150255e-01   5.732142e-01
1.491200e+01   8.886051e-01      7.139819e-01   5.748233e-01
1.492800e+01   8.862200e-01      7.128678e-01   5.763265e-01
1.494400e+01   8.837977e-01      7.116847e-01   5.777197e-01
1.496000e+01   8.813402e-01      7.104345e-01   5.789992e-01
1.497600e+01   8.788492e-01      7.091189e-01   5.801616e-01
1.499200e+01   8.763268e-01      7.077400e-01   5.812042e-01
1.500800e+01   8.737749e-01      7.062999e-01   5.821245e-01
1.502400e+01   8.711955e-01      7.048008e-01   5.829204e-01
1.504000e+01   8.685908e-01      7.032453e-01   5.835904e-01
1.505600e+01   8.659631e-01      7.016359e-01   5.841332e-01
1.507200e+01   8.633144e-01      6.999753e-01   5.845481e-01
1.508800e+01   8.606472e-01      6.982664e-01   5.848348e-01
1.510400e+01   8.579638e-01      6.965123e-01   5.849932e-01
1.512000e+01   8.552666e-01      6.947160e-01   5.850240e-01
1.513600e+01   8.525582e-01      6.928809e-01   5.849279e-01
1.515200e+01   8.498411e-01      6.910103e-01   5.847063e-01
1.516800e+01   8.471179e-01      6.891080e-01   5.843608e-01
1.518400e+01   8.443914e-01      6.871776e-01   5.838935e-01
1.520000e+01   8.416642e-01      6.852228e-01   5.833070e-01
1.521600e+01   8.389392e-01      6.832478e-01   5.826041e-01
1.523200e+01   8.362191e-01      6.812564e-01   5.817881e-01
1.524800e+01   8.335070e-01      6.792531e-01   5.808625e-01
1.526400e+01   8.308057e-01      6.772419e-01   5.798314e-01
1.528000e+01   8.281182e-01      6.752274e-01   5.786992e-01
1.529600e+01   8.254476e-01      6.732141e-01   5.774706e-01
1.531200e+01   8.227969e-01      6.712064e-01   5.761506e-01
1.532800e+01   8.201692e-01      6.692092e-01   5.747446e-01
1.534400e+01   8.175678e-01      6.672271e-01   5.732582e-01
1.536000e+01   8.149956e-01      6.652649e-01   5.716976e-01
1.537600e+01   8.124561e-01      6.633274e-01   5.700689e-01
1.539200e+01   8.099522e-01      6.614195e-01   5.683787e-01
1.540800e+01   8.074873e-01      6.595461e-01   5.666338e-01
1.542400e+01   8.050645e-01      6.577122e-01   5.648412e-01
1.544000e+01   8.026870e-01      6.559224e-01   5.630083e-01
1.545600e+01   8.003582e-01      6.541818e-01   5.611424e-01
1.547200e+01   7.980810e-01      6.524952e-01   5.592511e-01
1.548800e+01   7.958587e-01      6.508672e-01   5.573423e-01
1.550400e+01   7.936945e-01      6.493025e-01   5.554238e-01
1.552000e+01   7.915913e-01      6.478057e-01   5.535035e-01
1.553600e+01   7.895521e-01      6.463813e-01   5.515896e-01
1.555200e+01   7.875801e-01      6.450335e-01   5.496901e-01
1.556800e+01   7.856779e-01      6.437664e-01   5.478131e-01
1.558400e+01   7.838486e-01      6.425841e-01   5.459665e-01
1.560000e+01   7.820946e-01      6.414902e-01   5.441585e-01
1.561600e+01   7.804188e-01      6.404884e-01   5.423968e-01
1.563200e+01   7.788236e-01      6.395819e-01   5.406893e-01
1.564800e+01   7.773115e-01      6.387738e-01   5.390434e-01
1.566400e+01   7.758846e-01      6.380669e-01   5.374665e-01
1.568000e+01   7.745452e-01      6.374638e-01   5.359656e-01
1.569600e+01   7.732954e-01      6.369665e-01   5.345476e-01
1.571200e+01   7.721369e-01      6.365771e-01   5.332190e-01
1.572800e+01   7.710716e-01      6.362971e-01   5.319857e-01
1.574400e+01   7.701010e-01      6.361279e-01   5.308534e-01
1.576000e+01   7.692265e-01      6.360703e-01   5.298274e-01
1.577600e+01   7.684495e-01      6.361251e-01   5.289124e-01
1.579200e+01   7.677710e-01      6.362924e-01   5.281126e-01
1.580800e+01   7.671920e-01      6.365723e-01   5.274317e-01
1.582400e+01   7.667132e-01      6.369642e-01   5.268727e-01
1.584000e+01   7.663353e-01      6.374676e-01   5.264384e-01
1.585600e+01   7.660586e-01      6.380814e-01   5.261304e-01
1.587200e+01   7.658834e-01      6.388041e-01   5.259502e-01
1.588800e+01   7.658098e-01      6.396341e-01   5.258984e-01
1.590400e+01   7.658376e-01      6.405694e-01   5.259751e-01
1.592000e+01   7.659668e-01      6.416076e-01   5.261795e-01
1.593600e+01   7.661966e-01      6.427463e-01   5.265105e-01
1.595200e+01   7.665267e-01      6.439824e-01   5.269662e-01
1.596800e+01   7.669562e-01      6.453130e-01   5.275441e-01
1.598400e+01   7.674843e-01      6.467346e-01   5.282412e-01
1.600000e+01   7.681097e-01      6.482436e-01   5.290536e-01
1.601600e+01   7.688313e-01      6.498362e-01   5.299773e-01
1.603200e+01   7.696478e-01      6.515084e-01   5.310076e-01
1.604800e+01   7.705576e-01      6.532560e-01   5.321391e-01
1.606400e+01   7.715590e-01      6.550746e-01   5.333662e-01
1.608000e+01   7.726503e-01      6.569597e-01   5.346829e-01
1.609600e+01   7.738296e-01      6.589067e-01   5.360825e-01
1.611200e+01   7.750948e-01      6.609108e-01   5.375584e-01
1.612800e+01   7.764438e-01      6.629671e-01   5.391033e-01
1.614400e+01   7.778743e-01      6.650706e-01   5.407100e-01
1.616000e+01   7.793841e-01      6.672164e-01   5.423707e-01
1.617600e+01   7.809706e-01      6.693993e-01   5.440777e-01
1.619200e+01   7.826314e-01      6.716142e-01   5.458231e-01
1.620800e+01   7.843638e-01      6.738561e-01   5.475988e-01
1.622400e+01   7.861653e-01      6.761196e-01   5.493968e-01
1.624000e+01   7.880330e-01      6.783997e-01   5.512091e-01
1.625600e+01   7.899641e-01      6.806913e-01   5.530274e-01
1.627200e+01   7.919559e-01      6.829891e-01   5.548438e-01
1.628800e+01   7.940053e-01      6.852882e-01   5.566504e-01
1.630400e+01   7.961095e-01      6.875835e-01   5.584393e-01
1.632000e+01   7.982656e-01      6.898700e-01   5.602029e-01
1.633600e+01   8.004704e-01      6.921428e-01   5.619336e-01
1.635200e+01   8.027210e-01      6.943971e-01   5.636242e-01
1.636800e+01   8.050144e-01      6.966281e-01   5.652675e-01
1.638400e+01   8.073475e-01      6.988312e-01   5.668568e-01
1.640000e+01   8.097173e-01      7.010018e-01   5.683855e-01
