-1.000000e+01 0.000000e+00
-9.900000e+00 2.192086e-25
-9.800000e+00 1.211330e-24
-9.700000e+00 4.389116e-24
-9.600000e+00 1.399368e-23
-9.500000e+00 4.204369e-23
-9.400000e+00 1.212526e-22
-9.300000e+00 3.374978e-22
-9.200000e+00 9.076022e-22
-9.100000e+00 2.356536e-21
-9.000000e+00 5.901187e-21
-8.900000e+00 1.423350e-20
-8.800000e+00 3.301821e-20
-8.700000e+00 7.356260e-20
-8.600000e+00 1.572048e-19
-8.500000e+00 3.218986e-19
-8.400000e+00 6.311560e-19
-8.300000e+00 1.185030e-18
-8.200000e+00 2.132946e-18
-8.100000e+00 3.690804e-18
-8.000000e+00 6.172786e-18
-7.900000e+00 1.006477e-17
-7.800000e+00 1.619002e-17
-7.700000e+00 2.603759e-17
-7.600000e+00 4.231436e-17
-7.500000e+00 6.970815e-17
-7.400000e+00 1.156993e-16
-7.300000e+00 1.910926e-16
-7.200000e+00 3.099471e-16
-7.100000e+00 4.890605e-16
-7.000000e+00 7.483719e-16
-6.900000e+00 1.115511e-15
-6.800000e+00 1.639605e-15
-6.700000e+00 2.420498e-15
-6.600000e+00 3.659967e-15
-6.500000e+00 5.745881e-15
-6.400000e+00 9.402181e-15
-6.300000e+00 1.601009e-14
-6.200000e+00 2.840558e-14
-6.100000e+00 5.297230e-14
-6.000000e+00 1.051559e-13
-5.900000e+00 2.238431e-13
-5.800000e+00 5.084012e-13
-5.700000e+00 1.212867e-12
-5.600000e+00 2.982028e-12
-5.500000e+00 7.433823e-12
-5.400000e+00 1.857274e-11
-5.300000e+00 4.616501e-11
-5.200000e+00 1.136744e-10
-5.100000e+00 2.766449e-10
-5.000000e+00 6.646562e-10
-4.900000e+00 1.575653e-09
-4.800000e+00 3.684695e-09
-4.700000e+00 8.498196e-09
-4.600000e+00 1.932454e-08
-4.500000e+00 4.330787e-08
-4.400000e+00 9.560121e-08
-4.300000e+00 2.077396e-07
-4.200000e+00 4.440477e-07
-4.100000e+00 9.329975e-07
-4.000000e+00 1.925592e-06
-3.900000e+00 3.901127e-06
-3.800000e+00 7.753353e-06
-3.700000e+00 1.510844e-05
-3.600000e+00 2.885108e-05
-3.500000e+00 5.396616e-05
-3.400000e+00 9.883746e-05
-3.300000e+00 1.771748e-04
-3.200000e+00 3.107530e-04
-3.100000e+00 5.331188e-04
-3.000000e+00 8.943327e-04
-2.900000e+00 1.466628e-03
-2.800000e+00 2.350577e-03
-2.700000e+00 3.680970e-03
-2.600000e+00 5.631163e-03
-2.500000e+00 8.414294e-03
-2.400000e+00 1.227963e-02
-2.300000e+00 1.750254e-02
-2.200000e+00 2.436750e-02
-2.100000e+00 3.314474e-02
-2.000000e+00 4.406270e-02
-1.900000e+00 5.728012e-02
-1.800000e+00 7.286189e-02
-1.700000e+00 9.076286e-02
-1.600000e+00 1.108223e-01
-1.500000e+00 1.327694e-01
-1.400000e+00 1.562392e-01
-1.300000e+00 1.807946e-01
-1.200000e+00 2.059526e-01
-1.100000e+00 2.312094e-01
-1.000000e+00 2.560636e-01
-9.000000e-01 2.800343e-01
-8.000000e-01 3.026750e-01
-7.000000e-01 3.235820e-01
-6.000000e-01 3.424001e-01
-5.000000e-01 3.588243e-01
-4.000000e-01 3.726002e-01
-3.000000e-01 3.835229e-01
-2.000000e-01 3.914352e-01
-1.000000e-01 3.962266e-01
0.000000e+00 3.978310e-01
1.000000e-01 3.962266e-01
2.000000e-01 3.914352e-01
3.000000e-01 3.835229e-01
4.000000e-01 3.726002e-01
5.000000e-01 3.588243e-01
6.000000e-01 3.424001e-01
7.000000e-01 3.235820e-01
8.000000e-01 3.026750e-01
9.000000e-01 2.800343e-01
1.000000e+00 2.560636e-01
1.100000e+00 2.312094e-01
1.200000e+00 2.059526e-01
1.300000e+00 1.807946e-01
1.400000e+00 1.562392e-01
1.500000e+00 1.327694e-01
1.600000e+00 1.108223e-01
1.700000e+00 9.076286e-02
1.800000e+00 7.286189e-02
1.900000e+00 5.728012e-02
2.000000e+00 4.406270e-02
2.100000e+00 3.314474e-02
2.200000e+00 2.436750e-02
2.300000e+00 1.750254e-02
2.400000e+00 1.227963e-02
2.500000e+00 8.414294e-03
2.600000e+00 5.631163e-03
2.700000e+00 3.680970e-03
2.800000e+00 2.350577e-03
2.900000e+00 1.466628e-03
3.000000e+00 8.943327e-04
3.100000e+00 5.331188e-04
3.200000e+00 3.107530e-04
3.300000e+00 1.771748e-04
3.400000e+00 9.883746e-05
3.500000e+00 5.396616e-05
3.600000e+00 2.885108e-05
3.700000e+00 1.510844e-05
3.800000e+00 7.753353e-06
3.900000e+00 3.901127e-06
4.000000e+00 1.925592e-06
4.100000e+00 9.329975e-07
4.200000e+00 4.440477e-07
4.300000e+00 2.077396e-07
4.400000e+00 9.560121e-08
4.500000e+00 4.330787e-08
4.600000e+00 1.932454e-08
4.700000e+00 8.498196e-09
4.800000e+00 3.684695e-09
4.900000e+00 1.575653e-09
5.000000e+00 6.646562e-10
5.100000e+00 2.766449e-10
5.200000e+00 1.136744e-10
5.300000e+00 4.616501e-11
5.400000e+00 1.857274e-11
5.500000e+00 7.433823e-12
5.600000e+00 2.982028e-12
5.700000e+00 1.212867e-12
5.800000e+00 5.084012e-13
5.900000e+00 2.238431e-13
6.000000e+00 1.051559e-13
6.100000e+00 5.297229e-14
6.200000e+00 2.840557e-14
6.300000e+00 1.601009e-14
6.400000e+00 9.402184e-15
6.500000e+00 5.745885e-15
6.600000e+00 3.659970e-15
6.700000e+00 2.420499e-15
6.800000e+00 1.639604e-15
6.900000e+00 1.115509e-15
7.000000e+00 7.483710e-16
7.100000e+00 4.890603e-16
7.200000e+00 3.099474e-16
7.300000e+00 1.910932e-16
7.400000e+00 1.156999e-16
7.500000e+00 6.970853e-17
7.600000e+00 4.231451e-17
7.700000e+00 2.603752e-17
7.800000e+00 1.618983e-17
7.900000e+00 1.006456e-17
8.000000e+00 6.172615e-18
8.100000e+00 3.690706e-18
8.200000e+00 2.132917e-18
8.300000e+00 1.185047e-18
8.400000e+00 6.311917e-19
8.500000e+00 3.219325e-19
8.600000e+00 1.572294e-19
8.700000e+00 7.357714e-20
8.800000e+00 3.302436e-20
8.900000e+00 1.423474e-20
9.000000e+00 5.900328e-21
9.100000e+00 2.354942e-21
9.200000e+00 9.060538e-22
9.300000e+00 3.362576e-22
9.400000e+00 1.202526e-22
9.500000e+00 4.121675e-23
9.600000e+00 1.327997e-23
9.700000e+00 3.750088e-24
9.800000e+00 6.903172e-25
9.900000e+00 0.000000e+00
