-8.000000e+00 0.000000e+00
-7.900000e+00 5.740686e-27
-7.800000e+00 2.738962e-26
-7.700000e+00 8.170904e-26
-7.600000e+00 2.052185e-25
-7.500000e+00 4.705886e-25
-7.400000e+00 1.021057e-24
-7.300000e+00 2.162134e-24
-7.200000e+00 4.674009e-24
-7.100000e+00 1.092628e-23
-7.000000e+00 2.843775e-23
-6.900000e+00 7.993310e-23
-6.800000e+00 2.285127e-22
-6.700000e+00 6.329623e-22
-6.600000e+00 1.655448e-21
-6.500000e+00 4.053872e-21
-6.400000e+00 9.326430e-21
-6.300000e+00 2.044473e-20
-6.200000e+00 4.383025e-20
-6.100000e+00 9.512979e-20
-6.000000e+00 2.149041e-19
-5.900000e+00 5.053148e-19
-5.800000e+00 1.199737e-18
-5.700000e+00 2.758538e-18
-5.600000e+00 5.937363e-18
-5.500000e+00 1.185801e-17
-5.400000e+00 2.349582e-17
-5.300000e+00 5.850487e-17
-5.200000e+00 2.236672e-16
-5.100000e+00 1.069431e-15
-5.000000e+00 5.089032e-15
-4.900000e+00 2.256803e-14
-4.800000e+00 9.309230e-14
-4.700000e+00 3.609666e-13
-4.600000e+00 1.329190e-12
-4.500000e+00 4.684169e-12
-4.400000e+00 1.588398e-11
-4.300000e+00 5.201832e-11
-4.200000e+00 1.649165e-10
-4.100000e+00 5.069252e-10
-4.000000e+00 1.512164e-09
-3.900000e+00 4.379874e-09
-3.800000e+00 1.232116e-08
-3.700000e+00 3.366796e-08
-3.600000e+00 8.936344e-08
-3.500000e+00 2.303853e-07
-3.400000e+00 5.768444e-07
-3.300000e+00 1.402546e-06
-3.200000e+00 3.311077e-06
-3.100000e+00 7.588368e-06
-3.000000e+00 1.688042e-05
-2.900000e+00 3.644173e-05
-2.800000e+00 7.633353e-05
-2.700000e+00 1.551129e-04
-2.600000e+00 3.057087e-04
-2.500000e+00 5.842525e-04
-2.400000e+00 1.082503e-03
-2.300000e+00 1.943992e-03
-2.200000e+00 3.382982e-03
-2.100000e+00 5.703684e-03
-2.000000e+00 9.315141e-03
-1.900000e+00 1.473523e-02
-1.800000e+00 2.257644e-02
-1.700000e+00 3.350739e-02
-1.600000e+00 4.818835e-02
-1.500000e+00 6.718574e-02
-1.400000e+00 9.087806e-02
-1.300000e+00 1.193709e-01
-1.200000e+00 1.524387e-01
-1.100000e+00 1.895067e-01
-1.000000e+00 2.296748e-01
-9.000000e-01 2.717795e-01
-8.000000e-01 3.144781e-01
-7.000000e-01 3.563428e-01
-6.000000e-01 3.959491e-01
-5.000000e-01 4.319527e-01
-4.000000e-01 4.631472e-01
-3.000000e-01 4.885072e-01
-2.000000e-01 5.072154e-01
-1.000000e-01 5.186792e-01
0.000000e+00 5.225405e-01
1.000000e-01 5.186792e-01
2.000000e-01 5.072154e-01
3.000000e-01 4.885072e-01
4.000000e-01 4.631472e-01
5.000000e-01 4.319527e-01
6.000000e-01 3.959491e-01
7.000000e-01 3.563428e-01
8.000000e-01 3.144781e-01
9.000000e-01 2.717795e-01
1.000000e+00 2.296748e-01
1.100000e+00 1.895067e-01
1.200000e+00 1.524387e-01
1.300000e+00 1.193709e-01
1.400000e+00 9.087806e-02
1.500000e+00 6.718574e-02
1.600000e+00 4.818835e-02
1.700000e+00 3.350739e-02
1.800000e+00 2.257644e-02
1.900000e+00 1.473523e-02
2.000000e+00 9.315141e-03
2.100000e+00 5.703684e-03
2.200000e+00 3.382982e-03
2.300000e+00 1.943992e-03
2.400000e+00 1.082503e-03
2.500000e+00 5.842525e-04
2.600000e+00 3.057087e-04
2.700000e+00 1.551129e-04
2.800000e+00 7.633353e-05
2.900000e+00 3.644173e-05
3.000000e+00 1.688042e-05
3.100000e+00 7.588368e-06
3.200000e+00 3.311077e-06
3.300000e+00 1.402546e-06
3.400000e+00 5.768444e-07
3.500000e+00 2.303853e-07
3.600000e+00 8.936344e-08
3.700000e+00 3.366796e-08
3.800000e+00 1.232116e-08
3.900000e+00 4.379874e-09
4.000000e+00 1.512164e-09
4.100000e+00 5.069252e-10
4.200000e+00 1.649165e-10
4.300000e+00 5.201832e-11
4.400000e+00 1.588398e-11
4.500000e+00 4.684169e-12
4.600000e+00 1.329190e-12
4.700000e+00 3.609666e-13
4.800000e+00 9.309229e-14
4.900000e+00 2.256802e-14
5.000000e+00 5.089033e-15
5.100000e+00 1.069432e-15
5.200000e+00 2.236675e-16
5.300000e+00 5.850469e-17
5.400000e+00 2.349561e-17
5.500000e+00 1.185795e-17
5.600000e+00 5.937396e-18
5.700000e+00 2.758589e-18
5.800000e+00 1.199775e-18
5.900000e+00 5.053364e-19
6.000000e+00 2.149133e-19
6.100000e+00 9.513153e-20
6.200000e+00 4.382768e-20
6.300000e+00 2.044012e-20
6.400000e+00 9.322092e-21
6.500000e+00 4.050869e-21
6.600000e+00 1.653697e-21
6.700000e+00 6.321193e-22
6.800000e+00 2.281477e-22
6.900000e+00 7.972060e-23
7.000000e+00 2.827159e-23
7.100000e+00 1.078902e-23
7.200000e+00 4.564268e-24
7.300000e+00 2.081988e-24
7.400000e+00 9.642409e-25
7.500000e+00 4.296037e-25
7.600000e+00 1.756793e-25
7.700000e+00 6.013036e-26
7.800000e+00 1.258616e-26
7.900000e+00 0.000000e+00
