-6.000000e+00 0.000000e+00
-5.900000e+00 3.490824e-24
-5.800000e+00 1.902288e-23
-5.700000e+00 6.680423e-23
-5.600000e+00 2.031038e-22
-5.500000e+00 5.755909e-22
-5.400000e+00 1.558246e-21
-5.300000e+00 4.062287e-21
-5.200000e+00 1.019862e-20
-5.100000e+00 2.452425e-20
-5.000000e+00 5.596036e-20
-4.900000e+00 1.203845e-19
-4.800000e+00 2.520352e-19
-4.700000e+00 6.219742e-19
-4.600000e+00 2.545247e-18
-4.500000e+00 1.553884e-17
-4.400000e+00 1.008870e-16
-4.300000e+00 6.172690e-16
-4.200000e+00 3.510057e-15
-4.100000e+00 1.867807e-14
-4.000000e+00 9.373320e-14
-3.900000e+00 4.461613e-13
-3.800000e+00 2.022260e-12
-3.700000e+00 8.751598e-12
-3.600000e+00 3.622705e-11
-3.500000e+00 1.436200e-10
-3.400000e+00 5.457624e-10
-3.300000e+00 1.989063e-09
-3.200000e+00 6.955246e-09
-3.100000e+00 2.333965e-08
-3.000000e+00 7.517023e-08
-2.900000e+00 2.323718e-07
-2.800000e+00 6.894402e-07
-2.700000e+00 1.963154e-06
-2.600000e+00 5.364250e-06
-2.500000e+00 1.406371e-05
-2.400000e+00 3.537157e-05
-2.300000e+00 8.532763e-05
-2.200000e+00 1.973846e-04
-2.100000e+00 4.377470e-04
-2.000000e+00 9.304867e-04
-1.900000e+00 1.895217e-03
-1.800000e+00 3.697880e-03
-1.700000e+00 6.910064e-03
-1.600000e+00 1.236391e-02
-1.500000e+00 2.117973e-02
-1.400000e+00 3.473631e-02
-1.300000e+00 5.455602e-02
-1.200000e+00 8.209401e-02
-1.100000e+00 1.184523e-01
-1.000000e+00 1.640751e-01
-9.000000e-01 2.185024e-01
-8.000000e-01 2.802546e-01
-7.000000e-01 3.468826e-01
-6.000000e-01 4.151735e-01
-5.000000e-01 4.814624e-01
-4.000000e-01 5.419839e-01
-3.000000e-01 5.932070e-01
-2.000000e-01 6.321144e-01
-1.000000e-01 6.564129e-01
0.000000e+00 6.646739e-01
1.000000e-01 6.564129e-01
2.000000e-01 6.321144e-01
3.000000e-01 5.932070e-01
4.000000e-01 5.419839e-01
5.000000e-01 4.814624e-01
6.000000e-01 4.151735e-01
7.000000e-01 3.468826e-01
8.000000e-01 2.802546e-01
9.000000e-01 2.185024e-01
1.000000e+00 1.640751e-01
1.100000e+00 1.184523e-01
1.200000e+00 8.209401e-02
1.300000e+00 5.455602e-02
1.400000e+00 3.473631e-02
1.500000e+00 2.117973e-02
1.600000e+00 1.236391e-02
1.700000e+00 6.910064e-03
1.800000e+00 3.697880e-03
1.900000e+00 1.895217e-03
2.000000e+00 9.304867e-04
2.100000e+00 4.377470e-04
2.200000e+00 1.973846e-04
2.300000e+00 8.532763e-05
2.400000e+00 3.537157e-05
2.500000e+00 1.406371e-05
2.600000e+00 5.364250e-06
2.700000e+00 1.963154e-06
2.800000e+00 6.894402e-07
2.900000e+00 2.323718e-07
3.000000e+00 7.517023e-08
3.100000e+00 2.333965e-08
3.200000e+00 6.955246e-09
3.300000e+00 1.989063e-09
3.400000e+00 5.457624e-10
3.500000e+00 1.436200e-10
3.600000e+00 3.622705e-11
3.700000e+00 8.751597e-12
3.800000e+00 2.022259e-12
3.900000e+00 4.461609e-13
4.000000e+00 9.373319e-14
4.100000e+00 1.867814e-14
4.200000e+00 3.510100e-15
4.300000e+00 6.172831e-16
4.400000e+00 1.008890e-16
4.500000e+00 1.553819e-17
4.600000e+00 2.544630e-18
4.700000e+00 6.216097e-19
4.800000e+00 2.517868e-19
4.900000e+00 1.201998e-19
5.000000e+00 5.582958e-20
5.100000e+00 2.443630e-20
5.200000e+00 1.014035e-20
5.300000e+00 4.023010e-21
5.400000e+00 1.530710e-21
5.500000e+00 5.554221e-22
5.600000e+00 1.876948e-22
5.700000e+00 5.475982e-23
5.800000e+00 1.022395e-23
5.900000e+00 0.000000e+00
