-5.000000e+00 0.000000e+00
-4.980000e+00 3.953290e-11
-4.960000e+00 1.594145e-10
-4.940000e+00 3.635015e-10
-4.920000e+00 6.582855e-10
-4.900000e+00 1.053032e-09
-4.880000e+00 1.559997e-09
-4.860000e+00 2.194736e-09
-4.840000e+00 2.976485e-09
-4.820000e+00 3.928655e-09
-4.800000e+00 5.079420e-09
-4.780000e+00 6.462424e-09
-4.760000e+00 8.117628e-09
-4.740000e+00 1.009229e-08
-4.720000e+00 1.244214e-08
-4.700000e+00 1.523271e-08
-4.680000e+00 1.854093e-08
-4.660000e+00 2.245693e-08
-4.640000e+00 2.708617e-08
-4.620000e+00 3.255185e-08
-4.600000e+00 3.899777e-08
-4.580000e+00 4.659150e-08
-4.560000e+00 5.552816e-08
-4.540000e+00 6.603470e-08
-4.520000e+00 7.837475e-08
-4.500000e+00 9.285432e-08
-4.480000e+00 1.098282e-07
-4.460000e+00 1.297072e-07
-4.440000e+00 1.529669e-07
-4.420000e+00 1.801567e-07
-4.400000e+00 2.119113e-07
-4.380000e+00 2.489628e-07
-4.360000e+00 2.921546e-07
-4.340000e+00 3.424580e-07
-4.320000e+00 4.009899e-07
-4.300000e+00 4.690333e-07
-4.280000e+00 5.480611e-07
-4.260000e+00 6.397618e-07
-4.240000e+00 7.460693e-07
-4.220000e+00 8.691965e-07
-4.200000e+00 1.011673e-06
-4.180000e+00 1.176386e-06
-4.160000e+00 1.366630e-06
-4.140000e+00 1.586159e-06
-4.120000e+00 1.839246e-06
-4.100000e+00 2.130747e-06
-4.080000e+00 2.466183e-06
-4.060000e+00 2.851812e-06
-4.040000e+00 3.294733e-06
-4.020000e+00 3.802981e-06
-4.000000e+00 4.385644e-06
-3.980000e+00 5.052989e-06
-3.960000e+00 5.816606e-06
-3.940000e+00 6.689557e-06
-3.920000e+00 7.686557e-06
-3.900000e+00 8.824153e-06
-3.880000e+00 1.012094e-05
-3.860000e+00 1.159780e-05
-3.840000e+00 1.327812e-05
-3.820000e+00 1.518812e-05
-3.800000e+00 1.735712e-05
-3.780000e+00 1.981787e-05
-3.760000e+00 2.260694e-05
-3.740000e+00 2.576508e-05
-3.720000e+00 2.933770e-05
-3.700000e+00 3.337528e-05
-3.680000e+00 3.793391e-05
-3.660000e+00 4.307584e-05
-3.640000e+00 4.887004e-05
-3.620000e+00 5.539289e-05
-3.600000e+00 6.272883e-05
-3.580000e+00 7.097113e-05
-3.560000e+00 8.022265e-05
-3.540000e+00 9.059672e-05
-3.520000e+00 1.022180e-04
-3.500000e+00 1.152237e-04
-3.480000e+00 1.297640e-04
-3.460000e+00 1.460039e-04
-3.440000e+00 1.641239e-04
-3.420000e+00 1.843213e-04
-3.400000e+00 2.068118e-04
-3.380000e+00 2.318303e-04
-3.360000e+00 2.596328e-04
-3.340000e+00 2.904977e-04
-3.320000e+00 3.247273e-04
-3.300000e+00 3.626499e-04
-3.280000e+00 4.046204e-04
-3.260000e+00 4.510234e-04
-3.240000e+00 5.022739e-04
-3.220000e+00 5.588197e-04
-3.200000e+00 6.211429e-04
-3.180000e+00 6.897622e-04
-3.160000e+00 7.652344e-04
-3.140000e+00 8.481569e-04
-3.120000e+00 9.391688e-04
-3.100000e+00 1.038954e-03
-3.080000e+00 1.148241e-03
-3.060000e+00 1.267808e-03
-3.040000e+00 1.398481e-03
-3.020000e+00 1.541139e-03
-3.000000e+00 1.696713e-03
-2.980000e+00 1.866189e-03
-2.960000e+00 2.050608e-03
-2.940000e+00 2.251070e-03
-2.920000e+00 2.468731e-03
-2.900000e+00 2.704808e-03
-2.880000e+00 2.960576e-03
-2.860000e+00 3.237372e-03
-2.840000e+00 3.536591e-03
-2.820000e+00 3.859690e-03
-2.800000e+00 4.208186e-03
-2.780000e+00 4.583651e-03
-2.760000e+00 4.987719e-03
-2.740000e+00 5.422077e-03
-2.720000e+00 5.888467e-03
-2.700000e+00 6.388684e-03
-2.680000e+00 6.924568e-03
-2.660000e+00 7.498007e-03
-2.640000e+00 8.110931e-03
-2.620000e+00 8.765306e-03
-2.600000e+00 9.463132e-03
-2.580000e+00 1.020643e-02
-2.560000e+00 1.099726e-02
-2.540000e+00 1.183768e-02
-2.520000e+00 1.272976e-02
-2.500000e+00 1.367558e-02
-2.480000e+00 1.467721e-02
-2.460000e+00 1.573671e-02
-2.440000e+00 1.685612e-02
-2.420000e+00 1.803744e-02
-2.400000e+00 1.928266e-02
-2.380000e+00 2.059368e-02
-2.360000e+00 2.197239e-02
-2.340000e+00 2.342058e-02
-2.320000e+00 2.494000e-02
-2.300000e+00 2.653229e-02
-2.280000e+00 2.819901e-02
-2.260000e+00 2.994161e-02
-2.240000e+00 3.176146e-02
-2.220000e+00 3.365979e-02
-2.200000e+00 3.563769e-02
-2.180000e+00 3.769616e-02
-2.160000e+00 3.983603e-02
-2.140000e+00 4.205799e-02
-2.120000e+00 4.436258e-02
-2.100000e+00 4.675019e-02
-2.080000e+00 4.922103e-02
-2.060000e+00 5.177517e-02
-2.040000e+00 5.441248e-02
-2.020000e+00 5.713269e-02
-2.000000e+00 5.993534e-02
-1.980000e+00 6.281980e-02
-1.960000e+00 6.578527e-02
-1.940000e+00 6.883076e-02
-1.920000e+00 7.195513e-02
-1.900000e+00 7.515707e-02
-1.880000e+00 7.843509e-02
-1.860000e+00 8.178756e-02
-1.840000e+00 8.521265e-02
-1.820000e+00 8.870844e-02
-1.800000e+00 9.227281e-02
-1.780000e+00 9.590353e-02
-1.760000e+00 9.959823e-02
-1.740000e+00 1.033544e-01
-1.720000e+00 1.071695e-01
-1.700000e+00 1.110407e-01
-1.680000e+00 1.149652e-01
-1.660000e+00 1.189402e-01
-1.640000e+00 1.229626e-01
-1.620000e+00 1.270293e-01
-1.600000e+00 1.311372e-01
-1.580000e+00 1.352832e-01
-1.560000e+00 1.394640e-01
-1.540000e+00 1.436762e-01
-1.520000e+00 1.479167e-01
-1.500000e+00 1.521820e-01
-1.480000e+00 1.564689e-01
-1.460000e+00 1.607740e-01
-1.440000e+00 1.650939e-01
-1.420000e+00 1.694253e-01
-1.400000e+00 1.737649e-01
-1.380000e+00 1.781094e-01
-1.360000e+00 1.824556e-01
-1.340000e+00 1.868002e-01
-1.320000e+00 1.911400e-01
-1.300000e+00 1.954719e-01
-1.280000e+00 1.997927e-01
-1.260000e+00 2.040995e-01
-1.240000e+00 2.083893e-01
-1.220000e+00 2.126591e-01
-1.200000e+00 2.169061e-01
-1.180000e+00 2.211275e-01
-1.160000e+00 2.253206e-01
-1.140000e+00 2.294827e-01
-1.120000e+00 2.336112e-01
-1.100000e+00 2.377037e-01
-1.080000e+00 2.417576e-01
-1.060000e+00 2.457707e-01
-1.040000e+00 2.497406e-01
-1.020000e+00 2.536651e-01
-1.000000e+00 2.575421e-01
-9.800000e-01 2.613696e-01
-9.600000e-01 2.651454e-01
-9.400000e-01 2.688678e-01
-9.200000e-01 2.725348e-01
-9.000000e-01 2.761447e-01
-8.800000e-01 2.796957e-01
-8.600000e-01 2.831863e-01
-8.400000e-01 2.866147e-01
-8.200000e-01 2.899796e-01
-8.000000e-01 2.932795e-01
-7.800000e-01 2.965129e-01
-7.600000e-01 2.996786e-01
-7.400000e-01 3.027753e-01
-7.200000e-01 3.058017e-01
-7.000000e-01 3.087567e-01
-6.800000e-01 3.116393e-01
-6.600000e-01 3.144482e-01
-6.400000e-01 3.171826e-01
-6.200000e-01 3.198415e-01
-6.000000e-01 3.224240e-01
-5.800000e-01 3.249291e-01
-5.600000e-01 3.273561e-01
-5.400000e-01 3.297043e-01
-5.200000e-01 3.319728e-01
-5.000000e-01 3.341610e-01
-4.800000e-01 3.362682e-01
-4.600000e-01 3.382937e-01
-4.400000e-01 3.402371e-01
-4.200000e-01 3.420977e-01
-4.000000e-01 3.438750e-01
-3.800000e-01 3.455685e-01
-3.600000e-01 3.471778e-01
-3.400000e-01 3.487024e-01
-3.200000e-01 3.501419e-01
-3.000000e-01 3.514960e-01
-2.800000e-01 3.527643e-01
-2.600000e-01 3.539465e-01
-2.400000e-01 3.550422e-01
-2.200000e-01 3.560513e-01
-2.000000e-01 3.569734e-01
-1.800000e-01 3.578084e-01
-1.600000e-01 3.585560e-01
-1.400000e-01 3.592161e-01
-1.200000e-01 3.597885e-01
-1.000000e-01 3.602730e-01
-8.000000e-02 3.606696e-01
-6.000000e-02 3.609782e-01
-4.000000e-02 3.611986e-01
-2.000000e-02 3.613309e-01
0.000000e+00 3.613750e-01
2.000000e-02 3.613309e-01
4.000000e-02 3.611986e-01
6.000000e-02 3.609782e-01
8.000000e-02 3.606696e-01
1.000000e-01 3.602730e-01
1.200000e-01 3.597885e-01
1.400000e-01 3.592161e-01
1.600000e-01 3.585560e-01
1.800000e-01 3.578084e-01
2.000000e-01 3.569734e-01
2.200000e-01 3.560513e-01
2.400000e-01 3.550422e-01
2.600000e-01 3.539465e-01
2.800000e-01 3.527643e-01
3.000000e-01 3.514960e-01
3.200000e-01 3.501419e-01
3.400000e-01 3.487024e-01
3.600000e-01 3.471778e-01
3.800000e-01 3.455685e-01
4.000000e-01 3.438750e-01
4.200000e-01 3.420977e-01
4.400000e-01 3.402371e-01
4.600000e-01 3.382937e-01
4.800000e-01 3.362682e-01
5.000000e-01 3.341610e-01
5.200000e-01 3.319728e-01
5.400000e-01 3.297043e-01
5.600000e-01 3.273561e-01
5.800000e-01 3.249291e-01
6.000000e-01 3.224240e-01
6.200000e-01 3.198415e-01
6.400000e-01 3.171826e-01
6.600000e-01 3.144482e-01
6.800000e-01 3.116393e-01
7.000000e-01 3.087567e-01
7.200000e-01 3.058017e-01
7.400000e-01 3.027753e-01
7.600000e-01 2.996786e-01
7.800000e-01 2.965129e-01
8.000000e-01 2.932795e-01
8.200000e-01 2.899796e-01
8.400000e-01 2.866147e-01
8.600000e-01 2.831863e-01
8.800000e-01 2.796957e-01
9.000000e-01 2.761447e-01
9.200000e-01 2.725348e-01
9.400000e-01 2.688678e-01
9.600000e-01 2.651454e-01
9.800000e-01 2.613696e-01
1.000000e+00 2.575421e-01
1.020000e+00 2.536651e-01
1.040000e+00 2.497406e-01
1.060000e+00 2.457707e-01
1.080000e+00 2.417576e-01
1.100000e+00 2.377037e-01
1.120000e+00 2.336112e-01
1.140000e+00 2.294827e-01
1.160000e+00 2.253206e-01
1.180000e+00 2.211275e-01
1.200000e+00 2.169061e-01
1.220000e+00 2.126591e-01
1.240000e+00 2.083893e-01
1.260000e+00 2.040995e-01
1.280000e+00 1.997927e-01
1.300000e+00 1.954718e-01
1.320000e+00 1.911400e-01
1.340000e+00 1.868002e-01
1.360000e+00 1.824556e-01
1.380000e+00 1.781094e-01
1.400000e+00 1.737649e-01
1.420000e+00 1.694253e-01
1.440000e+00 1.650939e-01
1.460000e+00 1.607740e-01
1.480000e+00 1.564689e-01
1.500000e+00 1.521820e-01
1.520000e+00 1.479167e-01
1.540000e+00 1.436762e-01
1.560000e+00 1.394640e-01
1.580000e+00 1.352832e-01
1.600000e+00 1.311372e-01
1.620000e+00 1.270293e-01
1.640000e+00 1.229626e-01
1.660000e+00 1.189402e-01
1.680000e+00 1.149652e-01
1.700000e+00 1.110407e-01
1.720000e+00 1.071695e-01
1.740000e+00 1.033544e-01
1.760000e+00 9.959823e-02
1.780000e+00 9.590353e-02
1.800000e+00 9.227281e-02
1.820000e+00 8.870844e-02
1.840000e+00 8.521265e-02
1.860000e+00 8.178755e-02
1.880000e+00 7.843509e-02
1.900000e+00 7.515707e-02
1.920000e+00 7.195513e-02
1.940000e+00 6.883076e-02
1.960000e+00 6.578527e-02
1.980000e+00 6.281980e-02
2.000000e+00 5.993534e-02
2.020000e+00 5.713269e-02
2.040000e+00 5.441248e-02
2.060000e+00 5.177516e-02
2.080000e+00 4.922103e-02
2.100000e+00 4.675019e-02
2.120000e+00 4.436258e-02
2.140000e+00 4.205799e-02
2.160000e+00 3.983603e-02
2.180000e+00 3.769616e-02
2.200000e+00 3.563769e-02
2.220000e+00 3.365979e-02
2.240000e+00 3.176146e-02
2.260000e+00 2.994161e-02
2.280000e+00 2.819900e-02
2.300000e+00 2.653229e-02
2.320000e+00 2.494000e-02
2.340000e+00 2.342058e-02
2.360000e+00 2.197239e-02
2.380000e+00 2.059368e-02
2.400000e+00 1.928265e-02
2.420000e+00 1.803744e-02
2.440000e+00 1.685612e-02
2.460000e+00 1.573671e-02
2.480000e+00 1.467721e-02
2.500000e+00 1.367558e-02
2.520000e+00 1.272976e-02
2.540000e+00 1.183768e-02
2.560000e+00 1.099726e-02
2.580000e+00 1.020643e-02
2.600000e+00 9.463130e-03
2.620000e+00 8.765305e-03
2.640000e+00 8.110930e-03
2.660000e+00 7.498006e-03
2.680000e+00 6.924566e-03
2.700000e+00 6.388682e-03
2.720000e+00 5.888466e-03
2.740000e+00 5.422076e-03
2.760000e+00 4.987718e-03
2.780000e+00 4.583650e-03
2.800000e+00 4.208184e-03
2.820000e+00 3.859689e-03
2.840000e+00 3.536590e-03
2.860000e+00 3.237371e-03
2.880000e+00 2.960575e-03
2.900000e+00 2.704807e-03
2.920000e+00 2.468730e-03
2.940000e+00 2.251069e-03
2.960000e+00 2.050607e-03
2.980000e+00 1.866188e-03
3.000000e+00 1.696712e-03
3.020000e+00 1.541138e-03
3.040000e+00 1.398480e-03
3.060000e+00 1.267807e-03
3.080000e+00 1.148240e-03
3.100000e+00 1.038953e-03
3.120000e+00 9.391679e-04
3.140000e+00 8.481559e-04
3.160000e+00 7.652335e-04
3.180000e+00 6.897612e-04
3.200000e+00 6.211420e-04
3.220000e+00 5.588188e-04
3.240000e+00 5.022731e-04
3.260000e+00 4.510226e-04
3.280000e+00 4.046196e-04
3.300000e+00 3.626490e-04
3.320000e+00 3.247265e-04
3.340000e+00 2.904968e-04
3.360000e+00 2.596319e-04
3.380000e+00 2.318294e-04
3.400000e+00 2.068110e-04
3.420000e+00 1.843205e-04
3.440000e+00 1.641231e-04
3.460000e+00 1.460031e-04
3.480000e+00 1.297632e-04
3.500000e+00 1.152229e-04
3.520000e+00 1.022173e-04
3.540000e+00 9.059595e-05
3.560000e+00 8.022189e-05
3.580000e+00 7.097038e-05
3.600000e+00 6.272809e-05
3.620000e+00 5.539215e-05
3.640000e+00 4.886930e-05
3.660000e+00 4.307511e-05
3.680000e+00 3.793319e-05
3.700000e+00 3.337457e-05
3.720000e+00 2.933699e-05
3.740000e+00 2.576438e-05
3.760000e+00 2.260624e-05
3.780000e+00 1.981717e-05
3.800000e+00 1.735643e-05
3.820000e+00 1.518744e-05
3.840000e+00 1.327745e-05
3.860000e+00 1.159713e-05
3.880000e+00 1.012028e-05
3.900000e+00 8.823490e-06
3.920000e+00 7.685899e-06
3.940000e+00 6.688905e-06
3.960000e+00 5.815958e-06
3.980000e+00 5.052346e-06
4.000000e+00 4.385005e-06
4.020000e+00 3.802347e-06
4.040000e+00 3.294104e-06
4.060000e+00 2.851187e-06
4.080000e+00 2.465562e-06
4.100000e+00 2.130131e-06
4.120000e+00 1.838633e-06
4.140000e+00 1.585551e-06
4.160000e+00 1.366026e-06
4.180000e+00 1.175786e-06
4.200000e+00 1.011077e-06
4.220000e+00 8.686046e-07
4.240000e+00 7.454814e-07
4.260000e+00 6.391778e-07
4.280000e+00 5.474810e-07
4.300000e+00 4.684571e-07
4.320000e+00 4.004176e-07
4.340000e+00 3.418896e-07
4.360000e+00 2.915901e-07
4.380000e+00 2.484022e-07
4.400000e+00 2.113547e-07
4.420000e+00 1.796040e-07
4.440000e+00 1.524182e-07
4.460000e+00 1.291627e-07
4.480000e+00 1.092879e-07
4.500000e+00 9.231845e-08
4.520000e+00 7.784343e-08
4.540000e+00 6.550813e-08
4.560000e+00 5.500660e-08
4.580000e+00 4.607525e-08
4.600000e+00 3.848720e-08
4.620000e+00 3.204741e-08
4.640000e+00 2.658839e-08
4.660000e+00 2.196645e-08
4.680000e+00 1.805852e-08
4.700000e+00 1.475929e-08
4.720000e+00 1.197880e-08
4.740000e+00 9.640355e-09
4.760000e+00 7.678662e-09
4.780000e+00 6.038309e-09
4.800000e+00 4.672401e-09
4.820000e+00 3.541424e-09
4.840000e+00 2.612259e-09
4.860000e+00 1.857371e-09
4.880000e+00 1.254115e-09
4.900000e+00 7.841704e-10
4.920000e+00 4.330931e-10
4.940000e+00 1.899589e-10
4.960000e+00 4.711129e-11
4.980000e+00 0.000000e+00
