-5.000000e+00 0.000000e+00
-4.980000e+00 5.864697e-22
-4.960000e+00 2.434435e-21
-4.940000e+00 5.820834e-21
-4.920000e+00 1.124823e-20
-4.900000e+00 1.951408e-20
-4.880000e+00 3.182094e-20
-4.860000e+00 4.994197e-20
-4.840000e+00 7.646322e-20
-4.820000e+00 1.151341e-19
-4.800000e+00 1.713709e-19
-4.780000e+00 2.529778e-19
-4.760000e+00 3.711755e-19
-4.740000e+00 5.420667e-19
-4.720000e+00 7.887195e-19
-4.700000e+00 1.144122e-18
-4.680000e+00 1.655370e-18
-4.660000e+00 2.389583e-18
-4.640000e+00 3.442256e-18
-4.620000e+00 4.949030e-18
-4.600000e+00 7.102240e-18
-4.580000e+00 1.017415e-17
-4.560000e+00 1.454950e-17
-4.540000e+00 2.077111e-17
-4.520000e+00 2.960345e-17
-4.500000e+00 4.212138e-17
-4.480000e+00 5.983357e-17
-4.460000e+00 8.485404e-17
-4.440000e+00 1.201400e-16
-4.420000e+00 1.698210e-16
-4.400000e+00 2.396541e-16
-4.380000e+00 3.376516e-16
-4.360000e+00 4.749453e-16
-4.340000e+00 6.669748e-16
-4.320000e+00 9.351177e-16
-4.300000e+00 1.308924e-15
-4.280000e+00 1.829167e-15
-4.260000e+00 2.552017e-15
-4.240000e+00 3.554714e-15
-4.220000e+00 4.943295e-15
-4.200000e+00 6.863080e-15
-4.180000e+00 9.512880e-15
-4.160000e+00 1.316423e-14
-4.140000e+00 1.818733e-14
-4.120000e+00 2.508605e-14
-4.100000e+00 3.454502e-14
-4.080000e+00 4.749286e-14
-4.060000e+00 6.518694e-14
-4.040000e+00 8.932685e-14
-4.020000e+00 1.222060e-13
-4.000000e+00 1.669136e-13
-3.980000e+00 2.276039e-13
-3.960000e+00 3.098532e-13
-3.940000e+00 4.211341e-13
-3.920000e+00 5.714430e-13
-3.900000e+00 7.741287e-13
-3.880000e+00 1.046986e-12
-3.860000e+00 1.413696e-12
-3.840000e+00 1.905717e-12
-3.820000e+00 2.564764e-12
-3.800000e+00 3.446063e-12
-3.780000e+00 4.622590e-12
-3.760000e+00 6.190614e-12
-3.740000e+00 8.276905e-12
-3.720000e+00 1.104811e-11
-3.700000e+00 1.472290e-11
-3.680000e+00 1.958773e-11
-3.660000e+00 2.601715e-11
-3.640000e+00 3.450007e-11
-3.620000e+00 4.567354e-11
-3.600000e+00 6.036617e-11
-3.580000e+00 7.965379e-11
-3.560000e+00 1.049308e-10
-3.540000e+00 1.380011e-10
-3.520000e+00 1.811947e-10
-3.500000e+00 2.375151e-10
-3.480000e+00 3.108274e-10
-3.460000e+00 4.060969e-10
-3.440000e+00 5.296902e-10
-3.420000e+00 6.897565e-10
-3.400000e+00 8.967079e-10
-3.380000e+00 1.163824e-09
-3.360000e+00 1.508009e-09
-3.340000e+00 1.950748e-09
-3.320000e+00 2.519292e-09
-3.300000e+00 3.248145e-09
-3.280000e+00 4.180918e-09
-3.260000e+00 5.372631e-09
-3.240000e+00 6.892567e-09
-3.220000e+00 8.827816e-09
-3.200000e+00 1.128765e-08
-3.180000e+00 1.440892e-08
-3.160000e+00 1.836269e-08
-3.140000e+00 2.336244e-08
-3.120000e+00 2.967403e-08
-3.100000e+00 3.762798e-08
-3.080000e+00 4.763443e-08
-3.060000e+00 6.020136e-08
-3.040000e+00 7.595676e-08
-3.020000e+00 9.567555e-08
-3.000000e+00 1.203122e-07
-2.980000e+00 1.510399e-07
-2.960000e+00 1.892983e-07
-2.940000e+00 2.368507e-07
-2.920000e+00 2.958522e-07
-2.900000e+00 3.689322e-07
-2.880000e+00 4.592928e-07
-2.860000e+00 5.708255e-07
-2.840000e+00 7.082514e-07
-2.820000e+00 8.772862e-07
-2.800000e+00 1.084837e-06
-2.780000e+00 1.339233e-06
-2.760000e+00 1.650502e-06
-2.740000e+00 2.030691e-06
-2.720000e+00 2.494241e-06
-2.700000e+00 3.058438e-06
-2.680000e+00 3.743922e-06
-2.660000e+00 4.575296e-06
-2.640000e+00 5.581828e-06
-2.620000e+00 6.798259e-06
-2.600000e+00 8.265755e-06
-2.580000e+00 1.003298e-05
-2.560000e+00 1.215738e-05
-2.540000e+00 1.470657e-05
-2.520000e+00 1.776002e-05
-2.500000e+00 2.141094e-05
-2.480000e+00 2.576840e-05
-2.460000e+00 3.095978e-05
-2.440000e+00 3.713354e-05
-2.420000e+00 4.446230e-05
-2.400000e+00 5.314640e-05
-2.380000e+00 6.341785e-05
-2.360000e+00 7.554470e-05
-2.340000e+00 8.983601e-05
-2.320000e+00 1.066474e-04
-2.300000e+00 1.263869e-04
-2.280000e+00 1.495221e-04
-2.260000e+00 1.765873e-04
-2.240000e+00 2.081915e-04
-2.220000e+00 2.450278e-04
-2.200000e+00 2.878826e-04
-2.180000e+00 3.376466e-04
-2.160000e+00 3.953259e-04
-2.140000e+00 4.620543e-04
-2.120000e+00 5.391066e-04
-2.100000e+00 6.279125e-04
-2.080000e+00 7.300716e-04
-2.060000e+00 8.473692e-04
-2.040000e+00 9.817924e-04
-2.020000e+00 1.135548e-03
-2.000000e+00 1.311079e-03
-1.980000e+00 1.511085e-03
-1.960000e+00 1.738539e-03
-1.940000e+00 1.996709e-03
-1.920000e+00 2.289172e-03
-1.900000e+00 2.619838e-03
-1.880000e+00 2.992967e-03
-1.860000e+00 3.413186e-03
-1.840000e+00 3.885504e-03
-1.820000e+00 4.415330e-03
-1.800000e+00 5.008488e-03
-1.780000e+00 5.671225e-03
-1.760000e+00 6.410219e-03
-1.740000e+00 7.232593e-03
-1.720000e+00 8.145910e-03
-1.700000e+00 9.158174e-03
-1.680000e+00 1.027783e-02
-1.660000e+00 1.151375e-02
-1.640000e+00 1.287521e-02
-1.620000e+00 1.437190e-02
-1.600000e+00 1.601385e-02
-1.580000e+00 1.781146e-02
-1.560000e+00 1.977540e-02
-1.540000e+00 2.191661e-02
-1.520000e+00 2.424625e-02
-1.500000e+00 2.677559e-02
-1.480000e+00 2.951602e-02
-1.460000e+00 3.247895e-02
-1.440000e+00 3.567571e-02
-1.420000e+00 3.911751e-02
-1.400000e+00 4.281535e-02
-1.380000e+00 4.677991e-02
-1.360000e+00 5.102148e-02
-1.340000e+00 5.554985e-02
-1.320000e+00 6.037423e-02
-1.300000e+00 6.550315e-02
-1.280000e+00 7.094436e-02
-1.260000e+00 7.670476e-02
-1.240000e+00 8.279026e-02
-1.220000e+00 8.920575e-02
-1.200000e+00 9.595499e-02
-1.180000e+00 1.030405e-01
-1.160000e+00 1.104637e-01
-1.140000e+00 1.182244e-01
-1.120000e+00 1.263213e-01
-1.100000e+00 1.347515e-01
-1.080000e+00 1.435108e-01
-1.060000e+00 1.525934e-01
-1.040000e+00 1.619922e-01
-1.020000e+00 1.716984e-01
-1.000000e+00 1.817020e-01
-9.800000e-01 1.919913e-01
-9.600000e-01 2.025534e-01
-9.400000e-01 2.133741e-01
-9.200000e-01 2.244376e-01
-9.000000e-01 2.357272e-01
-8.800000e-01 2.472250e-01
-8.600000e-01 2.589117e-01
-8.400000e-01 2.707674e-01
-8.200000e-01 2.827710e-01
-8.000000e-01 2.949009e-01
-7.800000e-01 3.071345e-01
-7.600000e-01 3.194486e-01
-7.400000e-01 3.318198e-01
-7.200000e-01 3.442240e-01
-7.000000e-01 3.566368e-01
-6.800000e-01 3.690337e-01
-6.600000e-01 3.813900e-01
-6.400000e-01 3.936811e-01
-6.200000e-01 4.058823e-01
-6.000000e-01 4.179692e-01
-5.800000e-01 4.299176e-01
-5.600000e-01 4.417035e-01
-5.400000e-01 4.533034e-01
-5.200000e-01 4.646943e-01
-5.000000e-01 4.758536e-01
-4.800000e-01 4.867593e-01
-4.600000e-01 4.973901e-01
-4.400000e-01 5.077252e-01
-4.200000e-01 5.177446e-01
-4.000000e-01 5.274292e-01
-3.800000e-01 5.367604e-01
-3.600000e-01 5.457206e-01
-3.400000e-01 5.542929e-01
-3.200000e-01 5.624615e-01
-3.000000e-01 5.702111e-01
-2.800000e-01 5.775276e-01
-2.600000e-01 5.843975e-01
-2.400000e-01 5.908086e-01
-2.200000e-01 5.967492e-01
-2.000000e-01 6.022087e-01
-1.800000e-01 6.071775e-01
-1.600000e-01 6.116468e-01
-1.400000e-01 6.156087e-01
-1.200000e-01 6.190564e-01
-1.000000e-01 6.219838e-01
-8.000000e-02 6.243859e-01
-6.000000e-02 6.262584e-01
-4.000000e-02 6.275983e-01
-2.000000e-02 6.284031e-01
0.000000e+00 6.286716e-01
2.000000e-02 6.284031e-01
4.000000e-02 6.275983e-01
6.000000e-02 6.262584e-01
8.000000e-02 6.243859e-01
1.000000e-01 6.219838e-01
1.200000e-01 6.190564e-01
1.400000e-01 6.156087e-01
1.600000e-01 6.116468e-01
1.800000e-01 6.071775e-01
2.000000e-01 6.022087e-01
2.200000e-01 5.967492e-01
2.400000e-01 5.908086e-01
2.600000e-01 5.843975e-01
2.800000e-01 5.775276e-01
3.000000e-01 5.702111e-01
3.200000e-01 5.624615e-01
3.400000e-01 5.542929e-01
3.600000e-01 5.457206e-01
3.800000e-01 5.367604e-01
4.000000e-01 5.274292e-01
4.200000e-01 5.177446e-01
4.400000e-01 5.077252e-01
4.600000e-01 4.973901e-01
4.800000e-01 4.867593e-01
5.000000e-01 4.758536e-01
5.200000e-01 4.646943e-01
5.400000e-01 4.533034e-01
5.600000e-01 4.417035e-01
5.800000e-01 4.299176e-01
6.000000e-01 4.179692e-01
6.200000e-01 4.058823e-01
6.400000e-01 3.936811e-01
6.600000e-01 3.813900e-01
6.800000e-01 3.690337e-01
7.000000e-01 3.566368e-01
7.200000e-01 3.442240e-01
7.400000e-01 3.318198e-01
7.600000e-01 3.194486e-01
7.800000e-01 3.071345e-01
8.000000e-01 2.949009e-01
8.200000e-01 2.827710e-01
8.400000e-01 2.707674e-01
8.600000e-01 2.589117e-01
8.800000e-01 2.472250e-01
9.000000e-01 2.357272e-01
9.200000e-01 2.244376e-01
9.400000e-01 2.133741e-01
9.600000e-01 2.025534e-01
9.800000e-01 1.919913e-01
1.000000e+00 1.817020e-01
1.020000e+00 1.716984e-01
1.040000e+00 1.619922e-01
1.060000e+00 1.525934e-01
1.080000e+00 1.435108e-01
1.100000e+00 1.347515e-01
1.120000e+00 1.263213e-01
1.140000e+00 1.182244e-01
1.160000e+00 1.104637e-01
1.180000e+00 1.030405e-01
1.200000e+00 9.595499e-02
1.220000e+00 8.920575e-02
1.240000e+00 8.279026e-02
1.260000e+00 7.670476e-02
1.280000e+00 7.094436e-02
1.300000e+00 6.550315e-02
1.320000e+00 6.037423e-02
1.340000e+00 5.554985e-02
1.360000e+00 5.102148e-02
1.380000e+00 4.677991e-02
1.400000e+00 4.281535e-02
1.420000e+00 3.911751e-02
1.440000e+00 3.567571e-02
1.460000e+00 3.247895e-02
1.480000e+00 2.951602e-02
1.500000e+00 2.677559e-02
1.520000e+00 2.424625e-02
1.540000e+00 2.191661e-02
1.560000e+00 1.977540e-02
1.580000e+00 1.781146e-02
1.600000e+00 1.601385e-02
1.620000e+00 1.437190e-02
1.640000e+00 1.287521e-02
1.660000e+00 1.151375e-02
1.680000e+00 1.027783e-02
1.700000e+00 9.158174e-03
1.720000e+00 8.145910e-03
1.740000e+00 7.232593e-03
1.760000e+00 6.410219e-03
1.780000e+00 5.671225e-03
1.800000e+00 5.008488e-03
1.820000e+00 4.415330e-03
1.840000e+00 3.885504e-03
1.860000e+00 3.413186e-03
1.880000e+00 2.992967e-03
1.900000e+00 2.619838e-03
1.920000e+00 2.289172e-03
1.940000e+00 1.996709e-03
1.960000e+00 1.738539e-03
1.980000e+00 1.511085e-03
2.000000e+00 1.311079e-03
2.020000e+00 1.135548e-03
2.040000e+00 9.817924e-04
2.060000e+00 8.473692e-04
2.080000e+00 7.300716e-04
2.100000e+00 6.279125e-04
2.120000e+00 5.391066e-04
2.140000e+00 4.620543e-04
2.160000e+00 3.953259e-04
2.180000e+00 3.376466e-04
2.200000e+00 2.878826e-04
2.220000e+00 2.450278e-04
2.240000e+00 2.081915e-04
2.260000e+00 1.765873e-04
2.280000e+00 1.495221e-04
2.300000e+00 1.263869e-04
2.320000e+00 1.066474e-04
2.340000e+00 8.983601e-05
2.360000e+00 7.554470e-05
2.380000e+00 6.341785e-05
2.400000e+00 5.314640e-05
2.420000e+00 4.446230e-05
2.440000e+00 3.713354e-05
2.460000e+00 3.095978e-05
2.480000e+00 2.576840e-05
2.500000e+00 2.141094e-05
2.520000e+00 1.776002e-05
2.540000e+00 1.470657e-05
2.560000e+00 1.215738e-05
2.580000e+00 1.003298e-05
2.600000e+00 8.265755e-06
2.620000e+00 6.798259e-06
2.640000e+00 5.581828e-06
2.660000e+00 4.575296e-06
2.680000e+00 3.743922e-06
2.700000e+00 3.058438e-06
2.720000e+00 2.494241e-06
2.740000e+00 2.030691e-06
2.760000e+00 1.650502e-06
2.780000e+00 1.339233e-06
2.800000e+00 1.084837e-06
2.820000e+00 8.772862e-07
2.840000e+00 7.082514e-07
2.860000e+00 5.708255e-07
2.880000e+00 4.592928e-07
2.900000e+00 3.689322e-07
2.920000e+00 2.958522e-07
2.940000e+00 2.368507e-07
2.960000e+00 1.892983e-07
2.980000e+00 1.510399e-07
3.000000e+00 1.203122e-07
3.020000e+00 9.567555e-08
3.040000e+00 7.595676e-08
3.060000e+00 6.020136e-08
3.080000e+00 4.763443e-08
3.100000e+00 3.762798e-08
3.120000e+00 2.967403e-08
3.140000e+00 2.336244e-08
3.160000e+00 1.836269e-08
3.180000e+00 1.440892e-08
3.200000e+00 1.128765e-08
3.220000e+00 8.827816e-09
3.240000e+00 6.892567e-09
3.260000e+00 5.372631e-09
3.280000e+00 4.180918e-09
3.300000e+00 3.248145e-09
3.320000e+00 2.519292e-09
3.340000e+00 1.950748e-09
3.360000e+00 1.508009e-09
3.380000e+00 1.163824e-09
3.400000e+00 8.967079e-10
3.420000e+00 6.897565e-10
3.440000e+00 5.296902e-10
3.460000e+00 4.060969e-10
3.480000e+00 3.108274e-10
3.500000e+00 2.375151e-10
3.520000e+00 1.811947e-10
3.540000e+00 1.380011e-10
3.560000e+00 1.049308e-10
3.580000e+00 7.965379e-11
3.600000e+00 6.036617e-11
3.620000e+00 4.567354e-11
3.640000e+00 3.450007e-11
3.660000e+00 2.601715e-11
3.680000e+00 1.958773e-11
3.700000e+00 1.472290e-11
3.720000e+00 1.104811e-11
3.740000e+00 8.276905e-12
3.760000e+00 6.190614e-12
3.780000e+00 4.622590e-12
3.800000e+00 3.446063e-12
3.820000e+00 2.564764e-12
3.840000e+00 1.905717e-12
3.860000e+00 1.413696e-12
3.880000e+00 1.046986e-12
3.900000e+00 7.741287e-13
3.920000e+00 5.714430e-13
3.940000e+00 4.211341e-13
3.960000e+00 3.098532e-13
3.980000e+00 2.276039e-13
4.000000e+00 1.669136e-13
4.020000e+00 1.222060e-13
4.040000e+00 8.932684e-14
4.060000e+00 6.518693e-14
4.080000e+00 4.749286e-14
4.100000e+00 3.454502e-14
4.120000e+00 2.508604e-14
4.140000e+00 1.818732e-14
4.160000e+00 1.316422e-14
4.180000e+00 9.512876e-15
4.200000e+00 6.863075e-15
4.220000e+00 4.943291e-15
4.240000e+00 3.554710e-15
4.260000e+00 2.552013e-15
4.280000e+00 1.829163e-15
4.300000e+00 1.308919e-15
4.320000e+00 9.351135e-16
4.340000e+00 6.669705e-16
4.360000e+00 4.749411e-16
4.380000e+00 3.376474e-16
4.400000e+00 2.396499e-16
4.420000e+00 1.698168e-16
4.440000e+00 1.201358e-16
4.460000e+00 8.484994e-17
4.480000e+00 5.982949e-17
4.500000e+00 4.211731e-17
4.520000e+00 2.959941e-17
4.540000e+00 2.076709e-17
4.560000e+00 1.454550e-17
4.580000e+00 1.017016e-17
4.600000e+00 7.098271e-18
4.620000e+00 4.945081e-18
4.640000e+00 3.438326e-18
4.660000e+00 2.385674e-18
4.680000e+00 1.651483e-18
4.700000e+00 1.140257e-18
4.720000e+00 7.848793e-19
4.740000e+00 5.382544e-19
4.760000e+00 3.673956e-19
4.780000e+00 2.492372e-19
4.800000e+00 1.676793e-19
4.820000e+00 1.115059e-19
4.840000e+00 7.291940e-20
4.860000e+00 4.651335e-20
4.880000e+00 2.855263e-20
4.900000e+00 1.647226e-20
4.920000e+00 8.530099e-21
4.940000e+00 3.569339e-21
4.960000e+00 8.601431e-22
4.980000e+00 0.000000e+00
