0.000000e+00 1.740170e-01
1.000000e-02 3.028191e-02
2.000000e-02 3.028055e-02
3.000000e-02 3.027829e-02
4.000000e-02 3.027512e-02
5.000000e-02 3.027104e-02
6.000000e-02 3.026605e-02
7.000000e-02 3.026016e-02
8.000000e-02 3.025336e-02
9.000000e-02 3.024566e-02
1.000000e-01 3.023705e-02
1.100000e-01 3.022753e-02
1.200000e-01 3.021710e-02
1.300000e-01 3.020577e-02
1.400000e-01 3.019352e-02
1.500000e-01 3.018037e-02
1.600000e-01 3.016631e-02
1.700000e-01 3.015134e-02
1.800000e-01 3.013546e-02
1.900000e-01 3.011867e-02
2.000000e-01 3.010096e-02
2.100000e-01 3.008235e-02
2.200000e-01 3.006282e-02
2.300000e-01 3.004239e-02
2.400000e-01 3.002103e-02
2.500000e-01 2.999877e-02
2.600000e-01 2.997559e-02
2.700000e-01 2.995149e-02
2.800000e-01 2.992648e-02
2.900000e-01 2.990055e-02
3.000000e-01 2.987371e-02
3.100000e-01 2.984594e-02
3.200000e-01 2.981726e-02
3.300000e-01 2.978766e-02
3.400000e-01 2.975713e-02
3.500000e-01 2.972569e-02
3.600000e-01 2.969332e-02
3.700000e-01 2.966003e-02
3.800000e-01 2.962581e-02
3.900000e-01 2.959067e-02
4.000000e-01 2.955460e-02
4.100000e-01 2.951760e-02
4.200000e-01 2.947968e-02
4.300000e-01 2.944082e-02
4.400000e-01 2.940104e-02
4.500000e-01 2.936032e-02
4.600000e-01 2.931866e-02
4.700000e-01 2.927608e-02
4.800000e-01 2.923255e-02
4.900000e-01 2.918809e-02
5.000000e-01 2.914269e-02
5.100000e-01 2.909635e-02
5.200000e-01 2.904907e-02
5.300000e-01 2.900085e-02
5.400000e-01 2.895168e-02
5.500000e-01 2.890156e-02
5.600000e-01 2.885050e-02
5.700000e-01 2.879849e-02
5.800000e-01 2.874553e-02
5.900000e-01 2.869162e-02
6.000000e-01 2.863676e-02
6.100000e-01 2.858094e-02
6.200000e-01 2.852416e-02
6.300000e-01 2.846643e-02
6.400000e-01 2.840773e-02
6.500000e-01 2.834808e-02
6.600000e-01 2.828746e-02
6.700000e-01 2.822588e-02
6.800000e-01 2.816333e-02
6.900000e-01 2.809981e-02
7.000000e-01 2.803532e-02
7.100000e-01 2.796986e-02
7.200000e-01 2.790343e-02
7.300000e-01 2.783602e-02
7.400000e-01 2.776763e-02
7.500000e-01 2.769827e-02
7.600000e-01 2.762792e-02
7.700000e-01 2.755660e-02
7.800000e-01 2.748428e-02
7.900000e-01 2.741098e-02
8.000000e-01 2.733670e-02
8.100000e-01 2.726142e-02
8.200000e-01 2.718515e-02
8.300000e-01 2.710789e-02
8.400000e-01 2.702963e-02
8.500000e-01 2.695038e-02
8.600000e-01 2.687012e-02
8.700000e-01 2.678887e-02
8.800000e-01 2.670661e-02
8.900000e-01 2.662334e-02
9.000000e-01 2.653907e-02
9.100000e-01 2.645380e-02
9.200000e-01 2.636751e-02
9.300000e-01 2.628021e-02
9.400000e-01 2.619190e-02
9.500000e-01 2.610257e-02
9.600000e-01 2.601222e-02
9.700000e-01 2.592086e-02
9.800000e-01 2.582848e-02
9.900000e-01 2.573508e-02
1.000000e+00 2.564065e-02
1.010000e+00 2.554520e-02
1.020000e+00 2.544873e-02
1.030000e+00 2.535123e-02
1.040000e+00 2.525270e-02
1.050000e+00 2.515314e-02
1.060000e+00 2.505255e-02
1.070000e+00 2.495093e-02
1.080000e+00 2.484828e-02
1.090000e+00 2.474460e-02
1.100000e+00 2.463988e-02
1.110000e+00 2.453413e-02
1.120000e+00 2.442734e-02
1.130000e+00 2.431952e-02
1.140000e+00 2.421067e-02
1.150000e+00 2.410078e-02
1.160000e+00 2.398985e-02
1.170000e+00 2.387789e-02
1.180000e+00 2.376489e-02
1.190000e+00 2.365086e-02
1.200000e+00 2.353580e-02
1.210000e+00 2.341970e-02
1.220000e+00 2.330257e-02
1.230000e+00 2.318440e-02
1.240000e+00 2.306521e-02
1.250000e+00 2.294499e-02
1.260000e+00 2.282374e-02
1.270000e+00 2.270147e-02
1.280000e+00 2.257818e-02
1.290000e+00 2.245386e-02
1.300000e+00 2.232852e-02
1.310000e+00 2.220217e-02
1.320000e+00 2.207481e-02
1.330000e+00 2.194644e-02
1.340000e+00 2.181706e-02
1.350000e+00 2.168668e-02
1.360000e+00 2.155531e-02
1.370000e+00 2.142294e-02
1.380000e+00 2.128958e-02
1.390000e+00 2.115524e-02
1.400000e+00 2.101992e-02
1.410000e+00 2.088363e-02
1.420000e+00 2.074637e-02
1.430000e+00 2.060816e-02
1.440000e+00 2.046899e-02
1.450000e+00 2.032887e-02
1.460000e+00 2.018782e-02
1.470000e+00 2.004583e-02
1.480000e+00 1.990293e-02
1.490000e+00 1.975911e-02
1.500000e+00 1.961439e-02
1.510000e+00 1.946878e-02
1.520000e+00 1.932228e-02
1.530000e+00 1.917491e-02
1.540000e+00 1.902667e-02
1.550000e+00 1.887759e-02
1.560000e+00 1.872766e-02
1.570000e+00 1.857691e-02
1.580000e+00 1.842535e-02
1.590000e+00 1.827299e-02
1.600000e+00 1.811984e-02
1.610000e+00 1.796592e-02
1.620000e+00 1.781124e-02
1.630000e+00 1.765583e-02
1.640000e+00 1.749969e-02
1.650000e+00 1.734284e-02
1.660000e+00 1.718530e-02
1.670000e+00 1.702709e-02
1.680000e+00 1.686823e-02
1.690000e+00 1.670873e-02
1.700000e+00 1.654862e-02
1.710000e+00 1.638791e-02
1.720000e+00 1.622663e-02
1.730000e+00 1.606479e-02
1.740000e+00 1.590243e-02
1.750000e+00 1.573955e-02
1.760000e+00 1.557619e-02
1.770000e+00 1.541237e-02
1.780000e+00 1.524812e-02
1.790000e+00 1.508345e-02
1.800000e+00 1.491839e-02
1.810000e+00 1.475298e-02
1.820000e+00 1.458723e-02
1.830000e+00 1.442117e-02
1.840000e+00 1.425484e-02
1.850000e+00 1.408825e-02
1.860000e+00 1.392145e-02
1.870000e+00 1.375445e-02
1.880000e+00 1.358729e-02
1.890000e+00 1.342000e-02
1.900000e+00 1.325261e-02
1.910000e+00 1.308515e-02
1.920000e+00 1.291766e-02
1.930000e+00 1.275015e-02
1.940000e+00 1.258268e-02
1.950000e+00 1.241527e-02
1.960000e+00 1.224796e-02
1.970000e+00 1.208077e-02
1.980000e+00 1.191375e-02
1.990000e+00 1.174693e-02
2.000000e+00 1.158035e-02
2.010000e+00 1.141403e-02
2.020000e+00 1.124802e-02
2.030000e+00 1.108235e-02
2.040000e+00 1.091705e-02
2.050000e+00 1.075217e-02
2.060000e+00 1.058775e-02
2.070000e+00 1.042380e-02
2.080000e+00 1.026039e-02
2.090000e+00 1.009753e-02
2.100000e+00 9.935272e-03
2.110000e+00 9.773647e-03
2.120000e+00 9.612694e-03
2.130000e+00 9.452449e-03
2.140000e+00 9.292949e-03
2.150000e+00 9.134230e-03
2.160000e+00 8.976330e-03
2.170000e+00 8.819283e-03
2.180000e+00 8.663126e-03
2.190000e+00 8.507895e-03
2.200000e+00 8.353625e-03
2.210000e+00 8.200351e-03
2.220000e+00 8.048108e-03
2.230000e+00 7.896930e-03
2.240000e+00 7.746850e-03
2.250000e+00 7.597902e-03
2.260000e+00 7.450119e-03
2.270000e+00 7.303533e-03
2.280000e+00 7.158175e-03
2.290000e+00 7.014076e-03
2.300000e+00 6.871266e-03
2.310000e+00 6.729776e-03
2.320000e+00 6.589634e-03
2.330000e+00 6.450867e-03
2.340000e+00 6.313503e-03
2.350000e+00 6.177569e-03
2.360000e+00 6.043090e-03
2.370000e+00 5.910091e-03
2.380000e+00 5.778594e-03
2.390000e+00 5.648625e-03
2.400000e+00 5.520203e-03
2.410000e+00 5.393350e-03
2.420000e+00 5.268086e-03
2.430000e+00 5.144430e-03
2.440000e+00 5.022399e-03
2.450000e+00 4.902011e-03
2.460000e+00 4.783280e-03
2.470000e+00 4.666221e-03
2.480000e+00 4.550849e-03
2.490000e+00 4.437174e-03
2.500000e+00 4.325210e-03
2.510000e+00 4.214965e-03
2.520000e+00 4.106448e-03
2.530000e+00 3.999668e-03
2.540000e+00 3.894631e-03
2.550000e+00 3.791344e-03
2.560000e+00 3.689809e-03
2.570000e+00 3.590031e-03
2.580000e+00 3.492013e-03
2.590000e+00 3.395754e-03
2.600000e+00 3.301256e-03
2.610000e+00 3.208516e-03
2.620000e+00 3.117534e-03
2.630000e+00 3.028305e-03
2.640000e+00 2.940826e-03
2.650000e+00 2.855091e-03
2.660000e+00 2.771094e-03
2.670000e+00 2.688827e-03
2.680000e+00 2.608284e-03
2.690000e+00 2.529453e-03
2.700000e+00 2.452325e-03
2.710000e+00 2.376890e-03
2.720000e+00 2.303134e-03
2.730000e+00 2.231046e-03
2.740000e+00 2.160612e-03
2.750000e+00 2.091818e-03
2.760000e+00 2.024647e-03
2.770000e+00 1.959085e-03
2.780000e+00 1.895116e-03
2.790000e+00 1.832720e-03
2.800000e+00 1.771882e-03
2.810000e+00 1.712582e-03
2.820000e+00 1.654801e-03
2.830000e+00 1.598519e-03
2.840000e+00 1.543718e-03
2.850000e+00 1.490375e-03
2.860000e+00 1.438470e-03
2.870000e+00 1.387981e-03
2.880000e+00 1.338886e-03
2.890000e+00 1.291165e-03
2.900000e+00 1.244792e-03
2.910000e+00 1.199747e-03
2.920000e+00 1.156006e-03
2.930000e+00 1.113545e-03
2.940000e+00 1.072341e-03
2.950000e+00 1.032371e-03
2.960000e+00 9.936110e-04
2.970000e+00 9.560363e-04
2.980000e+00 9.196236e-04
2.990000e+00 8.843486e-04
3.000000e+00 8.501874e-04
3.010000e+00 8.171159e-04
3.020000e+00 7.851101e-04
3.030000e+00 7.541461e-04
3.040000e+00 7.241999e-04
3.050000e+00 6.952478e-04
3.060000e+00 6.672660e-04
3.070000e+00 6.402311e-04
3.080000e+00 6.141196e-04
3.090000e+00 5.889084e-04
3.100000e+00 5.645744e-04
3.110000e+00 5.410949e-04
3.120000e+00 5.184473e-04
3.130000e+00 4.966094e-04
3.140000e+00 4.755589e-04
3.150000e+00 4.552742e-04
3.160000e+00 4.357338e-04
3.170000e+00 4.169164e-04
3.180000e+00 3.988013e-04
3.190000e+00 3.813677e-04
3.200000e+00 3.645955e-04
3.210000e+00 3.484648e-04
3.220000e+00 3.329560e-04
3.230000e+00 3.180499e-04
3.240000e+00 3.037276e-04
3.250000e+00 2.899707e-04
3.260000e+00 2.767610e-04
3.270000e+00 2.640807e-04
3.280000e+00 2.519126e-04
3.290000e+00 2.402395e-04
3.300000e+00 2.290449e-04
3.310000e+00 2.183125e-04
3.320000e+00 2.080265e-04
3.330000e+00 1.981712e-04
3.340000e+00 1.887317e-04
3.350000e+00 1.796932e-04
3.360000e+00 1.710413e-04
3.370000e+00 1.627620e-04
3.380000e+00 1.548418e-04
3.390000e+00 1.472673e-04
3.400000e+00 1.400257e-04
3.410000e+00 1.331044e-04
3.420000e+00 1.264914e-04
3.430000e+00 1.201747e-04
3.440000e+00 1.141430e-04
3.450000e+00 1.083851e-04
3.460000e+00 1.028902e-04
3.470000e+00 9.764795e-05
3.480000e+00 9.264813e-05
3.490000e+00 8.788100e-05
3.500000e+00 8.333706e-05
3.510000e+00 7.900716e-05
3.520000e+00 7.488244e-05
3.530000e+00 7.095433e-05
3.540000e+00 6.721456e-05
3.550000e+00 6.365514e-05
3.560000e+00 6.026838e-05
3.570000e+00 5.704683e-05
3.580000e+00 5.398333e-05
3.590000e+00 5.107097e-05
3.600000e+00 4.830310e-05
3.610000e+00 4.567331e-05
3.620000e+00 4.317543e-05
3.630000e+00 4.080354e-05
3.640000e+00 3.855191e-05
3.650000e+00 3.641508e-05
3.660000e+00 3.438776e-05
3.670000e+00 3.246488e-05
3.680000e+00 3.064160e-05
3.690000e+00 2.891324e-05
3.700000e+00 2.727532e-05
3.710000e+00 2.572355e-05
3.720000e+00 2.425381e-05
3.730000e+00 2.286217e-05
3.740000e+00 2.154483e-05
3.750000e+00 2.029819e-05
3.760000e+00 1.911877e-05
3.770000e+00 1.800327e-05
3.780000e+00 1.694851e-05
3.790000e+00 1.595147e-05
3.800000e+00 1.500925e-05
3.810000e+00 1.411907e-05
3.820000e+00 1.327831e-05
3.830000e+00 1.248443e-05
3.840000e+00 1.173502e-05
3.850000e+00 1.102780e-05
3.860000e+00 1.036057e-05
3.870000e+00 9.731232e-06
3.880000e+00 9.137808e-06
3.890000e+00 8.578398e-06
3.900000e+00 8.051196e-06
3.910000e+00 7.554483e-06
3.920000e+00 7.086623e-06
3.930000e+00 6.646059e-06
3.940000e+00 6.231312e-06
3.950000e+00 5.840973e-06
3.960000e+00 5.473707e-06
3.970000e+00 5.128242e-06
3.980000e+00 4.803373e-06
3.990000e+00 4.497952e-06
4.000000e+00 4.210893e-06
4.010000e+00 3.941164e-06
4.020000e+00 3.687788e-06
4.030000e+00 3.449836e-06
4.040000e+00 3.226429e-06
4.050000e+00 3.016734e-06
4.060000e+00 2.819962e-06
4.070000e+00 2.635365e-06
4.080000e+00 2.462237e-06
4.090000e+00 2.299908e-06
4.100000e+00 2.147744e-06
4.110000e+00 2.005147e-06
4.120000e+00 1.871550e-06
4.130000e+00 1.746420e-06
4.140000e+00 1.629249e-06
4.150000e+00 1.519562e-06
4.160000e+00 1.416906e-06
4.170000e+00 1.320857e-06
4.180000e+00 1.231012e-06
4.190000e+00 1.146994e-06
4.200000e+00 1.068444e-06
4.210000e+00 9.950267e-07
4.220000e+00 9.264242e-07
4.230000e+00 8.623375e-07
4.240000e+00 8.024852e-07
4.250000e+00 7.466019e-07
4.260000e+00 6.944381e-07
4.270000e+00 6.457589e-07
4.280000e+00 6.003434e-07
4.290000e+00 5.579839e-07
4.300000e+00 5.184849e-07
4.310000e+00 4.816628e-07
4.320000e+00 4.473453e-07
4.330000e+00 4.153701e-07
4.340000e+00 3.855852e-07
4.350000e+00 3.578477e-07
4.360000e+00 3.320236e-07
4.370000e+00 3.079871e-07
4.380000e+00 2.856203e-07
4.390000e+00 2.648125e-07
4.400000e+00 2.454601e-07
4.410000e+00 2.274659e-07
4.420000e+00 2.107389e-07
4.430000e+00 1.951939e-07
4.440000e+00 1.807511e-07
4.450000e+00 1.673359e-07
4.460000e+00 1.548782e-07
4.470000e+00 1.433127e-07
4.480000e+00 1.325783e-07
4.490000e+00 1.226178e-07
4.500000e+00 1.133779e-07
4.510000e+00 1.048085e-07
4.520000e+00 9.686301e-08
4.530000e+00 8.949796e-08
4.540000e+00 8.267267e-08
4.550000e+00 7.634920e-08
4.560000e+00 7.049215e-08
4.570000e+00 6.506850e-08
4.580000e+00 6.004748e-08
4.590000e+00 5.540036e-08
4.600000e+00 5.110042e-08
4.610000e+00 4.712272e-08
4.620000e+00 4.344406e-08
4.630000e+00 4.004281e-08
4.640000e+00 3.689887e-08
4.650000e+00 3.399350e-08
4.660000e+00 3.130929e-08
4.670000e+00 2.883002e-08
4.680000e+00 2.654064e-08
4.690000e+00 2.442713e-08
4.700000e+00 2.247648e-08
4.710000e+00 2.067659e-08
4.720000e+00 1.901624e-08
4.730000e+00 1.748500e-08
4.740000e+00 1.607317e-08
4.750000e+00 1.477178e-08
4.760000e+00 1.357249e-08
4.770000e+00 1.246757e-08
4.780000e+00 1.144985e-08
4.790000e+00 1.051268e-08
4.800000e+00 9.649912e-09
4.810000e+00 8.855828e-09
4.820000e+00 8.125148e-09
4.830000e+00 7.452977e-09
4.840000e+00 6.834785e-09
4.850000e+00 6.266380e-09
4.860000e+00 5.743881e-09
4.870000e+00 5.263703e-09
4.880000e+00 4.822525e-09
4.890000e+00 4.417283e-09
4.900000e+00 4.045140e-09
4.910000e+00 3.703479e-09
4.920000e+00 3.389881e-09
4.930000e+00 3.102111e-09
4.940000e+00 2.838108e-09
4.950000e+00 2.595968e-09
4.960000e+00 2.373935e-09
4.970000e+00 2.170391e-09
4.980000e+00 1.983840e-09
4.990000e+00 1.812907e-09
5.000000e+00 1.656322e-09
5.010000e+00 1.512915e-09
5.020000e+00 1.381610e-09
5.030000e+00 1.261414e-09
5.040000e+00 1.151414e-09
5.050000e+00 1.050769e-09
5.060000e+00 9.587069e-10
5.070000e+00 8.745149e-10
5.080000e+00 7.975390e-10
5.090000e+00 7.271774e-10
5.100000e+00 6.628772e-10
5.110000e+00 6.041301e-10
5.120000e+00 5.504692e-10
5.130000e+00 5.014658e-10
5.140000e+00 4.567262e-10
5.150000e+00 4.158888e-10
5.160000e+00 3.786221e-10
5.170000e+00 3.446217e-10
5.180000e+00 3.136086e-10
5.190000e+00 2.853268e-10
5.200000e+00 2.595416e-10
5.210000e+00 2.360381e-10
5.220000e+00 2.146192e-10
5.230000e+00 1.951044e-10
5.240000e+00 1.773284e-10
5.250000e+00 1.611400e-10
5.260000e+00 1.464007e-10
5.270000e+00 1.329836e-10
5.280000e+00 1.207728e-10
5.290000e+00 1.096624e-10
5.300000e+00 9.955531e-11
5.310000e+00 9.036294e-11
5.320000e+00 8.200429e-11
5.330000e+00 7.440535e-11
5.340000e+00 6.749851e-11
5.350000e+00 6.122206e-11
5.360000e+00 5.551962e-11
5.370000e+00 5.033977e-11
5.380000e+00 4.563557e-11
5.390000e+00 4.136418e-11
5.400000e+00 3.748657e-11
5.410000e+00 3.396711e-11
5.420000e+00 3.077334e-11
5.430000e+00 2.787568e-11
5.440000e+00 2.524717e-11
5.450000e+00 2.286325e-11
5.460000e+00 2.070155e-11
5.470000e+00 1.874173e-11
5.480000e+00 1.696523e-11
5.490000e+00 1.535520e-11
5.500000e+00 1.389628e-11
5.510000e+00 1.257451e-11
5.520000e+00 1.137720e-11
5.530000e+00 1.029280e-11
5.540000e+00 9.310814e-12
5.550000e+00 8.421715e-12
5.560000e+00 7.616834e-12
5.570000e+00 6.888300e-12
5.580000e+00 6.228964e-12
5.590000e+00 5.632337e-12
5.600000e+00 5.092524e-12
5.610000e+00 4.604180e-12
5.620000e+00 4.162452e-12
5.630000e+00 3.762937e-12
5.640000e+00 3.401642e-12
5.650000e+00 3.074946e-12
5.660000e+00 2.779566e-12
5.670000e+00 2.512527e-12
5.680000e+00 2.271131e-12
5.690000e+00 2.052935e-12
5.700000e+00 1.855724e-12
5.710000e+00 1.677494e-12
5.720000e+00 1.516428e-12
5.730000e+00 1.370881e-12
5.740000e+00 1.239366e-12
5.750000e+00 1.120535e-12
5.760000e+00 1.013168e-12
5.770000e+00 9.161634e-13
5.780000e+00 8.285220e-13
5.790000e+00 7.493413e-13
5.800000e+00 6.778051e-13
5.810000e+00 6.131751e-13
5.820000e+00 5.547838e-13
5.830000e+00 5.020280e-13
5.840000e+00 4.543623e-13
5.850000e+00 4.112938e-13
5.860000e+00 3.723773e-13
5.870000e+00 3.372103e-13
5.880000e+00 3.054295e-13
5.890000e+00 2.767064e-13
5.900000e+00 2.507445e-13
5.910000e+00 2.272759e-13
5.920000e+00 2.060589e-13
5.930000e+00 1.868749e-13
5.940000e+00 1.695269e-13
5.950000e+00 1.538368e-13
5.960000e+00 1.396439e-13
5.970000e+00 1.268031e-13
5.980000e+00 1.151835e-13
5.990000e+00 1.046668e-13
6.000000e+00 9.514646e-14
6.010000e+00 8.652606e-14
6.020000e+00 7.871874e-14
6.030000e+00 7.164604e-14
6.040000e+00 6.523717e-14
6.050000e+00 5.942823e-14
6.060000e+00 5.416155e-14
6.070000e+00 4.938507e-14
6.080000e+00 4.505180e-14
6.090000e+00 4.111932e-14
6.100000e+00 3.754936e-14
6.110000e+00 3.430734e-14
6.120000e+00 3.136205e-14
6.130000e+00 2.868532e-14
6.140000e+00 2.625171e-14
6.150000e+00 2.403822e-14
6.160000e+00 2.202410e-14
6.170000e+00 2.019061e-14
6.180000e+00 1.852080e-14
6.190000e+00 1.699936e-14
6.200000e+00 1.561245e-14
6.210000e+00 1.434758e-14
6.220000e+00 1.319343e-14
6.230000e+00 1.213978e-14
6.240000e+00 1.117738e-14
6.250000e+00 1.029786e-14
6.260000e+00 9.493667e-15
6.270000e+00 8.757931e-15
6.280000e+00 8.084454e-15
6.290000e+00 7.467619e-15
6.300000e+00 6.902335e-15
6.310000e+00 6.383992e-15
6.320000e+00 5.908409e-15
6.330000e+00 5.471798e-15
6.340000e+00 5.070722e-15
6.350000e+00 4.702061e-15
6.360000e+00 4.362986e-15
6.370000e+00 4.050926e-15
6.380000e+00 3.763549e-15
6.390000e+00 3.498734e-15
6.400000e+00 3.254552e-15
6.410000e+00 3.029252e-15
6.420000e+00 2.821239e-15
6.430000e+00 2.629061e-15
6.440000e+00 2.451399e-15
6.450000e+00 2.287048e-15
6.460000e+00 2.134912e-15
6.470000e+00 1.993991e-15
6.480000e+00 1.863374e-15
6.490000e+00 1.742229e-15
6.500000e+00 1.629796e-15
6.510000e+00 1.525382e-15
6.520000e+00 1.428351e-15
6.530000e+00 1.338126e-15
6.540000e+00 1.254176e-15
6.550000e+00 1.176014e-15
6.560000e+00 1.103199e-15
6.570000e+00 1.035321e-15
6.580000e+00 9.720083e-16
6.590000e+00 9.129184e-16
6.600000e+00 8.577375e-16
6.610000e+00 8.061771e-16
6.620000e+00 7.579724e-16
6.630000e+00 7.128798e-16
6.640000e+00 6.706756e-16
6.650000e+00 6.311538e-16
6.660000e+00 5.941247e-16
6.670000e+00 5.594135e-16
6.680000e+00 5.268589e-16
6.690000e+00 4.963125e-16
6.700000e+00 4.676370e-16
6.710000e+00 4.407057e-16
6.720000e+00 4.154016e-16
6.730000e+00 3.916164e-16
6.740000e+00 3.692500e-16
6.750000e+00 3.482096e-16
6.760000e+00 3.284092e-16
6.770000e+00 3.097692e-16
6.780000e+00 2.922156e-16
6.790000e+00 2.756799e-16
6.800000e+00 2.600982e-16
6.810000e+00 2.454114e-16
6.820000e+00 2.315643e-16
6.830000e+00 2.185056e-16
6.840000e+00 2.061874e-16
6.850000e+00 1.945653e-16
6.860000e+00 1.835978e-16
6.870000e+00 1.732459e-16
6.880000e+00 1.634735e-16
6.890000e+00 1.542467e-16
6.900000e+00 1.455339e-16
6.910000e+00 1.373053e-16
6.920000e+00 1.295334e-16
6.930000e+00 1.221920e-16
6.940000e+00 1.152568e-16
6.950000e+00 1.087049e-16
6.960000e+00 1.025148e-16
6.970000e+00 9.666636e-17
6.980000e+00 9.114060e-17
6.990000e+00 8.591963e-17
7.000000e+00 8.098678e-17
7.010000e+00 7.632615e-17
7.020000e+00 7.192286e-17
7.030000e+00 6.776293e-17
7.040000e+00 6.383311e-17
7.050000e+00 6.012091e-17
7.060000e+00 5.661455e-17
7.070000e+00 5.330296e-17
7.080000e+00 5.017556e-17
7.090000e+00 4.722244e-17
7.100000e+00 4.443425e-17
7.110000e+00 4.180212e-17
7.120000e+00 3.931760e-17
7.130000e+00 3.697281e-17
7.140000e+00 3.476021e-17
7.150000e+00 3.267272e-17
7.160000e+00 3.070352e-17
7.170000e+00 2.884631e-17
7.180000e+00 2.709503e-17
7.190000e+00 2.544395e-17
7.200000e+00 2.388766e-17
7.210000e+00 2.242098e-17
7.220000e+00 2.103909e-17
7.230000e+00 1.973734e-17
7.240000e+00 1.851137e-17
7.250000e+00 1.735703e-17
7.260000e+00 1.627039e-17
7.270000e+00 1.524771e-17
7.280000e+00 1.428548e-17
7.290000e+00 1.338033e-17
7.300000e+00 1.252913e-17
7.310000e+00 1.172882e-17
7.320000e+00 1.097659e-17
7.330000e+00 1.026972e-17
7.340000e+00 9.605651e-18
7.350000e+00 8.981974e-18
7.360000e+00 8.396390e-18
7.370000e+00 7.846717e-18
7.380000e+00 7.330902e-18
7.390000e+00 6.846996e-18
7.400000e+00 6.393180e-18
7.410000e+00 5.967676e-18
7.420000e+00 5.568846e-18
7.430000e+00 5.195132e-18
7.440000e+00 4.845042e-18
7.450000e+00 4.517185e-18
7.460000e+00 4.210250e-18
7.470000e+00 3.923001e-18
7.480000e+00 3.654231e-18
7.490000e+00 3.402846e-18
7.500000e+00 3.167784e-18
7.510000e+00 2.948058e-18
7.520000e+00 2.742726e-18
7.530000e+00 2.550921e-18
7.540000e+00 2.371790e-18
7.550000e+00 2.204560e-18
7.560000e+00 2.048484e-18
7.570000e+00 1.902870e-18
7.580000e+00 1.767061e-18
7.590000e+00 1.640426e-18
7.600000e+00 1.522396e-18
7.610000e+00 1.412414e-18
7.620000e+00 1.309967e-18
7.630000e+00 1.214573e-18
7.640000e+00 1.125771e-18
7.650000e+00 1.043131e-18
7.660000e+00 9.662556e-19
7.670000e+00 8.947634e-19
7.680000e+00 8.283010e-19
7.690000e+00 7.665287e-19
7.700000e+00 7.091458e-19
7.710000e+00 6.558494e-19
7.720000e+00 6.063662e-19
7.730000e+00 5.604377e-19
7.740000e+00 5.178257e-19
7.750000e+00 4.783014e-19
7.760000e+00 4.416541e-19
7.770000e+00 4.076835e-19
7.780000e+00 3.762094e-19
7.790000e+00 3.470563e-19
7.800000e+00 3.200577e-19
7.810000e+00 2.950698e-19
7.820000e+00 2.719457e-19
7.830000e+00 2.505534e-19
7.840000e+00 2.307684e-19
7.850000e+00 2.124817e-19
7.860000e+00 1.955821e-19
7.870000e+00 1.799703e-19
7.880000e+00 1.655506e-19
7.890000e+00 1.522395e-19
7.900000e+00 1.399546e-19
7.910000e+00 1.286191e-19
7.920000e+00 1.181657e-19
7.930000e+00 1.085279e-19
7.940000e+00 9.964438e-20
7.950000e+00 9.145903e-20
7.960000e+00 8.392047e-20
7.970000e+00 7.697932e-20
7.980000e+00 7.059045e-20
7.990000e+00 6.471086e-20
8.000000e+00 5.930240e-20
8.010000e+00 5.432929e-20
8.020000e+00 4.975828e-20
8.030000e+00 4.555715e-20
8.040000e+00 4.169842e-20
8.050000e+00 3.815467e-20
8.060000e+00 3.490101e-20
8.070000e+00 3.191468e-20
8.080000e+00 2.917513e-20
8.090000e+00 2.666299e-20
8.100000e+00 2.435954e-20
8.110000e+00 2.224752e-20
8.120000e+00 2.031306e-20
8.130000e+00 1.854130e-20
8.140000e+00 1.691849e-20
8.150000e+00 1.543311e-20
8.160000e+00 1.407394e-20
8.170000e+00 1.283045e-20
8.180000e+00 1.169355e-20
8.190000e+00 1.065433e-20
8.200000e+00 9.704023e-21
8.210000e+00 8.836145e-21
8.220000e+00 8.043220e-21
8.230000e+00 7.319432e-21
8.240000e+00 6.658738e-21
8.250000e+00 6.055830e-21
8.260000e+00 5.505848e-21
8.270000e+00 5.004717e-21
8.280000e+00 4.547316e-21
8.290000e+00 4.130737e-21
8.300000e+00 3.751367e-21
8.310000e+00 3.405356e-21
8.320000e+00 3.090731e-21
8.330000e+00 2.804343e-21
8.340000e+00 2.543599e-21
8.350000e+00 2.306286e-21
8.360000e+00 2.090689e-21
8.370000e+00 1.894625e-21
8.380000e+00 1.716494e-21
8.390000e+00 1.554646e-21
8.400000e+00 1.407608e-21
8.410000e+00 1.273991e-21
8.420000e+00 1.152813e-21
8.430000e+00 1.042814e-21
8.440000e+00 9.431689e-22
8.450000e+00 8.526823e-22
8.460000e+00 7.706209e-22
8.470000e+00 6.963136e-22
8.480000e+00 6.288670e-22
8.490000e+00 5.678860e-22
8.500000e+00 5.126133e-22
8.510000e+00 4.626307e-22
8.520000e+00 4.173421e-22
8.530000e+00 3.764291e-22
8.540000e+00 3.393497e-22
8.550000e+00 3.058598e-22
8.560000e+00 2.755899e-22
8.570000e+00 2.482036e-22
8.580000e+00 2.235336e-22
8.590000e+00 2.012589e-22
8.600000e+00 1.810882e-22
8.610000e+00 1.629062e-22
8.620000e+00 1.465306e-22
8.630000e+00 1.317384e-22
8.640000e+00 1.184238e-22
8.650000e+00 1.063670e-22
8.660000e+00 9.553568e-23
8.670000e+00 8.580122e-23
8.680000e+00 7.699583e-23
8.690000e+00 6.909119e-23
8.700000e+00 6.200001e-23
8.710000e+00 5.556367e-23
8.720000e+00 4.982452e-23
8.730000e+00 4.464567e-23
8.740000e+00 3.997577e-23
8.750000e+00 3.581039e-23
8.760000e+00 3.206485e-23
8.770000e+00 2.870775e-23
8.780000e+00 2.567771e-23
8.790000e+00 2.296204e-23
8.800000e+00 2.051820e-23
8.810000e+00 1.833460e-23
8.820000e+00 1.638017e-23
8.830000e+00 1.463095e-23
8.840000e+00 1.306138e-23
8.850000e+00 1.165574e-23
8.860000e+00 1.040199e-23
8.870000e+00 9.272937e-24
8.880000e+00 8.265471e-24
8.890000e+00 7.372264e-24
8.900000e+00 6.570837e-24
8.910000e+00 5.852927e-24
8.920000e+00 5.201715e-24
8.930000e+00 4.629370e-24
8.940000e+00 4.116447e-24
8.950000e+00 3.660928e-24
8.960000e+00 3.255482e-24
8.970000e+00 2.894381e-24
8.980000e+00 2.578960e-24
8.990000e+00 2.282458e-24
9.000000e+00 2.028446e-24
9.010000e+00 1.798999e-24
9.020000e+00 1.595797e-24
9.030000e+00 1.417505e-24
9.040000e+00 1.257072e-24
9.050000e+00 1.114102e-24
9.060000e+00 9.881714e-25
9.070000e+00 8.771979e-25
9.080000e+00 7.745225e-25
9.090000e+00 6.871497e-25
9.100000e+00 6.074730e-25
9.110000e+00 5.385740e-25
9.120000e+00 4.764534e-25
9.130000e+00 4.214686e-25
9.140000e+00 3.737663e-25
9.150000e+00 3.316645e-25
9.160000e+00 2.931886e-25
9.170000e+00 2.587720e-25
9.180000e+00 2.288885e-25
9.190000e+00 2.020607e-25
9.200000e+00 1.789374e-25
9.210000e+00 1.573841e-25
9.220000e+00 1.395740e-25
9.230000e+00 1.230785e-25
9.240000e+00 1.082632e-25
9.250000e+00 9.619349e-26
9.260000e+00 8.486428e-26
9.270000e+00 7.509163e-26
9.280000e+00 6.613264e-26
9.290000e+00 5.827699e-26
9.300000e+00 5.209151e-26
9.310000e+00 4.633120e-26
9.320000e+00 4.132877e-26
9.330000e+00 3.615646e-26
9.340000e+00 3.216410e-26
9.350000e+00 2.840754e-26
9.360000e+00 2.491355e-26
9.370000e+00 2.240144e-26
9.380000e+00 1.961535e-26
9.390000e+00 1.726594e-26
9.400000e+00 1.505246e-26
9.410000e+00 1.360588e-26
9.420000e+00 1.194843e-26
9.430000e+00 1.055855e-26
9.440000e+00 9.588831e-27
9.450000e+00 8.441038e-27
9.460000e+00 7.481987e-27
9.470000e+00 6.533464e-27
9.480000e+00 5.917359e-27
9.490000e+00 5.469886e-27
9.500000e+00 4.663828e-27
9.510000e+00 4.076016e-27
9.520000e+00 3.650711e-27
9.530000e+00 3.137644e-27
9.540000e+00 2.946003e-27
9.550000e+00 2.499261e-27
9.560000e+00 2.261768e-27
9.570000e+00 2.031737e-27
9.580000e+00 1.723257e-27
9.590000e+00 1.523408e-27
9.600000e+00 1.410239e-27
9.610000e+00 1.258841e-27
9.620000e+00 1.057949e-27
9.630000e+00 9.939374e-28
9.640000e+00 8.142026e-28
9.650000e+00 7.540303e-28
9.660000e+00 6.522312e-28
9.670000e+00 5.769266e-28
9.680000e+00 5.371062e-28
9.690000e+00 4.885479e-28
9.700000e+00 4.276036e-28
9.710000e+00 3.600676e-28
9.720000e+00 3.094128e-28
9.730000e+00 2.639390e-28
9.740000e+00 2.588009e-28
9.750000e+00 2.077663e-28
9.760000e+00 1.839129e-28
9.770000e+00 1.387481e-28
9.780000e+00 1.449508e-28
9.790000e+00 1.431086e-28
9.800000e+00 9.151696e-29
9.810000e+00 1.025471e-28
9.820000e+00 8.873139e-29
9.830000e+00 7.216319e-29
9.840000e+00 6.968474e-29
9.850000e+00 5.438154e-29
9.860000e+00 4.839994e-29
9.870000e+00 3.274961e-29
9.880000e+00 2.642176e-29
9.890000e+00 2.537882e-29
9.900000e+00 2.181266e-29
9.910000e+00 1.774336e-29
9.920000e+00 1.022060e-29
9.930000e+00 1.042557e-29
9.940000e+00 1.287042e-29
9.950000e+00 1.999653e-29
9.960000e+00 1.085925e-29
9.970000e+00 3.234123e-30
9.980000e+00 4.772990e-30
9.990000e+00 8.673251e-30
1.000000e+01 7.027401e-30
1.001000e+01 6.507040e-31
1.002000e+01 2.270850e-30
1.003000e+01 1.743622e-30
1.004000e+01 1.988833e-30
1.005000e+01 4.134888e-30
1.006000e+01 2.438925e-30
1.007000e+01 3.653165e-30
1.008000e+01 5.184113e-31
1.009000e+01 1.667486e-30
1.010000e+01 3.407297e-30
1.011000e+01 2.965547e-30
1.012000e+01 1.817931e-30
1.013000e+01 1.004033e-30
1.014000e+01 6.985864e-31
1.015000e+01 4.525517e-31
1.016000e+01 8.924084e-31
1.017000e+01 8.630310e-31
1.018000e+01 8.067239e-31
1.019000e+01 3.783239e-30
1.020000e+01 7.387290e-31
1.021000e+01 6.364774e-31
1.022000e+01 6.897975e-31
1.023000e+01 3.128269e-30
1.024000e+01 1.143848e-30
1.025000e+01 5.780206e-31
1.026000e+01 4.806410e-32
1.027000e+01 1.292624e-31
1.028000e+01 1.570599e-30
1.029000e+01 4.082667e-30
1.030000e+01 2.048670e-30
1.031000e+01 1.190833e-30
1.032000e+01 2.867990e-30
1.033000e+01 3.762168e-31
1.034000e+01 1.275215e-30
1.035000e+01 5.582293e-31
1.036000e+01 4.458036e-30
1.037000e+01 2.078924e-30
1.038000e+01 1.042611e-30
1.039000e+01 1.033350e-30
1.040000e+01 1.831656e-30
1.041000e+01 1.025202e-30
1.042000e+01 1.293842e-30
1.043000e+01 5.135063e-31
1.044000e+01 5.634480e-31
1.045000e+01 9.969594e-32
1.046000e+01 1.615227e-31
1.047000e+01 2.226235e-30
1.048000e+01 9.495600e-31
1.049000e+01 7.803249e-31
1.050000e+01 3.580333e-31
1.051000e+01 6.431943e-31
1.052000e+01 8.221576e-32
1.053000e+01 4.317633e-31
1.054000e+01 2.322403e-31
1.055000e+01 2.925155e-31
1.056000e+01 6.655647e-31
1.057000e+01 2.047929e-31
1.058000e+01 1.425471e-30
1.059000e+01 6.448220e-31
1.060000e+01 4.200369e-30
1.061000e+01 1.377220e-30
1.062000e+01 4.037483e-31
1.063000e+01 1.151236e-30
1.064000e+01 4.195049e-31
1.065000e+01 9.273233e-32
1.066000e+01 5.804825e-31
1.067000e+01 1.028767e-30
1.068000e+01 5.633350e-32
1.069000e+01 1.998155e-32
1.070000e+01 1.370261e-30
1.071000e+01 3.301527e-32
1.072000e+01 5.604447e-32
1.073000e+01 1.495412e-30
1.074000e+01 2.003756e-31
1.075000e+01 4.254502e-31
1.076000e+01 2.961938e-31
1.077000e+01 4.795859e-32
1.078000e+01 1.295536e-30
1.079000e+01 1.627024e-30
1.080000e+01 4.202582e-33
1.081000e+01 9.702532e-31
1.082000e+01 3.244754e-31
1.083000e+01 4.675385e-31
1.084000e+01 2.033202e-30
1.085000e+01 1.344290e-30
1.086000e+01 1.286828e-31
1.087000e+01 6.925672e-31
1.088000e+01 2.827420e-31
1.089000e+01 1.724148e-31
1.090000e+01 4.128318e-32
1.091000e+01 1.748527e-31
1.092000e+01 1.303372e-30
1.093000e+01 7.806063e-33
1.094000e+01 4.548674e-31
1.095000e+01 1.579830e-30
1.096000e+01 2.269001e-30
1.097000e+01 1.962412e-31
1.098000e+01 2.369919e-30
1.099000e+01 1.120091e-30
1.100000e+01 5.191604e-31
1.101000e+01 6.792485e-31
1.102000e+01 5.896357e-31
1.103000e+01 1.907765e-31
1.104000e+01 1.970596e-30
1.105000e+01 1.022508e-30
1.106000e+01 1.524951e-30
1.107000e+01 3.529151e-31
1.108000e+01 8.813076e-32
1.109000e+01 4.389733e-32
1.110000e+01 1.014345e-30
1.111000e+01 2.846315e-31
1.112000e+01 2.345463e-31
1.113000e+01 7.953934e-31
1.114000e+01 1.447343e-30
1.115000e+01 3.927279e-31
1.116000e+01 5.397034e-31
1.117000e+01 1.106085e-30
1.118000e+01 3.113281e-30
1.119000e+01 8.885484e-31
1.120000e+01 1.834733e-31
1.121000e+01 3.268417e-31
1.122000e+01 8.556903e-31
1.123000e+01 9.367220e-31
1.124000e+01 4.308366e-31
1.125000e+01 5.592947e-31
1.126000e+01 1.452279e-31
1.127000e+01 3.932220e-31
1.128000e+01 1.740663e-32
1.129000e+01 3.129981e-31
1.130000e+01 5.712557e-31
1.131000e+01 4.667755e-32
1.132000e+01 4.534643e-32
1.133000e+01 2.359725e-30
1.134000e+01 7.701614e-32
1.135000e+01 1.207380e-30
1.136000e+01 2.147326e-31
1.137000e+01 5.546758e-32
1.138000e+01 4.338096e-31
1.139000e+01 1.566411e-30
1.140000e+01 1.091575e-30
1.141000e+01 4.091803e-31
1.142000e+01 4.316287e-32
1.143000e+01 3.474162e-31
1.144000e+01 4.737509e-31
1.145000e+01 7.819728e-31
1.146000e+01 1.190702e-31
1.147000e+01 1.748327e-31
1.148000e+01 7.562803e-31
1.149000e+01 1.486324e-30
1.150000e+01 9.236867e-31
1.151000e+01 4.405325e-31
1.152000e+01 1.136183e-30
1.153000e+01 4.020381e-31
1.154000e+01 2.212880e-31
1.155000e+01 1.443361e-30
1.156000e+01 8.269613e-31
1.157000e+01 8.501707e-31
1.158000e+01 1.596982e-31
1.159000e+01 7.834759e-31
1.160000e+01 9.755816e-32
1.161000e+01 1.944342e-30
1.162000e+01 1.784606e-32
1.163000e+01 2.606476e-31
1.164000e+01 1.444487e-31
1.165000e+01 5.858736e-32
1.166000e+01 1.771635e-31
1.167000e+01 9.700834e-32
1.168000e+01 2.837368e-31
1.169000e+01 1.030423e-30
1.170000e+01 1.319817e-30
1.171000e+01 6.123971e-31
1.172000e+01 1.202596e-32
1.173000e+01 7.310846e-31
1.174000e+01 1.280819e-30
1.175000e+01 3.734469e-31
1.176000e+01 1.312311e-30
1.177000e+01 1.551608e-32
1.178000e+01 2.922195e-31
1.179000e+01 5.522506e-31
1.180000e+01 1.278621e-30
1.181000e+01 5.073184e-31
1.182000e+01 4.430469e-31
1.183000e+01 7.882779e-31
1.184000e+01 4.657047e-31
1.185000e+01 1.178936e-31
1.186000e+01 2.319100e-31
1.187000e+01 1.688498e-30
1.188000e+01 8.004935e-33
1.189000e+01 2.891454e-31
1.190000e+01 7.549059e-31
1.191000e+01 1.781685e-30
1.192000e+01 5.930365e-31
1.193000e+01 3.666461e-32
1.194000e+01 4.361865e-31
1.195000e+01 8.440374e-31
1.196000e+01 7.748106e-31
1.197000e+01 6.056223e-32
1.198000e+01 3.002489e-31
1.199000e+01 7.649600e-31
1.200000e+01 6.230400e-32
1.201000e+01 4.871424e-31
1.202000e+01 1.437425e-31
1.203000e+01 1.250922e-31
1.204000e+01 8.781196e-31
1.205000e+01 4.159834e-31
1.206000e+01 8.259999e-31
1.207000e+01 2.337790e-31
1.208000e+01 1.801554e-31
1.209000e+01 3.216813e-31
1.210000e+01 5.702390e-31
1.211000e+01 8.862526e-31
1.212000e+01 4.667762e-31
1.213000e+01 5.945434e-31
1.214000e+01 7.342649e-31
1.215000e+01 8.102414e-31
1.216000e+01 7.606920e-31
1.217000e+01 1.727262e-31
1.218000e+01 1.698225e-30
1.219000e+01 1.195306e-30
1.220000e+01 8.782428e-31
1.221000e+01 1.955387e-32
1.222000e+01 6.362729e-31
1.223000e+01 1.017375e-30
1.224000e+01 1.412521e-30
1.225000e+01 8.966794e-31
1.226000e+01 3.535510e-31
1.227000e+01 1.380583e-32
1.228000e+01 3.707053e-31
1.229000e+01 9.957316e-31
1.230000e+01 1.280659e-30
1.231000e+01 3.296614e-32
1.232000e+01 6.843599e-31
1.233000e+01 2.859758e-31
1.234000e+01 1.568754e-31
1.235000e+01 6.976202e-32
1.236000e+01 1.965453e-30
1.237000e+01 3.467577e-31
1.238000e+01 2.682101e-32
1.239000e+01 1.032656e-30
1.240000e+01 1.460018e-32
1.241000e+01 7.522118e-32
1.242000e+01 1.031881e-31
1.243000e+01 3.371719e-32
1.244000e+01 5.296065e-32
1.245000e+01 9.817058e-31
1.246000e+01 7.277153e-31
1.247000e+01 4.583795e-31
1.248000e+01 5.075823e-31
1.249000e+01 1.169145e-31
1.250000e+01 7.908449e-31
1.251000e+01 6.595316e-32
1.252000e+01 2.672160e-31
1.253000e+01 2.792222e-31
1.254000e+01 5.010189e-32
1.255000e+01 1.534293e-31
1.256000e+01 4.222455e-31
1.257000e+01 2.698019e-31
1.258000e+01 5.066763e-31
1.259000e+01 7.196412e-32
1.260000e+01 7.102355e-31
1.261000e+01 4.902334e-31
1.262000e+01 2.089674e-31
1.263000e+01 3.708687e-31
1.264000e+01 1.699627e-30
1.265000e+01 4.951707e-31
1.266000e+01 1.984326e-32
1.267000e+01 7.629681e-32
1.268000e+01 7.373310e-31
1.269000e+01 6.544998e-31
1.270000e+01 3.421852e-31
1.271000e+01 6.416390e-32
1.272000e+01 4.105030e-31
1.273000e+01 7.450065e-32
1.274000e+01 7.365413e-32
1.275000e+01 1.124746e-30
1.276000e+01 5.174043e-32
1.277000e+01 4.686526e-34
1.278000e+01 2.283137e-31
1.279000e+01 6.189339e-31
1.280000e+01 3.545327e-31
1.281000e+01 4.707470e-32
1.282000e+01 7.587098e-31
1.283000e+01 9.686995e-31
1.284000e+01 4.202105e-31
1.285000e+01 2.899478e-31
1.286000e+01 2.488227e-31
1.287000e+01 1.060358e-31
1.288000e+01 7.271261e-32
1.289000e+01 3.702589e-31
1.290000e+01 7.351957e-32
1.291000e+01 3.064375e-31
1.292000e+01 4.080102e-31
1.293000e+01 3.691653e-31
1.294000e+01 7.978403e-31
1.295000e+01 4.123644e-31
1.296000e+01 1.305141e-30
1.297000e+01 1.645023e-30
1.298000e+01 9.338943e-33
1.299000e+01 2.792003e-31
1.300000e+01 1.955211e-32
1.301000e+01 5.191178e-31
1.302000e+01 1.928899e-31
1.303000e+01 1.460223e-31
1.304000e+01 1.966905e-31
1.305000e+01 8.421314e-31
1.306000e+01 1.907087e-32
1.307000e+01 2.285078e-31
1.308000e+01 7.531921e-32
1.309000e+01 6.447620e-31
1.310000e+01 7.303499e-31
1.311000e+01 1.118138e-31
1.312000e+01 1.176800e-30
1.313000e+01 2.212002e-30
1.314000e+01 3.054223e-31
1.315000e+01 1.532565e-31
1.316000e+01 4.051457e-31
1.317000e+01 1.892258e-31
1.318000e+01 6.531002e-32
1.319000e+01 9.503918e-31
1.320000e+01 3.490281e-31
1.321000e+01 4.639990e-31
1.322000e+01 8.819800e-31
1.323000e+01 5.768794e-31
1.324000e+01 5.392749e-31
1.325000e+01 3.716872e-31
1.326000e+01 8.777947e-32
1.327000e+01 2.231153e-31
1.328000e+01 8.423749e-31
1.329000e+01 7.765591e-31
1.330000e+01 2.685138e-31
1.331000e+01 8.768952e-31
1.332000e+01 4.480475e-32
1.333000e+01 3.140173e-31
1.334000e+01 2.263382e-31
1.335000e+01 5.796645e-31
1.336000e+01 3.177510e-31
1.337000e+01 2.570577e-31
1.338000e+01 2.289974e-31
1.339000e+01 4.809187e-32
1.340000e+01 9.629249e-31
1.341000e+01 6.912706e-31
1.342000e+01 1.170054e-30
1.343000e+01 2.240973e-31
1.344000e+01 4.779447e-31
1.345000e+01 2.022519e-31
1.346000e+01 1.202670e-31
1.347000e+01 7.626157e-32
1.348000e+01 3.017908e-31
1.349000e+01 2.717048e-31
1.350000e+01 3.942211e-32
1.351000e+01 8.246269e-31
1.352000e+01 5.531630e-31
1.353000e+01 2.068906e-31
1.354000e+01 1.066350e-30
1.355000e+01 7.692977e-31
1.356000e+01 2.669844e-31
1.357000e+01 1.238091e-31
1.358000e+01 8.211288e-32
1.359000e+01 4.207618e-32
1.360000e+01 1.241649e-30
1.361000e+01 1.186715e-30
1.362000e+01 9.556288e-33
1.363000e+01 2.145192e-31
1.364000e+01 5.121247e-31
1.365000e+01 5.936941e-32
1.366000e+01 5.418459e-31
1.367000e+01 2.460976e-31
1.368000e+01 3.144904e-31
1.369000e+01 1.564501e-30
1.370000e+01 2.654647e-32
1.371000e+01 2.151505e-31
1.372000e+01 6.249843e-31
1.373000e+01 1.348106e-31
1.374000e+01 4.348020e-31
1.375000e+01 1.272782e-30
1.376000e+01 1.765183e-31
1.377000e+01 1.918110e-31
1.378000e+01 9.423212e-32
1.379000e+01 5.629610e-32
1.380000e+01 2.506506e-32
1.381000e+01 1.618721e-31
1.382000e+01 2.818307e-31
1.383000e+01 5.928500e-31
1.384000e+01 2.313097e-31
1.385000e+01 7.696952e-32
1.386000e+01 1.127306e-33
1.387000e+01 1.622057e-31
1.388000e+01 6.786994e-31
1.389000e+01 6.281873e-31
1.390000e+01 1.890164e-31
1.391000e+01 9.658669e-31
1.392000e+01 3.404447e-31
1.393000e+01 2.996492e-31
1.394000e+01 2.695609e-31
1.395000e+01 5.465976e-31
1.396000e+01 7.149314e-32
1.397000e+01 6.991573e-31
1.398000e+01 4.841570e-31
1.399000e+01 5.202271e-31
1.400000e+01 7.031940e-31
1.401000e+01 9.213036e-31
1.402000e+01 1.089368e-31
1.403000e+01 1.441504e-30
1.404000e+01 6.845847e-31
1.405000e+01 3.097763e-32
1.406000e+01 4.217427e-31
1.407000e+01 2.524705e-31
1.408000e+01 9.412240e-32
1.409000e+01 2.459444e-31
1.410000e+01 4.843503e-31
1.411000e+01 1.957902e-30
1.412000e+01 3.198342e-31
1.413000e+01 2.575885e-31
1.414000e+01 2.585847e-31
1.415000e+01 5.356397e-32
1.416000e+01 3.922064e-31
1.417000e+01 7.606345e-32
1.418000e+01 3.862495e-31
1.419000e+01 6.383267e-31
1.420000e+01 4.166580e-31
1.421000e+01 1.271955e-30
1.422000e+01 5.719533e-32
1.423000e+01 6.094973e-31
1.424000e+01 2.801861e-31
1.425000e+01 4.689100e-31
1.426000e+01 1.505333e-31
1.427000e+01 1.678799e-31
1.428000e+01 9.843603e-31
1.429000e+01 5.265022e-32
1.430000e+01 3.837276e-31
1.431000e+01 6.636357e-31
1.432000e+01 7.046877e-31
1.433000e+01 1.491358e-30
1.434000e+01 8.573873e-31
1.435000e+01 9.837931e-32
1.436000e+01 1.256015e-31
1.437000e+01 1.500609e-31
1.438000e+01 7.822430e-31
1.439000e+01 6.650876e-33
1.440000e+01 1.379658e-31
1.441000e+01 9.429260e-32
1.442000e+01 1.807637e-31
1.443000e+01 4.551646e-32
1.444000e+01 3.910656e-31
1.445000e+01 2.308149e-31
1.446000e+01 2.434912e-31
1.447000e+01 2.751665e-31
1.448000e+01 1.870791e-31
1.449000e+01 7.381583e-32
1.450000e+01 2.351398e-31
1.451000e+01 6.528544e-32
1.452000e+01 2.741957e-31
1.453000e+01 4.729653e-31
1.454000e+01 1.275841e-31
1.455000e+01 2.850006e-31
1.456000e+01 6.326243e-31
1.457000e+01 1.442724e-31
1.458000e+01 2.059479e-31
1.459000e+01 5.527266e-31
1.460000e+01 5.370652e-31
1.461000e+01 9.006848e-31
1.462000e+01 2.097852e-31
1.463000e+01 2.764085e-31
1.464000e+01 3.883100e-32
1.465000e+01 1.765114e-32
1.466000e+01 8.571839e-31
1.467000e+01 6.089675e-32
1.468000e+01 8.337964e-31
1.469000e+01 1.127411e-30
1.470000e+01 6.151705e-31
1.471000e+01 7.945990e-32
1.472000e+01 6.762468e-32
1.473000e+01 6.568662e-31
1.474000e+01 4.213907e-31
1.475000e+01 3.264373e-32
1.476000e+01 1.509551e-31
1.477000e+01 8.178862e-32
1.478000e+01 1.012906e-31
1.479000e+01 1.261844e-31
1.480000e+01 2.536908e-31
1.481000e+01 2.296305e-31
1.482000e+01 1.809659e-31
1.483000e+01 1.746883e-32
1.484000e+01 5.336794e-31
1.485000e+01 1.323780e-31
1.486000e+01 3.412638e-33
1.487000e+01 7.019916e-31
1.488000e+01 3.154629e-31
1.489000e+01 1.777484e-31
1.490000e+01 1.111564e-31
1.491000e+01 8.247924e-32
1.492000e+01 7.222967e-32
1.493000e+01 7.913149e-31
1.494000e+01 7.071651e-31
1.495000e+01 4.522971e-31
1.496000e+01 1.752361e-31
1.497000e+01 2.886955e-31
1.498000e+01 6.477420e-31
1.499000e+01 4.236468e-31
1.500000e+01 4.034453e-31
1.501000e+01 1.846194e-31
1.502000e+01 4.671813e-32
1.503000e+01 5.272037e-31
1.504000e+01 1.990061e-32
1.505000e+01 1.083156e-30
1.506000e+01 1.456197e-32
1.507000e+01 1.432158e-30
1.508000e+01 4.829264e-31
1.509000e+01 3.097580e-32
1.510000e+01 1.235802e-31
1.511000e+01 2.999849e-32
1.512000e+01 7.351733e-32
1.513000e+01 3.391031e-31
1.514000e+01 5.787931e-32
1.515000e+01 3.885633e-32
1.516000e+01 9.029851e-32
1.517000e+01 3.632887e-32
1.518000e+01 3.668037e-32
1.519000e+01 3.928903e-32
1.520000e+01 1.781815e-32
1.521000e+01 5.741855e-32
1.522000e+01 1.023170e-30
1.523000e+01 4.880050e-31
1.524000e+01 7.607782e-33
1.525000e+01 4.841980e-31
1.526000e+01 4.298093e-31
1.527000e+01 1.501603e-30
1.528000e+01 5.710589e-31
1.529000e+01 3.437812e-31
1.530000e+01 4.000758e-32
1.531000e+01 1.675027e-31
1.532000e+01 3.988159e-31
1.533000e+01 1.389698e-32
1.534000e+01 1.000050e-31
1.535000e+01 1.068912e-31
1.536000e+01 6.866164e-31
1.537000e+01 7.989389e-32
1.538000e+01 1.262989e-30
1.539000e+01 9.161917e-31
1.540000e+01 8.562712e-33
1.541000e+01 1.611447e-31
1.542000e+01 3.546452e-32
1.543000e+01 1.432803e-31
1.544000e+01 3.098979e-31
1.545000e+01 2.899407e-31
1.546000e+01 5.732822e-31
1.547000e+01 7.024051e-31
1.548000e+01 2.465169e-32
1.549000e+01 1.109658e-31
1.550000e+01 1.504494e-30
1.551000e+01 1.837190e-31
1.552000e+01 4.633544e-31
1.553000e+01 4.540199e-31
1.554000e+01 7.438665e-32
1.555000e+01 2.707712e-31
1.556000e+01 8.979298e-32
1.557000e+01 9.355483e-33
1.558000e+01 2.747796e-31
1.559000e+01 2.572948e-31
1.560000e+01 4.733444e-31
1.561000e+01 3.520043e-31
1.562000e+01 3.730669e-32
1.563000e+01 4.459602e-31
1.564000e+01 2.578955e-31
1.565000e+01 4.042736e-31
1.566000e+01 2.257819e-32
1.567000e+01 5.428642e-31
1.568000e+01 6.341417e-32
1.569000e+01 2.605028e-31
1.570000e+01 6.078137e-31
1.571000e+01 1.180924e-31
1.572000e+01 5.752583e-32
1.573000e+01 1.511564e-31
1.574000e+01 6.938057e-31
1.575000e+01 9.207990e-32
1.576000e+01 7.218915e-32
1.577000e+01 1.162447e-31
1.578000e+01 4.695436e-31
1.579000e+01 2.477352e-32
1.580000e+01 1.524585e-31
1.581000e+01 6.331320e-31
1.582000e+01 2.783655e-31
1.583000e+01 1.919073e-32
1.584000e+01 6.019994e-32
1.585000e+01 3.330936e-31
1.586000e+01 3.826324e-31
1.587000e+01 1.432740e-31
1.588000e+01 2.209554e-33
1.589000e+01 5.360132e-31
1.590000e+01 1.139243e-30
1.591000e+01 6.019545e-31
1.592000e+01 1.205055e-31
1.593000e+01 3.957586e-31
1.594000e+01 7.084756e-31
1.595000e+01 2.177096e-32
1.596000e+01 7.070521e-32
1.597000e+01 1.319396e-31
1.598000e+01 6.426873e-31
1.599000e+01 1.158238e-31
1.600000e+01 2.114699e-31
1.601000e+01 5.754814e-31
1.602000e+01 1.646631e-31
1.603000e+01 1.137157e-31
1.604000e+01 1.619471e-31
1.605000e+01 4.693018e-31
1.606000e+01 1.047600e-30
1.607000e+01 2.504546e-31
1.608000e+01 1.539123e-30
1.609000e+01 1.544603e-31
1.610000e+01 3.669324e-32
1.611000e+01 2.897631e-31
1.612000e+01 2.620802e-31
1.613000e+01 4.549225e-32
1.614000e+01 6.476609e-32
1.615000e+01 8.143891e-31
1.616000e+01 1.642778e-31
1.617000e+01 1.461689e-31
1.618000e+01 1.739231e-31
1.619000e+01 1.816486e-31
1.620000e+01 3.597812e-32
1.621000e+01 4.501238e-32
1.622000e+01 2.526233e-32
1.623000e+01 1.853731e-31
1.624000e+01 6.016296e-32
1.625000e+01 9.101282e-32
1.626000e+01 1.050701e-31
1.627000e+01 2.215833e-32
1.628000e+01 3.806835e-32
1.629000e+01 6.074427e-31
1.630000e+01 4.786376e-31
1.631000e+01 8.863932e-32
1.632000e+01 1.909870e-31
1.633000e+01 2.650915e-31
1.634000e+01 1.947669e-31
1.635000e+01 1.428835e-31
1.636000e+01 3.727150e-31
1.637000e+01 6.502099e-32
1.638000e+01 1.527250e-31
1.639000e+01 2.244526e-31
1.640000e+01 7.429838e-32
1.641000e+01 2.299243e-31
1.642000e+01 2.808150e-31
1.643000e+01 2.061905e-31
1.644000e+01 1.943048e-31
1.645000e+01 1.195815e-30
1.646000e+01 2.582512e-31
1.647000e+01 7.297763e-32
1.648000e+01 6.862162e-31
1.649000e+01 3.019194e-31
1.650000e+01 1.783900e-31
1.651000e+01 2.401351e-31
1.652000e+01 4.296745e-31
1.653000e+01 1.489569e-31
1.654000e+01 1.160010e-30
1.655000e+01 4.566930e-32
1.656000e+01 5.428362e-31
1.657000e+01 2.565176e-32
1.658000e+01 2.007312e-33
1.659000e+01 4.508913e-31
1.660000e+01 1.302442e-31
1.661000e+01 2.885867e-33
1.662000e+01 4.285391e-31
1.663000e+01 3.036798e-33
1.664000e+01 2.958251e-31
1.665000e+01 1.462924e-31
1.666000e+01 1.766759e-31
1.667000e+01 8.080249e-31
1.668000e+01 4.283005e-31
1.669000e+01 4.226849e-32
1.670000e+01 4.337306e-32
1.671000e+01 1.403281e-31
1.672000e+01 1.647369e-31
1.673000e+01 1.947803e-31
1.674000e+01 1.995014e-31
1.675000e+01 9.744263e-32
1.676000e+01 1.164063e-31
1.677000e+01 3.054208e-31
1.678000e+01 1.562145e-31
1.679000e+01 6.705089e-33
1.680000e+01 3.237212e-31
1.681000e+01 9.573540e-31
1.682000e+01 4.254401e-31
1.683000e+01 1.041222e-31
1.684000e+01 4.666315e-32
1.685000e+01 2.215423e-32
1.686000e+01 1.446846e-32
1.687000e+01 4.911816e-31
1.688000e+01 3.111790e-31
1.689000e+01 4.631551e-31
1.690000e+01 1.552335e-31
1.691000e+01 1.783078e-31
1.692000e+01 2.210908e-31
1.693000e+01 1.847773e-31
1.694000e+01 1.029307e-30
1.695000e+01 4.046242e-31
1.696000e+01 3.100694e-31
1.697000e+01 2.066669e-31
1.698000e+01 7.653649e-32
1.699000e+01 1.078061e-31
1.700000e+01 8.101411e-31
1.701000e+01 4.924821e-31
1.702000e+01 8.512065e-32
1.703000e+01 8.316474e-32
1.704000e+01 4.401126e-31
1.705000e+01 6.084404e-33
1.706000e+01 2.102226e-31
1.707000e+01 1.089918e-31
1.708000e+01 2.063043e-33
1.709000e+01 1.134824e-31
1.710000e+01 4.476670e-31
1.711000e+01 3.762889e-31
1.712000e+01 1.109856e-31
1.713000e+01 1.311476e-31
1.714000e+01 1.974651e-31
1.715000e+01 5.195240e-31
1.716000e+01 7.219733e-32
1.717000e+01 2.380143e-31
1.718000e+01 3.165490e-31
1.719000e+01 1.868676e-32
1.720000e+01 1.746985e-31
1.721000e+01 4.183450e-31
1.722000e+01 3.048561e-32
1.723000e+01 7.006308e-31
1.724000e+01 9.689875e-32
1.725000e+01 2.053471e-31
1.726000e+01 1.959602e-31
1.727000e+01 1.313700e-31
1.728000e+01 3.513856e-31
1.729000e+01 4.147926e-31
1.730000e+01 7.524405e-31
1.731000e+01 7.614054e-32
1.732000e+01 1.505604e-31
1.733000e+01 1.109874e-31
1.734000e+01 1.773273e-31
1.735000e+01 8.418083e-31
1.736000e+01 5.528918e-32
1.737000e+01 5.305674e-31
1.738000e+01 2.169870e-31
1.739000e+01 2.727468e-31
1.740000e+01 2.583943e-32
1.741000e+01 1.334468e-33
1.742000e+01 6.784589e-31
1.743000e+01 7.651675e-32
1.744000e+01 3.535196e-31
1.745000e+01 4.392349e-31
1.746000e+01 1.167599e-31
1.747000e+01 3.194543e-31
1.748000e+01 2.158164e-32
1.749000e+01 7.319622e-31
1.750000e+01 7.185677e-32
1.751000e+01 2.312517e-31
1.752000e+01 9.032229e-31
1.753000e+01 8.724451e-31
1.754000e+01 5.854140e-31
1.755000e+01 2.216371e-31
1.756000e+01 2.759856e-31
1.757000e+01 2.395187e-33
1.758000e+01 5.810896e-31
1.759000e+01 8.997774e-32
1.760000e+01 1.978656e-31
1.761000e+01 4.108879e-31
1.762000e+01 1.842160e-31
1.763000e+01 2.018326e-31
1.764000e+01 1.966453e-31
1.765000e+01 8.561434e-32
1.766000e+01 1.927868e-31
1.767000e+01 4.928100e-31
1.768000e+01 5.186314e-31
1.769000e+01 2.934775e-32
1.770000e+01 5.214678e-32
1.771000e+01 1.343106e-32
1.772000e+01 9.898086e-32
1.773000e+01 4.918522e-32
1.774000e+01 3.175426e-32
1.775000e+01 1.749150e-31
1.776000e+01 2.864512e-32
1.777000e+01 5.469231e-31
1.778000e+01 3.971631e-31
1.779000e+01 2.581523e-34
1.780000e+01 6.603431e-32
1.781000e+01 2.897628e-31
1.782000e+01 1.828024e-33
1.783000e+01 3.319120e-32
1.784000e+01 8.565144e-32
1.785000e+01 3.159423e-31
1.786000e+01 7.125535e-31
1.787000e+01 2.154513e-31
1.788000e+01 7.168312e-31
1.789000e+01 6.074001e-32
1.790000e+01 1.908594e-31
1.791000e+01 7.303863e-32
1.792000e+01 3.237182e-31
1.793000e+01 2.348110e-31
1.794000e+01 4.343838e-32
1.795000e+01 2.844416e-31
1.796000e+01 3.772290e-31
1.797000e+01 7.208595e-32
1.798000e+01 3.264670e-31
1.799000e+01 4.964546e-31
1.800000e+01 5.159156e-31
1.801000e+01 3.990140e-32
1.802000e+01 3.356530e-32
1.803000e+01 4.326580e-31
1.804000e+01 1.913614e-31
1.805000e+01 2.259775e-31
1.806000e+01 1.448485e-31
1.807000e+01 9.081550e-32
1.808000e+01 2.757245e-32
1.809000e+01 7.197736e-32
1.810000e+01 1.587139e-31
1.811000e+01 3.344322e-31
1.812000e+01 3.889380e-32
1.813000e+01 3.477624e-31
1.814000e+01 6.405076e-32
1.815000e+01 5.166311e-33
1.816000e+01 3.779608e-31
1.817000e+01 6.538733e-32
1.818000e+01 4.854289e-32
1.819000e+01 5.383632e-33
1.820000e+01 3.300183e-32
1.821000e+01 7.207887e-32
1.822000e+01 6.380333e-32
1.823000e+01 5.590041e-31
1.824000e+01 1.787474e-31
1.825000e+01 2.282815e-31
1.826000e+01 5.862920e-31
1.827000e+01 2.784860e-31
1.828000e+01 7.731807e-31
1.829000e+01 1.595536e-32
1.830000e+01 3.324949e-31
1.831000e+01 3.456240e-31
1.832000e+01 7.553463e-31
1.833000e+01 4.693588e-31
1.834000e+01 1.215319e-31
1.835000e+01 8.166624e-32
1.836000e+01 7.546269e-32
1.837000e+01 1.619885e-32
1.838000e+01 3.159710e-31
1.839000e+01 6.361290e-32
1.840000e+01 4.752654e-33
1.841000e+01 2.225523e-31
1.842000e+01 1.842286e-31
1.843000e+01 2.975178e-31
1.844000e+01 1.867431e-31
1.845000e+01 1.254268e-31
1.846000e+01 1.545835e-31
1.847000e+01 9.327762e-32
1.848000e+01 1.105092e-31
1.849000e+01 5.987041e-31
1.850000e+01 8.913599e-32
1.851000e+01 8.216740e-32
1.852000e+01 5.282410e-31
1.853000e+01 1.901481e-31
1.854000e+01 1.813050e-31
1.855000e+01 5.551450e-31
1.856000e+01 9.869819e-32
1.857000e+01 1.472974e-31
1.858000e+01 3.206076e-31
1.859000e+01 3.018468e-31
1.860000e+01 6.986451e-32
1.861000e+01 6.830230e-31
1.862000e+01 3.664754e-31
1.863000e+01 1.066880e-31
1.864000e+01 2.040671e-31
1.865000e+01 1.866543e-32
1.866000e+01 1.435343e-31
1.867000e+01 1.005185e-30
1.868000e+01 2.178715e-31
1.869000e+01 1.150611e-31
1.870000e+01 1.121090e-31
1.871000e+01 4.974814e-32
1.872000e+01 4.321982e-31
1.873000e+01 4.052754e-31
1.874000e+01 1.661822e-31
1.875000e+01 7.868643e-32
1.876000e+01 7.732539e-31
1.877000e+01 2.852155e-31
1.878000e+01 2.467278e-31
1.879000e+01 9.302371e-32
1.880000e+01 2.513542e-31
1.881000e+01 6.406487e-32
1.882000e+01 3.905600e-32
1.883000e+01 1.032282e-31
1.884000e+01 1.518989e-31
1.885000e+01 1.683954e-31
1.886000e+01 4.890813e-31
1.887000e+01 1.102320e-32
1.888000e+01 8.433462e-32
1.889000e+01 1.467098e-32
1.890000e+01 2.132246e-31
1.891000e+01 7.852117e-32
1.892000e+01 2.281908e-31
1.893000e+01 4.188964e-31
1.894000e+01 6.678917e-31
1.895000e+01 4.224031e-32
1.896000e+01 1.927804e-31
1.897000e+01 3.541010e-31
1.898000e+01 1.402574e-31
1.899000e+01 2.367889e-33
1.900000e+01 1.202388e-31
1.901000e+01 5.314094e-31
1.902000e+01 5.527333e-32
1.903000e+01 1.051901e-31
1.904000e+01 2.536410e-31
1.905000e+01 2.645759e-31
1.906000e+01 7.511558e-32
1.907000e+01 3.908819e-31
1.908000e+01 1.755899e-31
1.909000e+01 8.138825e-32
1.910000e+01 4.037670e-31
1.911000e+01 8.475208e-32
1.912000e+01 3.301289e-32
1.913000e+01 1.449791e-32
1.914000e+01 5.795544e-32
1.915000e+01 7.281417e-31
1.916000e+01 3.968756e-31
1.917000e+01 7.120012e-31
1.918000e+01 6.434181e-32
1.919000e+01 3.376417e-31
1.920000e+01 6.794804e-32
1.921000e+01 2.438057e-31
1.922000e+01 1.393824e-31
1.923000e+01 2.343925e-31
1.924000e+01 3.573109e-31
1.925000e+01 4.836729e-31
1.926000e+01 2.596469e-31
1.927000e+01 2.877441e-31
1.928000e+01 3.050566e-31
1.929000e+01 3.063375e-32
1.930000e+01 2.975068e-32
1.931000e+01 1.336846e-31
1.932000e+01 4.216401e-31
1.933000e+01 9.400829e-33
1.934000e+01 1.227773e-31
1.935000e+01 1.220147e-31
1.936000e+01 4.748411e-31
1.937000e+01 8.630084e-32
1.938000e+01 9.489925e-32
1.939000e+01 8.821139e-34
1.940000e+01 7.605258e-32
1.941000e+01 2.886996e-32
1.942000e+01 3.426028e-31
1.943000e+01 1.231765e-31
1.944000e+01 3.436531e-31
1.945000e+01 2.538796e-31
1.946000e+01 4.421224e-31
1.947000e+01 1.021092e-33
1.948000e+01 2.774927e-32
1.949000e+01 5.367342e-32
1.950000e+01 1.560934e-32
1.951000e+01 2.998381e-31
1.952000e+01 3.171914e-32
1.953000e+01 1.085952e-31
1.954000e+01 1.627281e-32
1.955000e+01 1.640383e-31
1.956000e+01 3.409811e-31
1.957000e+01 1.410818e-31
1.958000e+01 3.503703e-31
1.959000e+01 9.084804e-32
1.960000e+01 1.495639e-31
1.961000e+01 3.949328e-31
1.962000e+01 6.793641e-31
1.963000e+01 5.246123e-31
1.964000e+01 4.374608e-31
1.965000e+01 2.491277e-31
1.966000e+01 1.299009e-31
1.967000e+01 4.997218e-31
1.968000e+01 6.798060e-31
1.969000e+01 1.956916e-31
1.970000e+01 2.105966e-32
1.971000e+01 9.228893e-32
1.972000e+01 2.701229e-32
1.973000e+01 4.120760e-31
1.974000e+01 1.173586e-31
1.975000e+01 3.233316e-31
1.976000e+01 4.634030e-32
1.977000e+01 2.277166e-32
1.978000e+01 2.019389e-31
1.979000e+01 7.700166e-36
1.980000e+01 1.542647e-31
1.981000e+01 3.615668e-32
1.982000e+01 9.878298e-32
1.983000e+01 3.081128e-32
1.984000e+01 4.083508e-32
1.985000e+01 2.595313e-31
1.986000e+01 1.938499e-31
1.987000e+01 1.203715e-31
1.988000e+01 2.386633e-33
1.989000e+01 1.792728e-31
1.990000e+01 1.600985e-31
1.991000e+01 2.346840e-31
1.992000e+01 3.628859e-31
1.993000e+01 3.830859e-31
1.994000e+01 2.138424e-31
1.995000e+01 3.404960e-31
1.996000e+01 1.301618e-31
1.997000e+01 1.427852e-31
1.998000e+01 2.749634e-31
1.999000e+01 5.130466e-175
