0.000000e+00   1.881351e+00
4.000000e-02   1.881768e+00
6.000000e-02   1.881602e+00
8.000000e-02   1.881135e+00
1.000000e-01   1.880370e+00
1.200000e-01   1.879306e+00
1.400000e-01   1.877945e+00
1.600000e-01   1.876289e+00
1.800000e-01   1.874341e+00
2.000000e-01   1.872102e+00
2.200000e-01   1.869575e+00
2.400000e-01   1.866765e+00
2.600000e-01   1.863675e+00
2.800000e-01   1.860309e+00
3.000000e-01   1.856672e+00
3.200000e-01   1.852768e+00
3.400000e-01   1.848604e+00
3.600000e-01   1.844184e+00
3.800000e-01   1.839516e+00
4.000000e-01   1.834606e+00
4.200000e-01   1.829461e+00
4.400000e-01   1.824088e+00
4.600000e-01   1.818495e+00
4.800000e-01   1.812691e+00
5.000000e-01   1.806683e+00
5.200000e-01   1.800482e+00
5.400000e-01   1.794097e+00
5.600000e-01   1.787537e+00
5.800000e-01   1.780813e+00
6.000000e-01   1.773935e+00
6.200000e-01   1.766915e+00
6.400000e-01   1.759764e+00
6.600000e-01   1.752493e+00
6.800000e-01   1.745116e+00
7.000000e-01   1.737644e+00
7.200000e-01   1.730091e+00
7.400000e-01   1.722469e+00
7.600000e-01   1.714793e+00
7.800000e-01   1.707075e+00
8.000000e-01   1.699331e+00
8.200000e-01   1.691575e+00
8.400000e-01   1.683821e+00
8.600000e-01   1.676085e+00
8.800000e-01   1.668381e+00
9.000000e-01   1.660725e+00
9.200000e-01   1.653131e+00
9.400000e-01   1.645617e+00
9.600000e-01   1.638196e+00
9.800000e-01   1.630886e+00
1.000000e+00   1.623700e+00
1.020000e+00   1.616656e+00
1.040000e+00   1.609768e+00
1.060000e+00   1.603052e+00
1.080000e+00   1.596522e+00
1.100000e+00   1.590194e+00
1.120000e+00   1.584083e+00
1.140000e+00   1.578202e+00
1.160000e+00   1.572565e+00
1.180000e+00   1.567187e+00
1.200000e+00   1.562078e+00
1.220000e+00   1.557254e+00
1.240000e+00   1.552724e+00
1.260000e+00   1.548500e+00
1.280000e+00   1.544593e+00
1.300000e+00   1.541012e+00
1.320000e+00   1.537767e+00
1.340000e+00   1.534865e+00
1.360000e+00   1.532314e+00
1.380000e+00   1.530120e+00
1.400000e+00   1.528289e+00
1.420000e+00   1.526825e+00
1.440000e+00   1.525731e+00
1.460000e+00   1.525012e+00
1.480000e+00   1.524667e+00
1.500000e+00   1.524698e+00
1.520000e+00   1.525105e+00
1.540000e+00   1.525885e+00
1.560000e+00   1.527037e+00
1.580000e+00   1.528557e+00
1.600000e+00   1.530442e+00
1.620000e+00   1.532685e+00
1.640000e+00   1.535282e+00
1.660000e+00   1.538224e+00
1.680000e+00   1.541504e+00
1.700000e+00   1.545114e+00
1.720000e+00   1.549044e+00
1.740000e+00   1.553284e+00
1.760000e+00   1.557824e+00
1.780000e+00   1.562652e+00
1.800000e+00   1.567756e+00
1.820000e+00   1.573124e+00
1.840000e+00   1.578744e+00
1.860000e+00   1.584601e+00
1.880000e+00   1.590682e+00
1.900000e+00   1.596973e+00
1.920000e+00   1.603460e+00
1.940000e+00   1.610129e+00
1.960000e+00   1.616964e+00
1.980000e+00   1.623950e+00
2.000000e+00   1.631074e+00
2.020000e+00   1.638319e+00
2.040000e+00   1.645671e+00
2.060000e+00   1.653115e+00
2.080000e+00   1.660636e+00
2.100000e+00   1.668218e+00
2.120000e+00   1.675848e+00
2.140000e+00   1.683509e+00
2.160000e+00   1.691189e+00
2.180000e+00   1.698871e+00
2.200000e+00   1.706543e+00
2.220000e+00   1.714191e+00
2.240000e+00   1.721799e+00
2.260000e+00   1.729356e+00
2.280000e+00   1.736849e+00
2.300000e+00   1.744263e+00
2.320000e+00   1.751587e+00
2.340000e+00   1.758808e+00
2.360000e+00   1.765914e+00
2.380000e+00   1.772895e+00
2.400000e+00   1.779738e+00
2.420000e+00   1.786432e+00
2.440000e+00   1.792968e+00
2.460000e+00   1.799335e+00
2.480000e+00   1.805522e+00
2.500000e+00   1.811522e+00
2.520000e+00   1.817324e+00
2.540000e+00   1.822920e+00
2.560000e+00   1.828302e+00
2.580000e+00   1.833461e+00
2.600000e+00   1.838391e+00
2.620000e+00   1.843084e+00
2.640000e+00   1.847533e+00
2.660000e+00   1.851732e+00
2.680000e+00   1.855675e+00
2.700000e+00   1.859357e+00
2.720000e+00   1.862771e+00
2.740000e+00   1.865915e+00
2.760000e+00   1.868782e+00
2.780000e+00   1.871370e+00
2.800000e+00   1.873673e+00
2.820000e+00   1.875691e+00
2.840000e+00   1.877418e+00
2.860000e+00   1.878854e+00
2.880000e+00   1.879995e+00
2.900000e+00   1.880841e+00
2.920000e+00   1.881390e+00
2.940000e+00   1.881641e+00
2.960000e+00   1.881594e+00
2.980000e+00   1.881248e+00
3.000000e+00   1.880604e+00
3.020000e+00   1.879663e+00
3.040000e+00   1.878425e+00
3.060000e+00   1.876892e+00
3.080000e+00   1.875066e+00
3.100000e+00   1.872950e+00
3.120000e+00   1.870545e+00
3.140000e+00   1.867855e+00
3.160000e+00   1.864883e+00
3.180000e+00   1.861634e+00
3.200000e+00   1.858111e+00
3.220000e+00   1.854318e+00
3.240000e+00   1.850262e+00
3.260000e+00   1.845947e+00
3.280000e+00   1.841379e+00
3.300000e+00   1.836565e+00
3.320000e+00   1.831511e+00
3.340000e+00   1.826224e+00
3.360000e+00   1.820712e+00
3.380000e+00   1.814982e+00
3.400000e+00   1.809043e+00
3.420000e+00   1.802903e+00
3.440000e+00   1.796572e+00
3.460000e+00   1.790059e+00
3.480000e+00   1.783374e+00
3.500000e+00   1.776527e+00
3.520000e+00   1.769529e+00
3.540000e+00   1.762392e+00
3.560000e+00   1.755126e+00
3.580000e+00   1.747743e+00
3.600000e+00   1.740257e+00
3.620000e+00   1.732679e+00
3.640000e+00   1.725023e+00
3.660000e+00   1.717303e+00
3.680000e+00   1.709531e+00
3.700000e+00   1.701722e+00
3.720000e+00   1.693891e+00
3.740000e+00   1.686053e+00
3.760000e+00   1.678222e+00
3.780000e+00   1.670413e+00
3.800000e+00   1.662643e+00
3.820000e+00   1.654928e+00
3.840000e+00   1.647282e+00
3.860000e+00   1.639723e+00
3.880000e+00   1.632266e+00
3.900000e+00   1.624927e+00
3.920000e+00   1.617724e+00
3.940000e+00   1.610672e+00
3.960000e+00   1.603788e+00
3.980000e+00   1.597087e+00
4.000000e+00   1.590585e+00
4.020000e+00   1.584299e+00
4.040000e+00   1.578243e+00
4.060000e+00   1.572432e+00
4.080000e+00   1.566881e+00
4.100000e+00   1.561604e+00
4.120000e+00   1.556614e+00
4.140000e+00   1.551924e+00
4.160000e+00   1.547547e+00
4.180000e+00   1.543493e+00
4.200000e+00   1.539773e+00
4.220000e+00   1.536398e+00
4.240000e+00   1.533375e+00
4.260000e+00   1.530712e+00
4.280000e+00   1.528418e+00
4.300000e+00   1.526496e+00
4.320000e+00   1.524953e+00
4.340000e+00   1.523792e+00
4.360000e+00   1.523015e+00
4.380000e+00   1.522624e+00
4.400000e+00   1.522620e+00
4.420000e+00   1.523002e+00
4.440000e+00   1.523768e+00
4.460000e+00   1.524916e+00
4.480000e+00   1.526441e+00
4.500000e+00   1.528339e+00
4.520000e+00   1.530604e+00
4.540000e+00   1.533230e+00
4.560000e+00   1.536208e+00
4.580000e+00   1.539530e+00
4.600000e+00   1.543188e+00
4.620000e+00   1.547169e+00
4.640000e+00   1.551465e+00
4.660000e+00   1.556063e+00
4.680000e+00   1.560952e+00
4.700000e+00   1.566118e+00
4.720000e+00   1.571549e+00
4.740000e+00   1.577232e+00
4.760000e+00   1.583151e+00
4.780000e+00   1.589293e+00
4.800000e+00   1.595644e+00
4.820000e+00   1.602189e+00
4.840000e+00   1.608912e+00
4.860000e+00   1.615799e+00
4.880000e+00   1.622835e+00
4.900000e+00   1.630004e+00
4.920000e+00   1.637291e+00
4.940000e+00   1.644681e+00
4.960000e+00   1.652159e+00
4.980000e+00   1.659709e+00
5.000000e+00   1.667318e+00
5.020000e+00   1.674969e+00
5.040000e+00   1.682648e+00
5.060000e+00   1.690342e+00
5.080000e+00   1.698035e+00
5.100000e+00   1.705715e+00
5.120000e+00   1.713366e+00
5.140000e+00   1.720976e+00
5.160000e+00   1.728531e+00
5.180000e+00   1.736020e+00
5.200000e+00   1.743428e+00
5.220000e+00   1.750744e+00
5.240000e+00   1.757956e+00
5.260000e+00   1.765053e+00
5.280000e+00   1.772022e+00
5.300000e+00   1.778854e+00
5.320000e+00   1.785538e+00
5.340000e+00   1.792063e+00
5.360000e+00   1.798420e+00
5.380000e+00   1.804599e+00
5.400000e+00   1.810591e+00
5.420000e+00   1.816388e+00
5.440000e+00   1.821980e+00
5.460000e+00   1.827361e+00
5.480000e+00   1.832522e+00
5.500000e+00   1.837456e+00
5.520000e+00   1.842156e+00
5.540000e+00   1.846616e+00
5.560000e+00   1.850829e+00
5.580000e+00   1.854790e+00
5.600000e+00   1.858493e+00
5.620000e+00   1.861933e+00
5.640000e+00   1.865106e+00
5.660000e+00   1.868008e+00
5.680000e+00   1.870633e+00
5.700000e+00   1.872979e+00
5.720000e+00   1.875043e+00
5.740000e+00   1.876822e+00
5.760000e+00   1.878313e+00
5.780000e+00   1.879514e+00
5.800000e+00   1.880424e+00
5.820000e+00   1.881041e+00
5.840000e+00   1.881364e+00
5.860000e+00   1.881393e+00
5.880000e+00   1.881128e+00
5.900000e+00   1.880568e+00
5.920000e+00   1.879714e+00
5.940000e+00   1.878568e+00
5.960000e+00   1.877130e+00
5.980000e+00   1.875402e+00
6.000000e+00   1.873386e+00
6.020000e+00   1.871085e+00
6.040000e+00   1.868501e+00
6.060000e+00   1.865638e+00
6.080000e+00   1.862500e+00
6.100000e+00   1.859089e+00
6.120000e+00   1.855411e+00
6.140000e+00   1.851470e+00
6.160000e+00   1.847272e+00
6.180000e+00   1.842822e+00
6.200000e+00   1.838125e+00
6.220000e+00   1.833189e+00
6.240000e+00   1.828020e+00
6.260000e+00   1.822625e+00
6.280000e+00   1.817012e+00
6.300000e+00   1.811187e+00
6.320000e+00   1.805161e+00
6.340000e+00   1.798941e+00
6.360000e+00   1.792536e+00
6.380000e+00   1.785957e+00
6.400000e+00   1.779212e+00
6.420000e+00   1.772312e+00
6.440000e+00   1.765268e+00
6.460000e+00   1.758091e+00
6.480000e+00   1.750792e+00
6.500000e+00   1.743383e+00
6.520000e+00   1.735876e+00
6.540000e+00   1.728283e+00
6.560000e+00   1.720618e+00
6.580000e+00   1.712894e+00
6.600000e+00   1.705124e+00
6.620000e+00   1.697323e+00
6.640000e+00   1.689504e+00
6.660000e+00   1.681682e+00
6.680000e+00   1.673872e+00
6.700000e+00   1.666089e+00
6.720000e+00   1.658348e+00
6.740000e+00   1.650665e+00
6.760000e+00   1.643055e+00
6.780000e+00   1.635535e+00
6.800000e+00   1.628121e+00
6.820000e+00   1.620828e+00
6.840000e+00   1.613673e+00
6.860000e+00   1.606672e+00
6.880000e+00   1.599841e+00
6.900000e+00   1.593196e+00
6.920000e+00   1.586754e+00
6.940000e+00   1.580529e+00
6.960000e+00   1.574538e+00
6.980000e+00   1.568795e+00
7.000000e+00   1.563316e+00
7.020000e+00   1.558114e+00
7.040000e+00   1.553204e+00
7.060000e+00   1.548599e+00
7.080000e+00   1.544310e+00
7.100000e+00   1.540352e+00
7.120000e+00   1.536733e+00
7.140000e+00   1.533465e+00
7.160000e+00   1.530557e+00
7.180000e+00   1.528018e+00
7.200000e+00   1.525854e+00
7.220000e+00   1.524072e+00
7.240000e+00   1.522677e+00
7.260000e+00   1.521673e+00
7.280000e+00   1.521063e+00
7.300000e+00   1.520848e+00
7.320000e+00   1.521030e+00
7.340000e+00   1.521607e+00
7.360000e+00   1.522577e+00
7.380000e+00   1.523938e+00
7.400000e+00   1.525685e+00
7.420000e+00   1.527812e+00
7.440000e+00   1.530314e+00
7.460000e+00   1.533182e+00
7.480000e+00   1.536409e+00
7.500000e+00   1.539984e+00
7.520000e+00   1.543899e+00
7.540000e+00   1.548140e+00
7.560000e+00   1.552698e+00
7.580000e+00   1.557559e+00
7.600000e+00   1.562710e+00
7.620000e+00   1.568138e+00
7.640000e+00   1.573828e+00
7.660000e+00   1.579766e+00
7.680000e+00   1.585936e+00
7.700000e+00   1.592325e+00
7.720000e+00   1.598915e+00
7.740000e+00   1.605693e+00
7.760000e+00   1.612640e+00
7.780000e+00   1.619743e+00
7.800000e+00   1.626985e+00
7.820000e+00   1.634350e+00
7.840000e+00   1.641821e+00
7.860000e+00   1.649384e+00
7.880000e+00   1.657023e+00
7.900000e+00   1.664722e+00
7.920000e+00   1.672466e+00
7.940000e+00   1.680239e+00
7.960000e+00   1.688027e+00
7.980000e+00   1.695815e+00
8.000000e+00   1.703588e+00
8.020000e+00   1.711333e+00
