    0.000000      0.03021228
    0.002500      0.03021228
    0.005000      0.03021220
    0.007500      0.03021206
    0.010000      0.03021186
    0.012500      0.03021161
    0.015000      0.03021130
    0.017500      0.03021094
    0.020000      0.03021052
    0.022500      0.03021004
    0.025000      0.03020951
    0.027500      0.03020892
    0.030000      0.03020827
    0.032500      0.03020757
    0.035000      0.03020681
    0.037500      0.03020600
    0.040000      0.03020513
    0.042500      0.03020420
    0.045000      0.03020322
    0.047500      0.03020218
    0.050000      0.03020109
    0.052500      0.03019993
    0.055000      0.03019873
    0.057500      0.03019746
    0.060000      0.03019614
    0.062500      0.03019477
    0.065000      0.03019334
    0.067500      0.03019185
    0.070000      0.03019031
    0.072500      0.03018871
    0.075000      0.03018705
    0.077500      0.03018534
    0.080000      0.03018357
    0.082500      0.03018174
    0.085000      0.03017986
    0.087500      0.03017792
    0.090000      0.03017593
    0.092500      0.03017388
    0.095000      0.03017177
    0.097500      0.03016961
    0.100000      0.03016739
    0.102500      0.03016512
    0.105000      0.03016279
    0.107500      0.03016040
    0.110000      0.03015796
    0.112500      0.03015546
    0.115000      0.03015290
    0.117500      0.03015029
    0.120000      0.03014762
    0.122500      0.03014490
    0.125000      0.03014212
    0.127500      0.03013928
    0.130000      0.03013639
    0.132500      0.03013344
    0.135000      0.03013043
    0.137500      0.03012737
    0.140000      0.03012425
    0.142500      0.03012108
    0.145000      0.03011784
    0.147500      0.03011456
    0.150000      0.03011121
    0.152500      0.03010781
    0.155000      0.03010436
    0.157500      0.03010084
    0.160000      0.03009728
    0.162500      0.03009365
    0.165000      0.03008997
    0.167500      0.03008623
    0.170000      0.03008243
    0.172500      0.03007858
    0.175000      0.03007468
    0.177500      0.03007071
    0.180000      0.03006669
    0.182500      0.03006262
    0.185000      0.03005848
    0.187500      0.03005429
    0.190000      0.03005005
    0.192500      0.03004574
    0.195000      0.03004139
    0.197500      0.03003697
    0.200000      0.03003250
    0.202500      0.03002797
    0.205000      0.03002339
    0.207500      0.03001874
    0.210000      0.03001405
    0.212500      0.03000929
    0.215000      0.03000448
    0.217500      0.02999961
    0.220000      0.02999469
    0.222500      0.02998971
    0.225000      0.02998467
    0.227500      0.02997958
    0.230000      0.02997443
    0.232500      0.02996922
    0.235000      0.02996396
    0.237500      0.02995864
    0.240000      0.02995326
    0.242500      0.02994783
    0.245000      0.02994234
    0.247500      0.02993679
    0.250000      0.02993119
    0.252500      0.02992553
    0.255000      0.02991981
    0.257500      0.02991404
    0.260000      0.02990821
    0.262500      0.02990232
    0.265000      0.02989638
    0.267500      0.02989038
    0.270000      0.02988432
    0.272500      0.02987821
    0.275000      0.02987204
    0.277500      0.02986581
    0.280000      0.02985953
    0.282500      0.02985318
    0.285000      0.02984679
    0.287500      0.02984033
    0.290000      0.02983382
    0.292500      0.02982725
    0.295000      0.02982063
    0.297500      0.02981394
    0.300000      0.02980720
    0.302500      0.02980041
    0.305000      0.02979356
    0.307500      0.02978665
    0.310000      0.02977968
    0.312500      0.02977265
    0.315000      0.02976557
    0.317500      0.02975844
    0.320000      0.02975124
    0.322500      0.02974399
    0.325000      0.02973668
    0.327500      0.02972931
    0.330000      0.02972189
    0.332500      0.02971441
    0.335000      0.02970687
    0.337500      0.02969928
    0.340000      0.02969163
    0.342500      0.02968392
    0.345000      0.02967615
    0.347500      0.02966833
    0.350000      0.02966045
    0.352500      0.02965251
    0.355000      0.02964452
    0.357500      0.02963646
    0.360000      0.02962835
    0.362500      0.02962019
    0.365000      0.02961196
    0.367500      0.02960368
    0.370000      0.02959534
    0.372500      0.02958695
    0.375000      0.02957849
    0.377500      0.02956998
    0.380000      0.02956142
    0.382500      0.02955279
    0.385000      0.02954411
    0.387500      0.02953537
    0.390000      0.02952657
    0.392500      0.02951771
    0.395000      0.02950880
    0.397500      0.02949983
    0.400000      0.02949080
    0.402500      0.02948172
    0.405000      0.02947257
    0.407500      0.02946337
    0.410000      0.02945412
    0.412500      0.02944480
    0.415000      0.02943543
    0.417500      0.02942600
    0.420000      0.02941651
    0.422500      0.02940696
    0.425000      0.02939736
    0.427500      0.02938769
    0.430000      0.02937797
    0.432500      0.02936820
    0.435000      0.02935836
    0.437500      0.02934847
    0.440000      0.02933852
    0.442500      0.02932851
    0.445000      0.02931844
    0.447500      0.02930832
    0.450000      0.02929814
    0.452500      0.02928790
    0.455000      0.02927760
    0.457500      0.02926724
    0.460000      0.02925683
    0.462500      0.02924636
    0.465000      0.02923583
    0.467500      0.02922524
    0.470000      0.02921459
    0.472500      0.02920389
    0.475000      0.02919312
    0.477500      0.02918230
    0.480000      0.02917142
    0.482500      0.02916049
    0.485000      0.02914949
    0.487500      0.02913844
    0.490000      0.02912733
    0.492500      0.02911616
    0.495000      0.02910493
    0.497500      0.02909364
    0.500000      0.02908230
    0.502500      0.02907089
    0.505000      0.02905943
    0.507500      0.02904791
    0.510000      0.02903633
    0.512500      0.02902470
    0.515000      0.02901300
    0.517500      0.02900125
    0.520000      0.02898944
    0.522500      0.02897757
    0.525000      0.02896564
    0.527500      0.02895365
    0.530000      0.02894160
    0.532500      0.02892950
    0.535000      0.02891733
    0.537500      0.02890511
    0.540000      0.02889283
    0.542500      0.02888049
    0.545000      0.02886809
    0.547500      0.02885563
    0.550000      0.02884312
    0.552500      0.02883054
    0.555000      0.02881791
    0.557500      0.02880522
    0.560000      0.02879246
    0.562500      0.02877965
    0.565000      0.02876678
    0.567500      0.02875386
    0.570000      0.02874087
    0.572500      0.02872782
    0.575000      0.02871472
    0.577500      0.02870155
    0.580000      0.02868833
    0.582500      0.02867504
    0.585000      0.02866170
    0.587500      0.02864830
    0.590000      0.02863484
    0.592500      0.02862132
    0.595000      0.02860774
    0.597500      0.02859411
    0.600000      0.02858041
    0.602500      0.02856665
    0.605000      0.02855284
    0.607500      0.02853896
    0.610000      0.02852503
    0.612500      0.02851103
    0.615000      0.02849698
    0.617500      0.02848286
    0.620000      0.02846869
    0.622500      0.02845446
    0.625000      0.02844017
    0.627500      0.02842582
    0.630000      0.02841141
    0.632500      0.02839694
    0.635000      0.02838241
    0.637500      0.02836782
    0.640000      0.02835317
    0.642500      0.02833846
    0.645000      0.02832369
    0.647500      0.02830886
    0.650000      0.02829397
    0.652500      0.02827902
    0.655000      0.02826401
    0.657500      0.02824894
    0.660000      0.02823382
    0.662500      0.02821863
    0.665000      0.02820338
    0.667500      0.02818807
    0.670000      0.02817270
    0.672500      0.02815727
    0.675000      0.02814179
    0.677500      0.02812624
    0.680000      0.02811063
    0.682500      0.02809496
    0.685000      0.02807923
    0.687500      0.02806344
    0.690000      0.02804759
    0.692500      0.02803168
    0.695000      0.02801571
    0.697500      0.02799968
    0.700000      0.02798359
    0.702500      0.02796743
    0.705000      0.02795122
    0.707500      0.02793495
    0.710000      0.02791862
    0.712500      0.02790222
    0.715000      0.02788577
    0.717500      0.02786925
    0.720000      0.02785268
    0.722500      0.02783604
    0.725000      0.02781934
    0.727500      0.02780259
    0.730000      0.02778577
    0.732500      0.02776889
    0.735000      0.02775195
    0.737500      0.02773495
    0.740000      0.02771788
    0.742500      0.02770076
    0.745000      0.02768358
    0.747500      0.02766633
    0.750000      0.02764903
    0.752500      0.02763166
    0.755000      0.02761423
    0.757500      0.02759674
    0.760000      0.02757919
    0.762500      0.02756158
    0.765000      0.02754391
    0.767500      0.02752618
    0.770000      0.02750838
    0.772500      0.02749053
    0.775000      0.02747261
    0.777500      0.02745463
    0.780000      0.02743659
    0.782500      0.02741849
    0.785000      0.02740033
    0.787500      0.02738210
    0.790000      0.02736382
    0.792500      0.02734547
    0.795000      0.02732706
    0.797500      0.02730859
    0.800000      0.02729006
    0.802500      0.02727146
    0.805000      0.02725281
    0.807500      0.02723409
    0.810000      0.02721531
    0.812500      0.02719647
    0.815000      0.02717757
    0.817500      0.02715861
    0.820000      0.02713958
    0.822500      0.02712049
    0.825000      0.02710134
    0.827500      0.02708213
    0.830000      0.02706286
    0.832500      0.02704352
    0.835000      0.02702412
    0.837500      0.02700466
    0.840000      0.02698514
    0.842500      0.02696556
    0.845000      0.02694591
    0.847500      0.02692620
    0.850000      0.02690643
    0.852500      0.02688660
    0.855000      0.02686670
    0.857500      0.02684675
    0.860000      0.02682673
    0.862500      0.02680664
    0.865000      0.02678650
    0.867500      0.02676629
    0.870000      0.02674602
    0.872500      0.02672569
    0.875000      0.02670530
    0.877500      0.02668484
    0.880000      0.02666432
    0.882500      0.02664374
    0.885000      0.02662309
    0.887500      0.02660238
    0.890000      0.02658161
    0.892500      0.02656078
    0.895000      0.02653988
    0.897500      0.02651893
    0.900000      0.02649790
    0.902500      0.02647682
    0.905000      0.02645567
    0.907500      0.02643446
    0.910000      0.02641319
    0.912500      0.02639185
    0.915000      0.02637046
    0.917500      0.02634899
    0.920000      0.02632747
    0.922500      0.02630588
    0.925000      0.02628423
    0.927500      0.02626251
    0.930000      0.02624074
    0.932500      0.02621890
    0.935000      0.02619699
    0.937500      0.02617503
    0.940000      0.02615299
    0.942500      0.02613090
    0.945000      0.02610874
    0.947500      0.02608652
    0.950000      0.02606424
    0.952500      0.02604189
    0.955000      0.02601948
    0.957500      0.02599701
    0.960000      0.02597447
    0.962500      0.02595187
    0.965000      0.02592920
    0.967500      0.02590648
    0.970000      0.02588368
    0.972500      0.02586083
    0.975000      0.02583791
    0.977500      0.02581493
    0.980000      0.02579188
    0.982500      0.02576877
    0.985000      0.02574560
    0.987500      0.02572236
    0.990000      0.02569906
    0.992500      0.02567569
    0.995000      0.02565226
    0.997500      0.02562877
    1.000000      0.02560521
    1.002500      0.02558159
    1.005000      0.02555791
    1.007500      0.02553416
    1.010000      0.02551034
    1.012500      0.02548647
    1.015000      0.02546253
    1.017500      0.02543852
    1.020000      0.02541445
    1.022500      0.02539032
    1.025000      0.02536612
    1.027500      0.02534186
    1.030000      0.02531754
    1.032500      0.02529315
    1.035000      0.02526869
    1.037500      0.02524418
    1.040000      0.02521959
    1.042500      0.02519495
    1.045000      0.02517024
    1.047500      0.02514546
    1.050000      0.02512062
    1.052500      0.02509572
    1.055000      0.02507075
    1.057500      0.02504572
    1.060000      0.02502062
    1.062500      0.02499546
    1.065000      0.02497023
    1.067500      0.02494494
    1.070000      0.02491959
    1.072500      0.02489417
    1.075000      0.02486869
    1.077500      0.02484314
    1.080000      0.02481753
    1.082500      0.02479185
    1.085000      0.02476611
    1.087500      0.02474030
    1.090000      0.02471443
    1.092500      0.02468849
    1.095000      0.02466249
    1.097500      0.02463643
    1.100000      0.02461030
    1.102500      0.02458411
    1.105000      0.02455785
    1.107500      0.02453153
    1.110000      0.02450514
    1.112500      0.02447869
    1.115000      0.02445217
    1.117500      0.02442559
    1.120000      0.02439894
    1.122500      0.02437223
    1.125000      0.02434545
    1.127500      0.02431861
    1.130000      0.02429171
    1.132500      0.02426474
    1.135000      0.02423770
    1.137500      0.02421060
    1.140000      0.02418344
    1.142500      0.02415621
    1.145000      0.02412892
    1.147500      0.02410156
    1.150000      0.02407413
    1.152500      0.02404665
    1.155000      0.02401909
    1.157500      0.02399148
    1.160000      0.02396379
    1.162500      0.02393605
    1.165000      0.02390824
    1.167500      0.02388036
    1.170000      0.02385242
    1.172500      0.02382441
    1.175000      0.02379634
    1.177500      0.02376821
    1.180000      0.02374000
    1.182500      0.02371174
    1.185000      0.02368341
    1.187500      0.02365502
    1.190000      0.02362656
    1.192500      0.02359803
    1.195000      0.02356944
    1.197500      0.02354079
    1.200000      0.02351207
    1.202500      0.02348329
    1.205000      0.02345444
    1.207500      0.02342553
    1.210000      0.02339655
    1.212500      0.02336751
    1.215000      0.02333841
    1.217500      0.02330924
    1.220000      0.02328000
    1.222500      0.02325070
    1.225000      0.02322134
    1.227500      0.02319191
    1.230000      0.02316242
    1.232500      0.02313286
    1.235000      0.02310324
    1.237500      0.02307355
    1.240000      0.02304380
    1.242500      0.02301398
    1.245000      0.02298410
    1.247500      0.02295416
    1.250000      0.02292415
    1.252500      0.02289408
    1.255000      0.02286394
    1.257500      0.02283374
    1.260000      0.02280347
    1.262500      0.02277314
    1.265000      0.02274275
    1.267500      0.02271229
    1.270000      0.02268177
    1.272500      0.02265118
    1.275000      0.02262053
    1.277500      0.02258982
    1.280000      0.02255904
    1.282500      0.02252819
    1.285000      0.02249729
    1.287500      0.02246632
    1.290000      0.02243528
    1.292500      0.02240419
    1.295000      0.02237302
    1.297500      0.02234180
    1.300000      0.02231051
    1.302500      0.02227916
    1.305000      0.02224774
    1.307500      0.02221626
    1.310000      0.02218472
    1.312500      0.02215311
    1.315000      0.02212144
    1.317500      0.02208970
    1.320000      0.02205791
    1.322500      0.02202605
    1.325000      0.02199412
    1.327500      0.02196214
    1.330000      0.02193009
    1.332500      0.02189797
    1.335000      0.02186580
    1.337500      0.02183356
    1.340000      0.02180126
    1.342500      0.02176889
    1.345000      0.02173646
    1.347500      0.02170397
    1.350000      0.02167142
    1.352500      0.02163881
    1.355000      0.02160613
    1.357500      0.02157339
    1.360000      0.02154059
    1.362500      0.02150772
    1.365000      0.02147479
    1.367500      0.02144180
    1.370000      0.02140875
    1.372500      0.02137564
    1.375000      0.02134246
    1.377500      0.02130923
    1.380000      0.02127593
    1.382500      0.02124257
    1.385000      0.02120915
    1.387500      0.02117566
    1.390000      0.02114212
    1.392500      0.02110851
    1.395000      0.02107484
    1.397500      0.02104111
    1.400000      0.02100732
    1.402500      0.02097347
    1.405000      0.02093956
    1.407500      0.02090559
    1.410000      0.02087155
    1.412500      0.02083746
    1.415000      0.02080330
    1.417500      0.02076909
    1.420000      0.02073481
    1.422500      0.02070047
    1.425000      0.02066608
    1.427500      0.02063162
    1.430000      0.02059711
    1.432500      0.02056253
    1.435000      0.02052789
    1.437500      0.02049320
    1.440000      0.02045844
    1.442500      0.02042363
    1.445000      0.02038876
    1.447500      0.02035382
    1.450000      0.02031883
    1.452500      0.02028378
    1.455000      0.02024867
    1.457500      0.02021350
    1.460000      0.02017827
    1.462500      0.02014299
    1.465000      0.02010764
    1.467500      0.02007224
    1.470000      0.02003678
    1.472500      0.02000127
    1.475000      0.01996569
    1.477500      0.01993006
    1.480000      0.01989437
    1.482500      0.01985862
    1.485000      0.01982281
    1.487500      0.01978695
    1.490000      0.01975103
    1.492500      0.01971505
    1.495000      0.01967902
    1.497500      0.01964293
    1.500000      0.01960678
    1.502500      0.01957058
    1.505000      0.01953432
    1.507500      0.01949801
    1.510000      0.01946164
    1.512500      0.01942521
    1.515000      0.01938873
    1.517500      0.01935220
    1.520000      0.01931560
    1.522500      0.01927896
    1.525000      0.01924226
    1.527500      0.01920550
    1.530000      0.01916869
    1.532500      0.01913183
    1.535000      0.01909491
    1.537500      0.01905794
    1.540000      0.01902091
    1.542500      0.01898383
    1.545000      0.01894670
    1.547500      0.01890951
    1.550000      0.01887227
    1.552500      0.01883498
    1.555000      0.01879763
    1.557500      0.01876024
    1.560000      0.01872279
    1.562500      0.01868529
    1.565000      0.01864773
    1.567500      0.01861013
    1.570000      0.01857247
    1.572500      0.01853476
    1.575000      0.01849701
    1.577500      0.01845920
    1.580000      0.01842134
    1.582500      0.01838343
    1.585000      0.01834547
    1.587500      0.01830746
    1.590000      0.01826940
    1.592500      0.01823129
    1.595000      0.01819313
    1.597500      0.01815492
    1.600000      0.01811666
    1.602500      0.01807836
    1.605000      0.01804000
    1.607500      0.01800160
    1.610000      0.01796315
    1.612500      0.01792465
    1.615000      0.01788611
    1.617500      0.01784752
    1.620000      0.01780888
    1.622500      0.01777019
    1.625000      0.01773146
    1.627500      0.01769268
    1.630000      0.01765385
    1.632500      0.01761498
    1.635000      0.01757607
    1.637500      0.01753711
    1.640000      0.01749810
    1.642500      0.01745905
    1.645000      0.01741996
    1.647500      0.01738082
    1.650000      0.01734164
    1.652500      0.01730241
    1.655000      0.01726314
    1.657500      0.01722383
    1.660000      0.01718447
    1.662500      0.01714507
    1.665000      0.01710563
    1.667500      0.01706615
    1.670000      0.01702663
    1.672500      0.01698706
    1.675000      0.01694746
    1.677500      0.01690781
    1.680000      0.01686812
    1.682500      0.01682840
    1.685000      0.01678863
    1.687500      0.01674882
    1.690000      0.01670898
    1.692500      0.01666909
    1.695000      0.01662917
    1.697500      0.01658921
    1.700000      0.01654921
    1.702500      0.01650917
    1.705000      0.01646909
    1.707500      0.01642898
    1.710000      0.01638883
    1.712500      0.01634865
    1.715000      0.01630843
    1.717500      0.01626817
    1.720000      0.01622788
    1.722500      0.01618755
    1.725000      0.01614719
    1.727500      0.01610680
    1.730000      0.01606637
    1.732500      0.01602590
    1.735000      0.01598541
    1.737500      0.01594488
    1.740000      0.01590431
    1.742500      0.01586372
    1.745000      0.01582309
    1.747500      0.01578244
    1.750000      0.01574175
    1.752500      0.01570103
    1.755000      0.01566028
    1.757500      0.01561950
    1.760000      0.01557869
    1.762500      0.01553785
    1.765000      0.01549698
    1.767500      0.01545608
    1.770000      0.01541515
    1.772500      0.01537420
    1.775000      0.01533322
    1.777500      0.01529221
    1.780000      0.01525118
    1.782500      0.01521012
    1.785000      0.01516903
    1.787500      0.01512792
    1.790000      0.01508678
    1.792500      0.01504562
    1.795000      0.01500444
    1.797500      0.01496323
    1.800000      0.01492199
    1.802500      0.01488074
    1.805000      0.01483946
    1.807500      0.01479816
    1.810000      0.01475684
    1.812500      0.01471549
    1.815000      0.01467413
    1.817500      0.01463274
    1.820000      0.01459134
    1.822500      0.01454991
    1.825000      0.01450847
    1.827500      0.01446700
    1.830000      0.01442552
    1.832500      0.01438402
    1.835000      0.01434251
    1.837500      0.01430097
    1.840000      0.01425942
    1.842500      0.01421785
    1.845000      0.01417627
    1.847500      0.01413467
    1.850000      0.01409306
    1.852500      0.01405144
    1.855000      0.01400979
    1.857500      0.01396814
    1.860000      0.01392647
    1.862500      0.01388479
    1.865000      0.01384310
    1.867500      0.01380140
    1.870000      0.01375968
    1.872500      0.01371796
    1.875000      0.01367622
    1.877500      0.01363448
    1.880000      0.01359273
    1.882500      0.01355096
    1.885000      0.01350919
    1.887500      0.01346741
    1.890000      0.01342563
    1.892500      0.01338384
    1.895000      0.01334204
    1.897500      0.01330023
    1.900000      0.01325842
    1.902500      0.01321661
    1.905000      0.01317479
    1.907500      0.01313296
    1.910000      0.01309114
    1.912500      0.01304931
    1.915000      0.01300748
    1.917500      0.01296564
    1.920000      0.01292381
    1.922500      0.01288197
    1.925000      0.01284014
    1.927500      0.01279830
    1.930000      0.01275647
    1.932500      0.01271463
    1.935000      0.01267280
    1.937500      0.01263097
    1.940000      0.01258915
    1.942500      0.01254732
    1.945000      0.01250551
    1.947500      0.01246369
    1.950000      0.01242188
    1.952500      0.01238008
    1.955000      0.01233828
    1.957500      0.01229649
    1.960000      0.01225470
    1.962500      0.01221293
    1.965000      0.01217116
    1.967500      0.01212940
    1.970000      0.01208765
    1.972500      0.01204590
    1.975000      0.01200417
    1.977500      0.01196245
    1.980000      0.01192074
    1.982500      0.01187905
    1.985000      0.01183736
    1.987500      0.01179569
    1.990000      0.01175404
    1.992500      0.01171239
    1.995000      0.01167076
    1.997500      0.01162915
    2.000000      0.01158755
    2.002500      0.01154597
    2.005000      0.01150441
    2.007500      0.01146286
    2.010000      0.01142133
    2.012500      0.01137982
    2.015000      0.01133833
    2.017500      0.01129686
    2.020000      0.01125541
    2.022500      0.01121398
    2.025000      0.01117257
    2.027500      0.01113118
    2.030000      0.01108982
    2.032500      0.01104848
    2.035000      0.01100716
    2.037500      0.01096587
    2.040000      0.01092460
    2.042500      0.01088336
    2.045000      0.01084214
    2.047500      0.01080095
    2.050000      0.01075979
    2.052500      0.01071865
    2.055000      0.01067754
    2.057500      0.01063646
    2.060000      0.01059542
    2.062500      0.01055440
    2.065000      0.01051341
    2.067500      0.01047245
    2.070000      0.01043152
    2.072500      0.01039063
    2.075000      0.01034977
    2.077500      0.01030894
    2.080000      0.01026815
    2.082500      0.01022739
    2.085000      0.01018667
    2.087500      0.01014598
    2.090000      0.01010533
    2.092500      0.01006472
    2.095000      0.01002414
    2.097500      0.00998360
    2.100000      0.00994310
    2.102500      0.00990264
    2.105000      0.00986222
    2.107500      0.00982184
    2.110000      0.00978150
    2.112500      0.00974120
    2.115000      0.00970095
    2.117500      0.00966074
    2.120000      0.00962057
    2.122500      0.00958044
    2.125000      0.00954036
    2.127500      0.00950032
    2.130000      0.00946033
    2.132500      0.00942039
    2.135000      0.00938049
    2.137500      0.00934064
    2.140000      0.00930083
    2.142500      0.00926108
    2.145000      0.00922137
    2.147500      0.00918172
    2.150000      0.00914211
    2.152500      0.00910256
    2.155000      0.00906305
    2.157500      0.00902360
    2.160000      0.00898420
    2.162500      0.00894486
    2.165000      0.00890556
    2.167500      0.00886633
    2.170000      0.00882714
    2.172500      0.00878801
    2.175000      0.00874894
    2.177500      0.00870992
    2.180000      0.00867096
    2.182500      0.00863206
    2.185000      0.00859322
    2.187500      0.00855443
    2.190000      0.00851571
    2.192500      0.00847704
    2.195000      0.00843843
    2.197500      0.00839989
    2.200000      0.00836141
    2.202500      0.00832298
    2.205000      0.00828462
    2.207500      0.00824633
    2.210000      0.00820809
    2.212500      0.00816992
    2.215000      0.00813182
    2.217500      0.00809378
    2.220000      0.00805581
    2.222500      0.00801790
    2.225000      0.00798006
    2.227500      0.00794229
    2.230000      0.00790458
    2.232500      0.00786694
    2.235000      0.00782938
    2.237500      0.00779188
    2.240000      0.00775445
    2.242500      0.00771709
    2.245000      0.00767980
    2.247500      0.00764259
    2.250000      0.00760544
    2.252500      0.00756837
    2.255000      0.00753137
    2.257500      0.00749445
    2.260000      0.00745760
    2.262500      0.00742082
    2.265000      0.00738412
    2.267500      0.00734750
    2.270000      0.00731095
    2.272500      0.00727447
    2.275000      0.00723808
    2.277500      0.00720176
    2.280000      0.00716552
    2.282500      0.00712935
    2.285000      0.00709327
    2.287500      0.00705727
    2.290000      0.00702134
    2.292500      0.00698550
    2.295000      0.00694974
    2.297500      0.00691405
    2.300000      0.00687845
    2.302500      0.00684294
    2.305000      0.00680750
    2.307500      0.00677215
    2.310000      0.00673688
    2.312500      0.00670170
    2.315000      0.00666660
    2.317500      0.00663158
    2.320000      0.00659665
    2.322500      0.00656181
    2.325000      0.00652705
    2.327500      0.00649238
    2.330000      0.00645780
    2.332500      0.00642330
    2.335000      0.00638889
    2.337500      0.00635457
    2.340000      0.00632034
    2.342500      0.00628620
    2.345000      0.00625215
    2.347500      0.00621818
    2.350000      0.00618431
    2.352500      0.00615053
    2.355000      0.00611684
    2.357500      0.00608324
    2.360000      0.00604973
    2.362500      0.00601632
    2.365000      0.00598300
    2.367500      0.00594977
    2.370000      0.00591663
    2.372500      0.00588359
    2.375000      0.00585064
    2.377500      0.00581779
    2.380000      0.00578503
    2.382500      0.00575237
    2.385000      0.00571980
    2.387500      0.00568733
    2.390000      0.00565496
    2.392500      0.00562268
    2.395000      0.00559050
    2.397500      0.00555841
    2.400000      0.00552643
    2.402500      0.00549454
    2.405000      0.00546275
    2.407500      0.00543106
    2.410000      0.00539947
    2.412500      0.00536797
    2.415000      0.00533658
    2.417500      0.00530528
    2.420000      0.00527409
    2.422500      0.00524300
    2.425000      0.00521200
    2.427500      0.00518111
    2.430000      0.00515032
    2.432500      0.00511963
    2.435000      0.00508904
    2.437500      0.00505856
    2.440000      0.00502817
    2.442500      0.00499789
    2.445000      0.00496772
    2.447500      0.00493764
    2.450000      0.00490767
    2.452500      0.00487780
    2.455000      0.00484804
    2.457500      0.00481838
    2.460000      0.00478882
    2.462500      0.00475937
    2.465000      0.00473002
    2.467500      0.00470078
    2.470000      0.00467165
    2.472500      0.00464261
    2.475000      0.00461369
    2.477500      0.00458487
    2.480000      0.00455615
    2.482500      0.00452755
    2.485000      0.00449904
    2.487500      0.00447065
    2.490000      0.00444236
    2.492500      0.00441418
    2.495000      0.00438610
    2.497500      0.00435814
    2.500000      0.00433028
    2.502500      0.00430252
    2.505000      0.00427488
    2.507500      0.00424734
    2.510000      0.00421991
    2.512500      0.00419259
    2.515000      0.00416538
    2.517500      0.00413827
    2.520000      0.00411127
    2.522500      0.00408439
    2.525000      0.00405761
    2.527500      0.00403094
    2.530000      0.00400437
    2.532500      0.00397792
    2.535000      0.00395158
    2.537500      0.00392534
    2.540000      0.00389922
    2.542500      0.00387320
    2.545000      0.00384730
    2.547500      0.00382150
    2.550000      0.00379581
    2.552500      0.00377023
    2.555000      0.00374476
    2.557500      0.00371941
    2.560000      0.00369416
    2.562500      0.00366902
    2.565000      0.00364399
    2.567500      0.00361907
    2.570000      0.00359426
    2.572500      0.00356956
    2.575000      0.00354497
    2.577500      0.00352049
    2.580000      0.00349612
    2.582500      0.00347186
    2.585000      0.00344772
    2.587500      0.00342368
    2.590000      0.00339975
    2.592500      0.00337593
    2.595000      0.00335222
    2.597500      0.00332862
    2.600000      0.00330513
    2.602500      0.00328175
    2.605000      0.00325849
    2.607500      0.00323533
    2.610000      0.00321228
    2.612500      0.00318934
    2.615000      0.00316651
    2.617500      0.00314379
    2.620000      0.00312118
    2.622500      0.00309868
    2.625000      0.00307629
    2.627500      0.00305401
    2.630000      0.00303184
    2.632500      0.00300978
    2.635000      0.00298783
    2.637500      0.00296598
    2.640000      0.00294425
    2.642500      0.00292262
    2.645000      0.00290111
    2.647500      0.00287970
    2.650000      0.00285840
    2.652500      0.00283721
    2.655000      0.00281613
    2.657500      0.00279516
    2.660000      0.00277430
    2.662500      0.00275354
    2.665000      0.00273289
    2.667500      0.00271236
    2.670000      0.00269192
    2.672500      0.00267160
    2.675000      0.00265138
    2.677500      0.00263128
    2.680000      0.00261127
    2.682500      0.00259138
    2.685000      0.00257159
    2.687500      0.00255191
    2.690000      0.00253234
    2.692500      0.00251287
    2.695000      0.00249351
    2.697500      0.00247426
    2.700000      0.00245511
    2.702500      0.00243607
    2.705000      0.00241713
    2.707500      0.00239830
    2.710000      0.00237957
    2.712500      0.00236095
    2.715000      0.00234244
    2.717500      0.00232403
    2.720000      0.00230572
    2.722500      0.00228752
    2.725000      0.00226942
    2.727500      0.00225143
    2.730000      0.00223354
    2.732500      0.00221575
    2.735000      0.00219807
    2.737500      0.00218049
    2.740000      0.00216301
    2.742500      0.00214563
    2.745000      0.00212836
    2.747500      0.00211119
    2.750000      0.00209412
    2.752500      0.00207715
    2.755000      0.00206029
    2.757500      0.00204352
    2.760000      0.00202686
    2.762500      0.00201030
    2.765000      0.00199383
    2.767500      0.00197747
    2.770000      0.00196121
    2.772500      0.00194505
    2.775000      0.00192898
    2.777500      0.00191302
    2.780000      0.00189715
    2.782500      0.00188139
    2.785000      0.00186572
    2.787500      0.00185015
    2.790000      0.00183467
    2.792500      0.00181930
    2.795000      0.00180402
    2.797500      0.00178884
    2.800000      0.00177375
    2.802500      0.00175877
    2.805000      0.00174387
    2.807500      0.00172908
    2.810000      0.00171437
    2.812500      0.00169977
    2.815000      0.00168526
    2.817500      0.00167084
    2.820000      0.00165652
    2.822500      0.00164229
    2.825000      0.00162815
    2.827500      0.00161411
    2.830000      0.00160016
    2.832500      0.00158630
    2.835000      0.00157254
    2.837500      0.00155887
    2.840000      0.00154528
    2.842500      0.00153179
    2.845000      0.00151840
    2.847500      0.00150509
    2.850000      0.00149187
    2.852500      0.00147874
    2.855000      0.00146570
    2.857500      0.00145276
    2.860000      0.00143990
    2.862500      0.00142713
    2.865000      0.00141444
    2.867500      0.00140185
    2.870000      0.00138934
    2.872500      0.00137692
    2.875000      0.00136459
    2.877500      0.00135234
    2.880000      0.00134018
    2.882500      0.00132811
    2.885000      0.00131612
    2.887500      0.00130422
    2.890000      0.00129240
    2.892500      0.00128066
    2.895000      0.00126901
    2.897500      0.00125745
    2.900000      0.00124597
    2.902500      0.00123457
    2.905000      0.00122325
    2.907500      0.00121202
    2.910000      0.00120086
    2.912500      0.00118979
    2.915000      0.00117880
    2.917500      0.00116789
    2.920000      0.00115707
    2.922500      0.00114632
    2.925000      0.00113565
    2.927500      0.00112506
    2.930000      0.00111455
    2.932500      0.00110412
    2.935000      0.00109377
    2.937500      0.00108349
    2.940000      0.00107330
    2.942500      0.00106318
    2.945000      0.00105313
    2.947500      0.00104317
    2.950000      0.00103328
    2.952500      0.00102346
    2.955000      0.00101372
    2.957500      0.00100406
    2.960000      0.00099447
    2.962500      0.00098495
    2.965000      0.00097551
    2.967500      0.00096614
    2.970000      0.00095685
    2.972500      0.00094762
    2.975000      0.00093847
    2.977500      0.00092940
    2.980000      0.00092039
    2.982500      0.00091146
    2.985000      0.00090259
    2.987500      0.00089380
    2.990000      0.00088507
    2.992500      0.00087642
    2.995000      0.00086783
    2.997500      0.00085932
    3.000000      0.00085087
    3.002500      0.00084249
    3.005000      0.00083418
    3.007500      0.00082594
    3.010000      0.00081776
    3.012500      0.00080965
    3.015000      0.00080161
    3.017500      0.00079363
    3.020000      0.00078572
    3.022500      0.00077787
    3.025000      0.00077009
    3.027500      0.00076237
    3.030000      0.00075472
    3.032500      0.00074713
    3.035000      0.00073960
    3.037500      0.00073214
    3.040000      0.00072474
    3.042500      0.00071740
    3.045000      0.00071013
    3.047500      0.00070291
    3.050000      0.00069576
    3.052500      0.00068866
    3.055000      0.00068163
    3.057500      0.00067466
    3.060000      0.00066774
    3.062500      0.00066089
    3.065000      0.00065409
    3.067500      0.00064736
    3.070000      0.00064068
    3.072500      0.00063406
    3.075000      0.00062750
    3.077500      0.00062099
    3.080000      0.00061454
    3.082500      0.00060815
    3.085000      0.00060181
    3.087500      0.00059553
    3.090000      0.00058930
    3.092500      0.00058313
    3.095000      0.00057702
    3.097500      0.00057095
    3.100000      0.00056495
    3.102500      0.00055899
    3.105000      0.00055309
    3.107500      0.00054724
    3.110000      0.00054144
    3.112500      0.00053570
    3.115000      0.00053001
    3.117500      0.00052436
    3.120000      0.00051877
    3.122500      0.00051323
    3.125000      0.00050774
    3.127500      0.00050230
    3.130000      0.00049691
    3.132500      0.00049157
    3.135000      0.00048628
    3.137500      0.00048104
    3.140000      0.00047584
    3.142500      0.00047070
    3.145000      0.00046560
    3.147500      0.00046055
    3.150000      0.00045554
    3.152500      0.00045058
    3.155000      0.00044567
    3.157500      0.00044080
    3.160000      0.00043598
    3.162500      0.00043121
    3.165000      0.00042648
    3.167500      0.00042179
    3.170000      0.00041715
    3.172500      0.00041255
    3.175000      0.00040800
    3.177500      0.00040349
    3.180000      0.00039902
    3.182500      0.00039459
    3.185000      0.00039021
    3.187500      0.00038587
    3.190000      0.00038157
    3.192500      0.00037731
    3.195000      0.00037310
    3.197500      0.00036892
    3.200000      0.00036479
    3.202500      0.00036069
    3.205000      0.00035664
    3.207500      0.00035262
    3.210000      0.00034864
    3.212500      0.00034471
    3.215000      0.00034081
    3.217500      0.00033695
    3.220000      0.00033312
    3.222500      0.00032934
    3.225000      0.00032559
    3.227500      0.00032188
    3.230000      0.00031821
    3.232500      0.00031457
    3.235000      0.00031097
    3.237500      0.00030740
    3.240000      0.00030387
    3.242500      0.00030038
    3.245000      0.00029692
    3.247500      0.00029350
    3.250000      0.00029011
    3.252500      0.00028675
    3.255000      0.00028343
    3.257500      0.00028014
    3.260000      0.00027689
    3.262500      0.00027367
    3.265000      0.00027048
    3.267500      0.00026732
    3.270000      0.00026420
    3.272500      0.00026111
    3.275000      0.00025805
    3.277500      0.00025502
    3.280000      0.00025202
    3.282500      0.00024906
    3.285000      0.00024612
    3.287500      0.00024322
    3.290000      0.00024034
    3.292500      0.00023750
    3.295000      0.00023469
    3.297500      0.00023190
    3.300000      0.00022914
    3.302500      0.00022642
    3.305000      0.00022372
    3.307500      0.00022105
    3.310000      0.00021841
    3.312500      0.00021579
    3.315000      0.00021321
    3.317500      0.00021065
    3.320000      0.00020811
    3.322500      0.00020561
    3.325000      0.00020313
    3.327500      0.00020068
    3.330000      0.00019825
    3.332500      0.00019585
    3.335000      0.00019348
    3.337500      0.00019113
    3.340000      0.00018881
    3.342500      0.00018651
    3.345000      0.00018424
    3.347500      0.00018199
    3.350000      0.00017977
    3.352500      0.00017757
    3.355000      0.00017539
    3.357500      0.00017324
    3.360000      0.00017111
    3.362500      0.00016901
    3.365000      0.00016693
    3.367500      0.00016487
    3.370000      0.00016283
    3.372500      0.00016082
    3.375000      0.00015882
    3.377500      0.00015685
    3.380000      0.00015491
    3.382500      0.00015298
    3.385000      0.00015108
    3.387500      0.00014919
    3.390000      0.00014733
    3.392500      0.00014549
    3.395000      0.00014367
    3.397500      0.00014187
    3.400000      0.00014008
    3.402500      0.00013832
    3.405000      0.00013658
    3.407500      0.00013486
    3.410000      0.00013316
    3.412500      0.00013148
    3.415000      0.00012982
    3.417500      0.00012817
    3.420000      0.00012655
    3.422500      0.00012494
    3.425000      0.00012335
    3.427500      0.00012178
    3.430000      0.00012023
    3.432500      0.00011869
    3.435000      0.00011718
    3.437500      0.00011568
    3.440000      0.00011419
    3.442500      0.00011273
    3.445000      0.00011128
    3.447500      0.00010985
    3.450000      0.00010844
    3.452500      0.00010704
    3.455000      0.00010566
    3.457500      0.00010429
    3.460000      0.00010294
    3.462500      0.00010161
    3.465000      0.00010029
    3.467500      0.00009898
    3.470000      0.00009770
    3.472500      0.00009642
    3.475000      0.00009517
    3.477500      0.00009392
    3.480000      0.00009270
    3.482500      0.00009148
    3.485000      0.00009028
    3.487500      0.00008910
    3.490000      0.00008793
    3.492500      0.00008677
    3.495000      0.00008563
    3.497500      0.00008450
    3.500000      0.00008338
    3.502500      0.00008228
    3.505000      0.00008119
    3.507500      0.00008011
    3.510000      0.00007905
    3.512500      0.00007800
    3.515000      0.00007696
    3.517500      0.00007594
    3.520000      0.00007493
    3.522500      0.00007393
    3.525000      0.00007294
    3.527500      0.00007196
    3.530000      0.00007100
    3.532500      0.00007005
    3.535000      0.00006910
    3.537500      0.00006818
    3.540000      0.00006726
    3.542500      0.00006635
    3.545000      0.00006546
    3.547500      0.00006457
    3.550000      0.00006370
    3.552500      0.00006284
    3.555000      0.00006198
    3.557500      0.00006114
    3.560000      0.00006031
    3.562500      0.00005949
    3.565000      0.00005868
    3.567500      0.00005788
    3.570000      0.00005709
    3.572500      0.00005631
    3.575000      0.00005554
    3.577500      0.00005478
    3.580000      0.00005403
    3.582500      0.00005328
    3.585000      0.00005255
    3.587500      0.00005183
    3.590000      0.00005111
    3.592500      0.00005041
    3.595000      0.00004971
    3.597500      0.00004902
    3.600000      0.00004834
    3.602500      0.00004767
    3.605000      0.00004701
    3.607500      0.00004636
    3.610000      0.00004571
    3.612500      0.00004508
    3.615000      0.00004445
    3.617500      0.00004383
    3.620000      0.00004322
    3.622500      0.00004261
    3.625000      0.00004201
    3.627500      0.00004143
    3.630000      0.00004084
    3.632500      0.00004027
    3.635000      0.00003970
    3.637500      0.00003914
    3.640000      0.00003859
    3.642500      0.00003805
    3.645000      0.00003751
    3.647500      0.00003698
    3.650000      0.00003646
    3.652500      0.00003594
    3.655000      0.00003543
    3.657500      0.00003492
    3.660000      0.00003443
    3.662500      0.00003394
    3.665000      0.00003345
    3.667500      0.00003298
    3.670000      0.00003250
    3.672500      0.00003204
    3.675000      0.00003158
    3.677500      0.00003113
    3.680000      0.00003068
    3.682500      0.00003024
    3.685000      0.00002981
    3.687500      0.00002938
    3.690000      0.00002895
    3.692500      0.00002853
    3.695000      0.00002812
    3.697500      0.00002772
    3.700000      0.00002731
    3.702500      0.00002692
    3.705000      0.00002653
    3.707500      0.00002614
    3.710000      0.00002576
    3.712500      0.00002539
    3.715000      0.00002502
    3.717500      0.00002465
    3.720000      0.00002429
    3.722500      0.00002394
    3.725000      0.00002359
    3.727500      0.00002324
    3.730000      0.00002290
    3.732500      0.00002256
    3.735000      0.00002223
    3.737500      0.00002191
    3.740000      0.00002158
    3.742500      0.00002126
    3.745000      0.00002095
    3.747500      0.00002064
    3.750000      0.00002034
    3.752500      0.00002003
    3.755000      0.00001974
    3.757500      0.00001944
    3.760000      0.00001916
    3.762500      0.00001887
    3.765000      0.00001859
    3.767500      0.00001831
    3.770000      0.00001804
    3.772500      0.00001777
    3.775000      0.00001750
    3.777500      0.00001724
    3.780000      0.00001698
    3.782500      0.00001673
    3.785000      0.00001648
    3.787500      0.00001623
    3.790000      0.00001599
    3.792500      0.00001575
    3.795000      0.00001551
    3.797500      0.00001528
    3.800000      0.00001504
    3.802500      0.00001482
    3.805000      0.00001459
    3.807500      0.00001437
    3.810000      0.00001415
    3.812500      0.00001394
    3.815000      0.00001373
    3.817500      0.00001352
    3.820000      0.00001331
    3.822500      0.00001311
    3.825000      0.00001291
    3.827500      0.00001271
    3.830000      0.00001252
    3.832500      0.00001233
    3.835000      0.00001214
    3.837500      0.00001195
    3.840000      0.00001177
    3.842500      0.00001159
    3.845000      0.00001141
    3.847500      0.00001123
    3.850000      0.00001106
    3.852500      0.00001089
    3.855000      0.00001072
    3.857500      0.00001056
    3.860000      0.00001039
    3.862500      0.00001023
    3.865000      0.00001007
    3.867500      0.00000992
    3.870000      0.00000976
    3.872500      0.00000961
    3.875000      0.00000946
    3.877500      0.00000931
    3.880000      0.00000917
    3.882500      0.00000903
    3.885000      0.00000888
    3.887500      0.00000875
    3.890000      0.00000861
    3.892500      0.00000847
    3.895000      0.00000834
    3.897500      0.00000821
    3.900000      0.00000808
    3.902500      0.00000795
    3.905000      0.00000783
    3.907500      0.00000771
    3.910000      0.00000758
    3.912500      0.00000746
    3.915000      0.00000735
    3.917500      0.00000723
    3.920000      0.00000712
    3.922500      0.00000700
    3.925000      0.00000689
    3.927500      0.00000678
    3.930000      0.00000667
    3.932500      0.00000657
    3.935000      0.00000646
    3.937500      0.00000636
    3.940000      0.00000626
    3.942500      0.00000616
    3.945000      0.00000606
    3.947500      0.00000596
    3.950000      0.00000587
    3.952500      0.00000577
    3.955000      0.00000568
    3.957500      0.00000559
    3.960000      0.00000550
    3.962500      0.00000541
    3.965000      0.00000532
    3.967500      0.00000524
    3.970000      0.00000515
    3.972500      0.00000507
    3.975000      0.00000499
    3.977500      0.00000491
    3.980000      0.00000483
    3.982500      0.00000475
    3.985000      0.00000467
    3.987500      0.00000460
    3.990000      0.00000452
    3.992500      0.00000445
    3.995000      0.00000438
    3.997500      0.00000430
    4.000000      0.00000423
    4.002500      0.00000417
    4.005000      0.00000410
    4.007500      0.00000403
    4.010000      0.00000396
    4.012500      0.00000390
    4.015000      0.00000384
    4.017500      0.00000377
    4.020000      0.00000371
    4.022500      0.00000365
    4.025000      0.00000359
    4.027500      0.00000353
    4.030000      0.00000347
    4.032500      0.00000341
    4.035000      0.00000336
    4.037500      0.00000330
    4.040000      0.00000325
    4.042500      0.00000319
    4.045000      0.00000314
    4.047500      0.00000309
    4.050000      0.00000304
    4.052500      0.00000299
    4.055000      0.00000294
    4.057500      0.00000289
    4.060000      0.00000284
    4.062500      0.00000279
    4.065000      0.00000275
    4.067500      0.00000270
    4.070000      0.00000265
    4.072500      0.00000261
    4.075000      0.00000257
    4.077500      0.00000252
    4.080000      0.00000248
    4.082500      0.00000244
    4.085000      0.00000240
    4.087500      0.00000236
    4.090000      0.00000232
    4.092500      0.00000228
    4.095000      0.00000224
    4.097500      0.00000220
    4.100000      0.00000217
    4.102500      0.00000213
    4.105000      0.00000209
    4.107500      0.00000206
    4.110000      0.00000202
    4.112500      0.00000199
    4.115000      0.00000195
    4.117500      0.00000192
    4.120000      0.00000189
    4.122500      0.00000186
    4.125000      0.00000182
    4.127500      0.00000179
    4.130000      0.00000176
    4.132500      0.00000173
    4.135000      0.00000170
    4.137500      0.00000167
    4.140000      0.00000164
    4.142500      0.00000162
    4.145000      0.00000159
    4.147500      0.00000156
    4.150000      0.00000153
    4.152500      0.00000151
    4.155000      0.00000148
    4.157500      0.00000146
    4.160000      0.00000143
    4.162500      0.00000141
    4.165000      0.00000138
    4.167500      0.00000136
    4.170000      0.00000133
    4.172500      0.00000131
    4.175000      0.00000129
    4.177500      0.00000127
    4.180000      0.00000124
    4.182500      0.00000122
    4.185000      0.00000120
    4.187500      0.00000118
    4.190000      0.00000116
    4.192500      0.00000114
    4.195000      0.00000112
    4.197500      0.00000110
    4.200000      0.00000108
    4.202500      0.00000106
    4.205000      0.00000104
    4.207500      0.00000103
    4.210000      0.00000101
    4.212500      0.00000099
    4.215000      0.00000097
    4.217500      0.00000095
    4.220000      0.00000094
    4.222500      0.00000092
    4.225000      0.00000091
    4.227500      0.00000089
    4.230000      0.00000087
    4.232500      0.00000086
    4.235000      0.00000084
    4.237500      0.00000083
    4.240000      0.00000081
    4.242500      0.00000080
    4.245000      0.00000078
    4.247500      0.00000077
    4.250000      0.00000076
    4.252500      0.00000074
    4.255000      0.00000073
    4.257500      0.00000072
    4.260000      0.00000070
    4.262500      0.00000069
    4.265000      0.00000068
    4.267500      0.00000067
    4.270000      0.00000066
    4.272500      0.00000064
    4.275000      0.00000063
    4.277500      0.00000062
    4.280000      0.00000061
    4.282500      0.00000060
    4.285000      0.00000059
    4.287500      0.00000058
    4.290000      0.00000057
    4.292500      0.00000056
    4.295000      0.00000055
    4.297500      0.00000054
    4.300000      0.00000053
    4.302500      0.00000052
    4.305000      0.00000051
    4.307500      0.00000050
    4.310000      0.00000049
    4.312500      0.00000048
    4.315000      0.00000047
    4.317500      0.00000046
    4.320000      0.00000046
    4.322500      0.00000045
    4.325000      0.00000044
    4.327500      0.00000043
    4.330000      0.00000042
    4.332500      0.00000041
    4.335000      0.00000041
    4.337500      0.00000040
    4.340000      0.00000039
    4.342500      0.00000039
    4.345000      0.00000038
    4.347500      0.00000037
    4.350000      0.00000036
    4.352500      0.00000036
    4.355000      0.00000035
    4.357500      0.00000034
    4.360000      0.00000034
    4.362500      0.00000033
    4.365000      0.00000033
    4.367500      0.00000032
    4.370000      0.00000031
    4.372500      0.00000031
    4.375000      0.00000030
    4.377500      0.00000030
    4.380000      0.00000029
    4.382500      0.00000029
    4.385000      0.00000028
    4.387500      0.00000028
    4.390000      0.00000027
    4.392500      0.00000027
    4.395000      0.00000026
    4.397500      0.00000026
    4.400000      0.00000025
    4.402500      0.00000025
    4.405000      0.00000024
    4.407500      0.00000024
    4.410000      0.00000023
    4.412500      0.00000023
    4.415000      0.00000022
    4.417500      0.00000022
    4.420000      0.00000022
    4.422500      0.00000021
    4.425000      0.00000021
    4.427500      0.00000020
    4.430000      0.00000020
    4.432500      0.00000020
    4.435000      0.00000019
    4.437500      0.00000019
    4.440000      0.00000019
    4.442500      0.00000018
    4.445000      0.00000018
    4.447500      0.00000017
    4.450000      0.00000017
    4.452500      0.00000017
    4.455000      0.00000017
    4.457500      0.00000016
    4.460000      0.00000016
    4.462500      0.00000016
    4.465000      0.00000015
    4.467500      0.00000015
    4.470000      0.00000015
    4.472500      0.00000014
    4.475000      0.00000014
    4.477500      0.00000014
    4.480000      0.00000014
    4.482500      0.00000013
    4.485000      0.00000013
    4.487500      0.00000013
    4.490000      0.00000013
    4.492500      0.00000012
    4.495000      0.00000012
    4.497500      0.00000012
    4.500000      0.00000012
    4.502500      0.00000011
    4.505000      0.00000011
    4.507500      0.00000011
    4.510000      0.00000011
    4.512500      0.00000011
    4.515000      0.00000010
    4.517500      0.00000010
    4.520000      0.00000010
    4.522500      0.00000010
    4.525000      0.00000010
    4.527500      0.00000009
    4.530000      0.00000009
    4.532500      0.00000009
    4.535000      0.00000009
    4.537500      0.00000009
    4.540000      0.00000009
    4.542500      0.00000008
    4.545000      0.00000008
    4.547500      0.00000008
    4.550000      0.00000008
    4.552500      0.00000008
    4.555000      0.00000008
    4.557500      0.00000007
    4.560000      0.00000007
    4.562500      0.00000007
    4.565000      0.00000007
    4.567500      0.00000007
    4.570000      0.00000007
    4.572500      0.00000007
    4.575000      0.00000006
    4.577500      0.00000006
    4.580000      0.00000006
    4.582500      0.00000006
    4.585000      0.00000006
    4.587500      0.00000006
    4.590000      0.00000006
    4.592500      0.00000006
    4.595000      0.00000006
    4.597500      0.00000005
    4.600000      0.00000005
    4.602500      0.00000005
    4.605000      0.00000005
    4.607500      0.00000005
    4.610000      0.00000005
    4.612500      0.00000005
    4.615000      0.00000005
    4.617500      0.00000005
    4.620000      0.00000005
    4.622500      0.00000004
    4.625000      0.00000004
    4.627500      0.00000004
    4.630000      0.00000004
    4.632500      0.00000004
    4.635000      0.00000004
    4.637500      0.00000004
    4.640000      0.00000004
    4.642500      0.00000004
    4.645000      0.00000004
    4.647500      0.00000004
    4.650000      0.00000004
    4.652500      0.00000003
    4.655000      0.00000003
    4.657500      0.00000003
    4.660000      0.00000003
    4.662500      0.00000003
    4.665000      0.00000003
    4.667500      0.00000003
    4.670000      0.00000003
    4.672500      0.00000003
    4.675000      0.00000003
    4.677500      0.00000003
    4.680000      0.00000003
    4.682500      0.00000003
    4.685000      0.00000003
    4.687500      0.00000003
    4.690000      0.00000003
    4.692500      0.00000003
    4.695000      0.00000002
    4.697500      0.00000002
    4.700000      0.00000002
    4.702500      0.00000002
    4.705000      0.00000002
    4.707500      0.00000002
    4.710000      0.00000002
    4.712500      0.00000002
    4.715000      0.00000002
    4.717500      0.00000002
    4.720000      0.00000002
    4.722500      0.00000002
    4.725000      0.00000002
    4.727500      0.00000002
    4.730000      0.00000002
    4.732500      0.00000002
    4.735000      0.00000002
    4.737500      0.00000002
    4.740000      0.00000002
    4.742500      0.00000002
    4.745000      0.00000002
    4.747500      0.00000002
    4.750000      0.00000002
    4.752500      0.00000002
    4.755000      0.00000001
    4.757500      0.00000001
    4.760000      0.00000001
    4.762500      0.00000001
    4.765000      0.00000001
    4.767500      0.00000001
    4.770000      0.00000001
    4.772500      0.00000001
    4.775000      0.00000001
    4.777500      0.00000001
    4.780000      0.00000001
    4.782500      0.00000001
    4.785000      0.00000001
    4.787500      0.00000001
    4.790000      0.00000001
    4.792500      0.00000001
    4.795000      0.00000001
    4.797500      0.00000001
    4.800000      0.00000001
    4.802500      0.00000001
    4.805000      0.00000001
    4.807500      0.00000001
    4.810000      0.00000001
    4.812500      0.00000001
    4.815000      0.00000001
    4.817500      0.00000001
    4.820000      0.00000001
    4.822500      0.00000001
    4.825000      0.00000001
    4.827500      0.00000001
    4.830000      0.00000001
    4.832500      0.00000001
    4.835000      0.00000001
    4.837500      0.00000001
    4.840000      0.00000001
    4.842500      0.00000001
    4.845000      0.00000001
    4.847500      0.00000001
    4.850000      0.00000001
    4.852500      0.00000001
    4.855000      0.00000001
    4.857500      0.00000001
    4.860000      0.00000001
    4.862500      0.00000001
    4.865000      0.00000001
    4.867500      0.00000001
    4.870000      0.00000001
    4.872500      0.00000001
    4.875000      0.00000001
    4.877500      0.00000001
    4.880000      0.00000001
    4.882500      0.00000001
    4.885000      0.00000000
    4.887500      0.00000000
    4.890000      0.00000000
    4.892500      0.00000000
    4.895000      0.00000000
    4.897500      0.00000000
    4.900000      0.00000000
    4.902500      0.00000000
    4.905000      0.00000000
    4.907500      0.00000000
    4.910000      0.00000000
    4.912500      0.00000000
    4.915000      0.00000000
    4.917500      0.00000000
    4.920000      0.00000000
    4.922500      0.00000000
    4.925000      0.00000000
    4.927500      0.00000000
    4.930000      0.00000000
    4.932500      0.00000000
    4.935000      0.00000000
    4.937500      0.00000000
    4.940000      0.00000000
    4.942500      0.00000000
    4.945000      0.00000000
    4.947500      0.00000000
    4.950000      0.00000000
    4.952500      0.00000000
    4.955000      0.00000000
    4.957500      0.00000000
    4.960000      0.00000000
    4.962500      0.00000000
    4.965000      0.00000000
    4.967500      0.00000000
    4.970000      0.00000000
    4.972500      0.00000000
    4.975000      0.00000000
    4.977500      0.00000000
    4.980000      0.00000000
    4.982500      0.00000000
    4.985000      0.00000000
    4.987500      0.00000000
    4.990000      0.00000000
    4.992500      0.00000000
    4.995000      0.00000000
    4.997500      0.00000000
    5.000000      0.00000000
    5.002500      0.00000000
    5.005000      0.00000000
    5.007500      0.00000000
    5.010000      0.00000000
    5.012500      0.00000000
    5.015000      0.00000000
    5.017500      0.00000000
    5.020000      0.00000000
    5.022500      0.00000000
    5.025000      0.00000000
    5.027500      0.00000000
    5.030000      0.00000000
    5.032500      0.00000000
    5.035000      0.00000000
    5.037500      0.00000000
    5.040000      0.00000000
    5.042500      0.00000000
    5.045000      0.00000000
    5.047500      0.00000000
    5.050000      0.00000000
    5.052500      0.00000000
    5.055000      0.00000000
    5.057500      0.00000000
    5.060000      0.00000000
    5.062500      0.00000000
    5.065000      0.00000000
    5.067500      0.00000000
    5.070000      0.00000000
    5.072500      0.00000000
    5.075000      0.00000000
    5.077500      0.00000000
    5.080000      0.00000000
    5.082500      0.00000000
    5.085000      0.00000000
    5.087500      0.00000000
    5.090000      0.00000000
    5.092500      0.00000000
    5.095000      0.00000000
    5.097500      0.00000000
    5.100000      0.00000000
    5.102500      0.00000000
    5.105000      0.00000000
    5.107500      0.00000000
    5.110000      0.00000000
    5.112500      0.00000000
    5.115000      0.00000000
    5.117500      0.00000000
    5.120000      0.00000000
    5.122500      0.00000000
    5.125000      0.00000000
    5.127500      0.00000000
    5.130000      0.00000000
    5.132500      0.00000000
    5.135000      0.00000000
    5.137500      0.00000000
    5.140000      0.00000000
    5.142500      0.00000000
    5.145000      0.00000000
    5.147500      0.00000000
    5.150000      0.00000000
    5.152500      0.00000000
    5.155000      0.00000000
    5.157500      0.00000000
    5.160000      0.00000000
    5.162500      0.00000000
    5.165000      0.00000000
    5.167500      0.00000000
    5.170000      0.00000000
    5.172500      0.00000000
    5.175000      0.00000000
    5.177500      0.00000000
    5.180000      0.00000000
    5.182500      0.00000000
    5.185000      0.00000000
    5.187500      0.00000000
    5.190000      0.00000000
    5.192500      0.00000000
    5.195000      0.00000000
    5.197500      0.00000000
    5.200000      0.00000000
    5.202500      0.00000000
    5.205000      0.00000000
    5.207500      0.00000000
    5.210000      0.00000000
    5.212500      0.00000000
    5.215000      0.00000000
    5.217500      0.00000000
    5.220000      0.00000000
    5.222500      0.00000000
    5.225000      0.00000000
    5.227500      0.00000000
    5.230000      0.00000000
    5.232500      0.00000000
    5.235000      0.00000000
    5.237500      0.00000000
    5.240000      0.00000000
    5.242500      0.00000000
    5.245000      0.00000000
    5.247500      0.00000000
    5.250000      0.00000000
    5.252500      0.00000000
    5.255000      0.00000000
    5.257500      0.00000000
    5.260000      0.00000000
    5.262500      0.00000000
    5.265000      0.00000000
    5.267500      0.00000000
    5.270000      0.00000000
    5.272500      0.00000000
    5.275000      0.00000000
    5.277500      0.00000000
    5.280000      0.00000000
    5.282500      0.00000000
    5.285000      0.00000000
    5.287500      0.00000000
    5.290000      0.00000000
    5.292500      0.00000000
    5.295000      0.00000000
    5.297500      0.00000000
    5.300000      0.00000000
    5.302500      0.00000000
    5.305000      0.00000000
    5.307500      0.00000000
    5.310000      0.00000000
    5.312500      0.00000000
    5.315000      0.00000000
    5.317500      0.00000000
    5.320000      0.00000000
    5.322500      0.00000000
    5.325000      0.00000000
    5.327500      0.00000000
    5.330000      0.00000000
    5.332500      0.00000000
    5.335000      0.00000000
    5.337500      0.00000000
    5.340000      0.00000000
    5.342500      0.00000000
    5.345000      0.00000000
    5.347500      0.00000000
    5.350000      0.00000000
    5.352500      0.00000000
    5.355000      0.00000000
    5.357500      0.00000000
    5.360000      0.00000000
    5.362500      0.00000000
    5.365000      0.00000000
    5.367500      0.00000000
    5.370000      0.00000000
    5.372500      0.00000000
    5.375000      0.00000000
    5.377500      0.00000000
    5.380000      0.00000000
    5.382500      0.00000000
    5.385000      0.00000000
    5.387500      0.00000000
    5.390000      0.00000000
    5.392500      0.00000000
    5.395000      0.00000000
    5.397500      0.00000000
    5.400000      0.00000000
    5.402500      0.00000000
    5.405000      0.00000000
    5.407500      0.00000000
    5.410000      0.00000000
    5.412500      0.00000000
    5.415000      0.00000000
    5.417500      0.00000000
    5.420000      0.00000000
    5.422500      0.00000000
    5.425000      0.00000000
    5.427500      0.00000000
    5.430000      0.00000000
    5.432500      0.00000000
    5.435000      0.00000000
    5.437500      0.00000000
    5.440000      0.00000000
    5.442500      0.00000000
    5.445000      0.00000000
    5.447500      0.00000000
    5.450000      0.00000000
    5.452500      0.00000000
    5.455000      0.00000000
    5.457500      0.00000000
    5.460000      0.00000000
    5.462500      0.00000000
    5.465000      0.00000000
    5.467500      0.00000000
    5.470000      0.00000000
    5.472500      0.00000000
    5.475000      0.00000000
    5.477500      0.00000000
    5.480000      0.00000000
    5.482500      0.00000000
    5.485000      0.00000000
    5.487500      0.00000000
    5.490000      0.00000000
    5.492500      0.00000000
    5.495000      0.00000000
    5.497500      0.00000000
    5.500000      0.00000000
    5.502500      0.00000000
    5.505000      0.00000000
    5.507500      0.00000000
    5.510000      0.00000000
    5.512500      0.00000000
    5.515000      0.00000000
    5.517500      0.00000000
    5.520000      0.00000000
    5.522500      0.00000000
    5.525000      0.00000000
    5.527500      0.00000000
    5.530000      0.00000000
    5.532500      0.00000000
    5.535000      0.00000000
    5.537500      0.00000000
    5.540000      0.00000000
    5.542500      0.00000000
    5.545000      0.00000000
    5.547500      0.00000000
    5.550000      0.00000000
    5.552500      0.00000000
    5.555000      0.00000000
    5.557500      0.00000000
    5.560000      0.00000000
    5.562500      0.00000000
    5.565000      0.00000000
    5.567500      0.00000000
    5.570000      0.00000000
    5.572500      0.00000000
    5.575000      0.00000000
    5.577500      0.00000000
    5.580000      0.00000000
    5.582500      0.00000000
    5.585000      0.00000000
    5.587500      0.00000000
    5.590000      0.00000000
    5.592500      0.00000000
    5.595000      0.00000000
    5.597500      0.00000000
    5.600000      0.00000000
    5.602500      0.00000000
    5.605000      0.00000000
    5.607500      0.00000000
    5.610000      0.00000000
    5.612500      0.00000000
    5.615000      0.00000000
    5.617500      0.00000000
    5.620000      0.00000000
    5.622500      0.00000000
    5.625000      0.00000000
    5.627500      0.00000000
    5.630000      0.00000000
    5.632500      0.00000000
    5.635000      0.00000000
    5.637500      0.00000000
    5.640000      0.00000000
    5.642500      0.00000000
    5.645000      0.00000000
    5.647500      0.00000000
    5.650000      0.00000000
    5.652500      0.00000000
    5.655000      0.00000000
    5.657500      0.00000000
    5.660000      0.00000000
    5.662500      0.00000000
    5.665000      0.00000000
    5.667500      0.00000000
    5.670000      0.00000000
    5.672500      0.00000000
    5.675000      0.00000000
    5.677500      0.00000000
    5.680000      0.00000000
    5.682500      0.00000000
    5.685000      0.00000000
    5.687500      0.00000000
    5.690000      0.00000000
    5.692500      0.00000000
    5.695000      0.00000000
    5.697500      0.00000000
    5.700000      0.00000000
    5.702500      0.00000000
    5.705000      0.00000000
    5.707500      0.00000000
    5.710000      0.00000000
    5.712500      0.00000000
    5.715000      0.00000000
    5.717500      0.00000000
    5.720000      0.00000000
    5.722500      0.00000000
    5.725000      0.00000000
    5.727500      0.00000000
    5.730000      0.00000000
    5.732500      0.00000000
    5.735000      0.00000000
    5.737500      0.00000000
    5.740000      0.00000000
    5.742500      0.00000000
    5.745000      0.00000000
    5.747500      0.00000000
    5.750000      0.00000000
    5.752500      0.00000000
    5.755000      0.00000000
    5.757500      0.00000000
    5.760000      0.00000000
    5.762500      0.00000000
    5.765000      0.00000000
    5.767500      0.00000000
    5.770000      0.00000000
    5.772500      0.00000000
    5.775000      0.00000000
    5.777500      0.00000000
    5.780000      0.00000000
    5.782500      0.00000000
    5.785000      0.00000000
    5.787500      0.00000000
    5.790000      0.00000000
    5.792500      0.00000000
    5.795000      0.00000000
    5.797500      0.00000000
    5.800000      0.00000000
    5.802500      0.00000000
    5.805000      0.00000000
    5.807500      0.00000000
    5.810000      0.00000000
    5.812500      0.00000000
    5.815000      0.00000000
    5.817500      0.00000000
    5.820000      0.00000000
    5.822500      0.00000000
    5.825000      0.00000000
    5.827500      0.00000000
    5.830000      0.00000000
    5.832500      0.00000000
    5.835000      0.00000000
    5.837500      0.00000000
    5.840000      0.00000000
    5.842500      0.00000000
    5.845000      0.00000000
    5.847500      0.00000000
    5.850000      0.00000000
    5.852500      0.00000000
    5.855000      0.00000000
    5.857500      0.00000000
    5.860000      0.00000000
    5.862500      0.00000000
    5.865000      0.00000000
    5.867500      0.00000000
    5.870000      0.00000000
    5.872500      0.00000000
    5.875000      0.00000000
    5.877500      0.00000000
    5.880000      0.00000000
    5.882500      0.00000000
    5.885000      0.00000000
    5.887500      0.00000000
    5.890000      0.00000000
    5.892500      0.00000000
    5.895000      0.00000000
    5.897500      0.00000000
    5.900000      0.00000000
    5.902500      0.00000000
    5.905000      0.00000000
    5.907500      0.00000000
    5.910000      0.00000000
    5.912500      0.00000000
    5.915000      0.00000000
    5.917500      0.00000000
    5.920000      0.00000000
    5.922500      0.00000000
    5.925000      0.00000000
    5.927500      0.00000000
    5.930000      0.00000000
    5.932500      0.00000000
    5.935000      0.00000000
    5.937500      0.00000000
    5.940000      0.00000000
    5.942500      0.00000000
    5.945000      0.00000000
    5.947500      0.00000000
    5.950000      0.00000000
    5.952500      0.00000000
    5.955000      0.00000000
    5.957500      0.00000000
    5.960000      0.00000000
    5.962500      0.00000000
    5.965000      0.00000000
    5.967500      0.00000000
    5.970000      0.00000000
    5.972500      0.00000000
    5.975000      0.00000000
    5.977500      0.00000000
    5.980000      0.00000000
    5.982500      0.00000000
    5.985000      0.00000000
    5.987500      0.00000000
    5.990000      0.00000000
    5.992500      0.00000000
    5.995000      0.00000000
    5.997500      0.00000000
    6.000000      0.00000000
    6.002500      0.00000000
    6.005000      0.00000000
    6.007500      0.00000000
    6.010000      0.00000000
    6.012500      0.00000000
    6.015000      0.00000000
    6.017500      0.00000000
    6.020000      0.00000000
    6.022500      0.00000000
    6.025000      0.00000000
    6.027500      0.00000000
    6.030000      0.00000000
    6.032500      0.00000000
    6.035000      0.00000000
    6.037500      0.00000000
    6.040000      0.00000000
    6.042500      0.00000000
    6.045000      0.00000000
    6.047500      0.00000000
    6.050000      0.00000000
    6.052500      0.00000000
    6.055000      0.00000000
    6.057500      0.00000000
    6.060000      0.00000000
    6.062500      0.00000000
    6.065000      0.00000000
    6.067500      0.00000000
    6.070000      0.00000000
    6.072500      0.00000000
    6.075000      0.00000000
    6.077500      0.00000000
    6.080000      0.00000000
    6.082500      0.00000000
    6.085000      0.00000000
    6.087500      0.00000000
    6.090000      0.00000000
    6.092500      0.00000000
    6.095000      0.00000000
    6.097500      0.00000000
    6.100000      0.00000000
    6.102500      0.00000000
    6.105000      0.00000000
    6.107500      0.00000000
    6.110000      0.00000000
    6.112500      0.00000000
    6.115000      0.00000000
    6.117500      0.00000000
    6.120000      0.00000000
    6.122500      0.00000000
    6.125000      0.00000000
    6.127500      0.00000000
    6.130000      0.00000000
    6.132500      0.00000000
    6.135000      0.00000000
    6.137500      0.00000000
    6.140000      0.00000000
    6.142500      0.00000000
    6.145000      0.00000000
    6.147500      0.00000000
    6.150000      0.00000000
    6.152500      0.00000000
    6.155000      0.00000000
    6.157500      0.00000000
    6.160000      0.00000000
    6.162500      0.00000000
    6.165000      0.00000000
    6.167500      0.00000000
    6.170000      0.00000000
    6.172500      0.00000000
    6.175000      0.00000000
    6.177500      0.00000000
    6.180000      0.00000000
    6.182500      0.00000000
    6.185000      0.00000000
    6.187500      0.00000000
    6.190000      0.00000000
    6.192500      0.00000000
    6.195000      0.00000000
    6.197500      0.00000000
    6.200000      0.00000000
    6.202500      0.00000000
    6.205000      0.00000000
    6.207500      0.00000000
    6.210000      0.00000000
    6.212500      0.00000000
    6.215000      0.00000000
    6.217500      0.00000000
    6.220000      0.00000000
    6.222500      0.00000000
    6.225000      0.00000000
    6.227500      0.00000000
    6.230000      0.00000000
    6.232500      0.00000000
    6.235000      0.00000000
    6.237500      0.00000000
    6.240000      0.00000000
    6.242500      0.00000000
    6.245000      0.00000000
    6.247500      0.00000000
    6.250000      0.00000000
    6.252500      0.00000000
    6.255000      0.00000000
    6.257500      0.00000000
    6.260000      0.00000000
    6.262500      0.00000000
    6.265000      0.00000000
    6.267500      0.00000000
    6.270000      0.00000000
    6.272500      0.00000000
    6.275000      0.00000000
    6.277500      0.00000000
    6.280000      0.00000000
    6.282500      0.00000000
    6.285000      0.00000000
    6.287500      0.00000000
    6.290000      0.00000000
    6.292500      0.00000000
    6.295000      0.00000000
    6.297500      0.00000000
    6.300000      0.00000000
    6.302500      0.00000000
    6.305000      0.00000000
    6.307500      0.00000000
    6.310000      0.00000000
    6.312500      0.00000000
    6.315000      0.00000000
    6.317500      0.00000000
    6.320000      0.00000000
    6.322500      0.00000000
    6.325000      0.00000000
    6.327500      0.00000000
    6.330000      0.00000000
    6.332500      0.00000000
    6.335000      0.00000000
    6.337500      0.00000000
    6.340000      0.00000000
    6.342500      0.00000000
    6.345000      0.00000000
    6.347500      0.00000000
    6.350000      0.00000000
    6.352500      0.00000000
    6.355000      0.00000000
    6.357500      0.00000000
    6.360000      0.00000000
    6.362500      0.00000000
    6.365000      0.00000000
    6.367500      0.00000000
    6.370000      0.00000000
    6.372500      0.00000000
    6.375000      0.00000000
    6.377500      0.00000000
    6.380000      0.00000000
    6.382500      0.00000000
    6.385000      0.00000000
    6.387500      0.00000000
    6.390000      0.00000000
    6.392500      0.00000000
    6.395000      0.00000000
    6.397500      0.00000000
    6.400000      0.00000000
    6.402500      0.00000000
    6.405000      0.00000000
    6.407500      0.00000000
    6.410000      0.00000000
    6.412500      0.00000000
    6.415000      0.00000000
    6.417500      0.00000000
    6.420000      0.00000000
    6.422500      0.00000000
    6.425000      0.00000000
    6.427500      0.00000000
    6.430000      0.00000000
    6.432500      0.00000000
    6.435000      0.00000000
    6.437500      0.00000000
    6.440000      0.00000000
    6.442500      0.00000000
    6.445000      0.00000000
    6.447500      0.00000000
    6.450000      0.00000000
    6.452500      0.00000000
    6.455000      0.00000000
    6.457500      0.00000000
    6.460000      0.00000000
    6.462500      0.00000000
    6.465000      0.00000000
    6.467500      0.00000000
    6.470000      0.00000000
    6.472500      0.00000000
    6.475000      0.00000000
    6.477500      0.00000000
    6.480000      0.00000000
    6.482500      0.00000000
    6.485000      0.00000000
    6.487500      0.00000000
    6.490000      0.00000000
    6.492500      0.00000000
    6.495000      0.00000000
    6.497500      0.00000000
    6.500000      0.00000000
    6.502500      0.00000000
    6.505000      0.00000000
    6.507500      0.00000000
    6.510000      0.00000000
    6.512500      0.00000000
    6.515000      0.00000000
    6.517500      0.00000000
    6.520000      0.00000000
    6.522500      0.00000000
    6.525000      0.00000000
    6.527500      0.00000000
    6.530000      0.00000000
    6.532500      0.00000000
    6.535000      0.00000000
    6.537500      0.00000000
    6.540000      0.00000000
    6.542500      0.00000000
    6.545000      0.00000000
    6.547500      0.00000000
    6.550000      0.00000000
    6.552500      0.00000000
    6.555000      0.00000000
    6.557500      0.00000000
    6.560000      0.00000000
    6.562500      0.00000000
    6.565000      0.00000000
    6.567500      0.00000000
    6.570000      0.00000000
    6.572500      0.00000000
    6.575000      0.00000000
    6.577500      0.00000000
    6.580000      0.00000000
    6.582500      0.00000000
    6.585000      0.00000000
    6.587500      0.00000000
    6.590000      0.00000000
    6.592500      0.00000000
    6.595000      0.00000000
    6.597500      0.00000000
    6.600000      0.00000000
    6.602500      0.00000000
    6.605000      0.00000000
    6.607500      0.00000000
    6.610000      0.00000000
    6.612500      0.00000000
    6.615000      0.00000000
    6.617500      0.00000000
    6.620000      0.00000000
    6.622500      0.00000000
    6.625000      0.00000000
    6.627500      0.00000000
    6.630000      0.00000000
    6.632500      0.00000000
    6.635000      0.00000000
    6.637500      0.00000000
    6.640000      0.00000000
    6.642500      0.00000000
    6.645000      0.00000000
    6.647500      0.00000000
    6.650000      0.00000000
    6.652500      0.00000000
    6.655000      0.00000000
    6.657500      0.00000000
    6.660000      0.00000000
    6.662500      0.00000000
    6.665000      0.00000000
    6.667500      0.00000000
    6.670000      0.00000000
    6.672500      0.00000000
    6.675000      0.00000000
    6.677500      0.00000000
    6.680000      0.00000000
    6.682500      0.00000000
    6.685000      0.00000000
    6.687500      0.00000000
    6.690000      0.00000000
    6.692500      0.00000000
    6.695000      0.00000000
    6.697500      0.00000000
    6.700000      0.00000000
    6.702500      0.00000000
    6.705000      0.00000000
    6.707500      0.00000000
    6.710000      0.00000000
    6.712500      0.00000000
    6.715000      0.00000000
    6.717500      0.00000000
    6.720000      0.00000000
    6.722500      0.00000000
    6.725000      0.00000000
    6.727500      0.00000000
    6.730000      0.00000000
    6.732500      0.00000000
    6.735000      0.00000000
    6.737500      0.00000000
    6.740000      0.00000000
    6.742500      0.00000000
    6.745000      0.00000000
    6.747500      0.00000000
    6.750000      0.00000000
    6.752500      0.00000000
    6.755000      0.00000000
    6.757500      0.00000000
    6.760000      0.00000000
    6.762500      0.00000000
    6.765000      0.00000000
    6.767500      0.00000000
    6.770000      0.00000000
    6.772500      0.00000000
    6.775000      0.00000000
    6.777500      0.00000000
    6.780000      0.00000000
    6.782500      0.00000000
    6.785000      0.00000000
    6.787500      0.00000000
    6.790000      0.00000000
    6.792500      0.00000000
    6.795000      0.00000000
    6.797500      0.00000000
    6.800000      0.00000000
    6.802500      0.00000000
    6.805000      0.00000000
    6.807500      0.00000000
    6.810000      0.00000000
    6.812500      0.00000000
    6.815000      0.00000000
    6.817500      0.00000000
    6.820000      0.00000000
    6.822500      0.00000000
    6.825000      0.00000000
    6.827500      0.00000000
    6.830000      0.00000000
    6.832500      0.00000000
    6.835000      0.00000000
    6.837500      0.00000000
    6.840000      0.00000000
    6.842500      0.00000000
    6.845000      0.00000000
    6.847500      0.00000000
    6.850000      0.00000000
    6.852500      0.00000000
    6.855000      0.00000000
    6.857500      0.00000000
    6.860000      0.00000000
    6.862500      0.00000000
    6.865000      0.00000000
    6.867500      0.00000000
    6.870000      0.00000000
    6.872500      0.00000000
    6.875000      0.00000000
    6.877500      0.00000000
    6.880000      0.00000000
    6.882500      0.00000000
    6.885000      0.00000000
    6.887500      0.00000000
    6.890000      0.00000000
    6.892500      0.00000000
    6.895000      0.00000000
    6.897500      0.00000000
    6.900000      0.00000000
    6.902500      0.00000000
    6.905000      0.00000000
    6.907500      0.00000000
    6.910000      0.00000000
    6.912500      0.00000000
    6.915000      0.00000000
    6.917500      0.00000000
    6.920000      0.00000000
    6.922500      0.00000000
    6.925000      0.00000000
    6.927500      0.00000000
    6.930000      0.00000000
    6.932500      0.00000000
    6.935000      0.00000000
    6.937500      0.00000000
    6.940000      0.00000000
    6.942500      0.00000000
    6.945000      0.00000000
    6.947500      0.00000000
    6.950000      0.00000000
    6.952500      0.00000000
    6.955000      0.00000000
    6.957500      0.00000000
    6.960000      0.00000000
    6.962500      0.00000000
    6.965000      0.00000000
    6.967500      0.00000000
    6.970000      0.00000000
    6.972500      0.00000000
    6.975000      0.00000000
    6.977500      0.00000000
    6.980000      0.00000000
    6.982500      0.00000000
    6.985000      0.00000000
    6.987500      0.00000000
    6.990000      0.00000000
    6.992500      0.00000000
    6.995000      0.00000000
    6.997500      0.00000000
    7.000000      0.00000000
    7.002500      0.00000000
    7.005000      0.00000000
    7.007500      0.00000000
    7.010000      0.00000000
    7.012500      0.00000000
    7.015000      0.00000000
    7.017500      0.00000000
    7.020000      0.00000000
    7.022500      0.00000000
    7.025000      0.00000000
    7.027500      0.00000000
    7.030000      0.00000000
    7.032500      0.00000000
    7.035000      0.00000000
    7.037500      0.00000000
    7.040000      0.00000000
    7.042500      0.00000000
    7.045000      0.00000000
    7.047500      0.00000000
    7.050000      0.00000000
    7.052500      0.00000000
    7.055000      0.00000000
    7.057500      0.00000000
    7.060000      0.00000000
    7.062500      0.00000000
    7.065000      0.00000000
    7.067500      0.00000000
    7.070000      0.00000000
    7.072500      0.00000000
    7.075000      0.00000000
    7.077500      0.00000000
    7.080000      0.00000000
    7.082500      0.00000000
    7.085000      0.00000000
    7.087500      0.00000000
    7.090000      0.00000000
    7.092500      0.00000000
    7.095000      0.00000000
    7.097500      0.00000000
    7.100000      0.00000000
    7.102500      0.00000000
    7.105000      0.00000000
    7.107500      0.00000000
    7.110000      0.00000000
    7.112500      0.00000000
    7.115000      0.00000000
    7.117500      0.00000000
    7.120000      0.00000000
    7.122500      0.00000000
    7.125000      0.00000000
    7.127500      0.00000000
    7.130000      0.00000000
    7.132500      0.00000000
    7.135000      0.00000000
    7.137500      0.00000000
    7.140000      0.00000000
    7.142500      0.00000000
    7.145000      0.00000000
    7.147500      0.00000000
    7.150000      0.00000000
    7.152500      0.00000000
    7.155000      0.00000000
    7.157500      0.00000000
    7.160000      0.00000000
    7.162500      0.00000000
    7.165000      0.00000000
    7.167500      0.00000000
    7.170000      0.00000000
    7.172500      0.00000000
    7.175000      0.00000000
    7.177500      0.00000000
    7.180000      0.00000000
    7.182500      0.00000000
    7.185000      0.00000000
    7.187500      0.00000000
    7.190000      0.00000000
    7.192500      0.00000000
    7.195000      0.00000000
    7.197500      0.00000000
    7.200000      0.00000000
    7.202500      0.00000000
    7.205000      0.00000000
    7.207500      0.00000000
    7.210000      0.00000000
    7.212500      0.00000000
    7.215000      0.00000000
    7.217500      0.00000000
    7.220000      0.00000000
    7.222500      0.00000000
    7.225000      0.00000000
    7.227500      0.00000000
    7.230000      0.00000000
    7.232500      0.00000000
    7.235000      0.00000000
    7.237500      0.00000000
    7.240000      0.00000000
    7.242500      0.00000000
    7.245000      0.00000000
    7.247500      0.00000000
    7.250000      0.00000000
    7.252500      0.00000000
    7.255000      0.00000000
    7.257500      0.00000000
    7.260000      0.00000000
    7.262500      0.00000000
    7.265000      0.00000000
    7.267500      0.00000000
    7.270000      0.00000000
    7.272500      0.00000000
    7.275000      0.00000000
    7.277500      0.00000000
    7.280000      0.00000000
    7.282500      0.00000000
    7.285000      0.00000000
    7.287500      0.00000000
    7.290000      0.00000000
    7.292500      0.00000000
    7.295000      0.00000000
    7.297500      0.00000000
    7.300000      0.00000000
    7.302500      0.00000000
    7.305000      0.00000000
    7.307500      0.00000000
    7.310000      0.00000000
    7.312500      0.00000000
    7.315000      0.00000000
    7.317500      0.00000000
    7.320000      0.00000000
    7.322500      0.00000000
    7.325000      0.00000000
    7.327500      0.00000000
    7.330000      0.00000000
    7.332500      0.00000000
    7.335000      0.00000000
    7.337500      0.00000000
    7.340000      0.00000000
    7.342500      0.00000000
    7.345000      0.00000000
    7.347500      0.00000000
    7.350000      0.00000000
    7.352500      0.00000000
    7.355000      0.00000000
    7.357500      0.00000000
    7.360000      0.00000000
    7.362500      0.00000000
    7.365000      0.00000000
    7.367500      0.00000000
    7.370000      0.00000000
    7.372500      0.00000000
    7.375000      0.00000000
    7.377500      0.00000000
    7.380000      0.00000000
    7.382500      0.00000000
    7.385000      0.00000000
    7.387500      0.00000000
    7.390000      0.00000000
    7.392500      0.00000000
    7.395000      0.00000000
    7.397500      0.00000000
    7.400000      0.00000000
    7.402500      0.00000000
    7.405000      0.00000000
    7.407500      0.00000000
    7.410000      0.00000000
    7.412500      0.00000000
    7.415000      0.00000000
    7.417500      0.00000000
    7.420000      0.00000000
    7.422500      0.00000000
    7.425000      0.00000000
    7.427500      0.00000000
    7.430000      0.00000000
    7.432500      0.00000000
    7.435000      0.00000000
    7.437500      0.00000000
    7.440000      0.00000000
    7.442500      0.00000000
    7.445000      0.00000000
    7.447500      0.00000000
    7.450000      0.00000000
    7.452500      0.00000000
    7.455000      0.00000000
    7.457500      0.00000000
    7.460000      0.00000000
    7.462500      0.00000000
    7.465000      0.00000000
    7.467500      0.00000000
    7.470000      0.00000000
    7.472500      0.00000000
    7.475000      0.00000000
    7.477500      0.00000000
    7.480000      0.00000000
    7.482500      0.00000000
    7.485000      0.00000000
    7.487500      0.00000000
    7.490000      0.00000000
    7.492500      0.00000000
    7.495000      0.00000000
    7.497500      0.00000000
    7.500000      0.00000000
