0.000000e+00 -6.500000e+00 1.189822e-37
0.000000e+00 -5.500000e+00 3.231979e-17
0.000000e+00 -4.500000e+00 1.089320e-14
0.000000e+00 -3.500000e+00 9.971191e-11
0.000000e+00 -2.500000e+00 3.952022e-06
0.000000e+00 -1.500000e+00 7.586468e-03
0.000000e+00 -5.000000e-01 2.663476e-01
0.000000e+00 5.000000e-01 2.663476e-01
0.000000e+00 1.500000e+00 7.586468e-03
0.000000e+00 2.500000e+00 3.952022e-06
0.000000e+00 3.500000e+00 9.971133e-11
0.000000e+00 4.500000e+00 1.615956e-14
0.000000e+00 5.500000e+00 3.566257e-17

1.000000e+00 -6.500000e+00 7.298064e-38
1.000000e+00 -5.500000e+00 3.463628e-17
1.000000e+00 -4.500000e+00 2.661388e-15
1.000000e+00 -3.500000e+00 6.713631e-11
1.000000e+00 -2.500000e+00 2.892497e-06
1.000000e+00 -1.500000e+00 5.624674e-03
1.000000e+00 -5.000000e-01 2.187753e-01
1.000000e+00 5.000000e-01 2.187753e-01
1.000000e+00 1.500000e+00 5.624674e-03
1.000000e+00 2.500000e+00 2.892497e-06
1.000000e+00 3.500000e+00 6.713725e-11
1.000000e+00 4.500000e+00 2.127983e-15
1.000000e+00 5.500000e+00 8.044589e-18

2.000000e+00 -6.500000e+00 1.630148e-38
2.000000e+00 -5.500000e+00 8.521729e-18
2.000000e+00 -4.500000e+00 4.327442e-15
2.000000e+00 -3.500000e+00 2.085460e-11
2.000000e+00 -2.500000e+00 8.850223e-07
2.000000e+00 -1.500000e+00 1.977091e-03
2.000000e+00 -5.000000e-01 9.386344e-02
2.000000e+00 5.000000e-01 9.386344e-02
2.000000e+00 1.500000e+00 1.977091e-03
2.000000e+00 2.500000e+00 8.850223e-07
2.000000e+00 3.500000e+00 2.085445e-11
2.000000e+00 4.500000e+00 3.517924e-15
2.000000e+00 5.500000e+00 1.514535e-17

3.000000e+00 -6.500000e+00 1.366288e-39
3.000000e+00 -5.500000e+00 4.259274e-18
3.000000e+00 -4.500000e+00 2.826813e-15
3.000000e+00 -3.500000e+00 1.259221e-11
3.000000e+00 -2.500000e+00 1.139322e-07
3.000000e+00 -1.500000e+00 2.510072e-04
3.000000e+00 -5.000000e-01 1.364292e-02
3.000000e+00 5.000000e-01 1.364292e-02
3.000000e+00 1.500000e+00 2.510072e-04
3.000000e+00 2.500000e+00 1.139322e-07
3.000000e+00 3.500000e+00 1.259175e-11
3.000000e+00 4.500000e+00 3.885387e-15
3.000000e+00 5.500000e+00 7.846835e-18

4.000000e+00 -6.500000e+00 4.781163e-41
4.000000e+00 -5.500000e+00 8.035160e-18
4.000000e+00 -4.500000e+00 8.295620e-16
4.000000e+00 -3.500000e+00 7.014385e-12
4.000000e+00 -2.500000e+00 5.027369e-08
4.000000e+00 -1.500000e+00 8.316843e-06
4.000000e+00 -5.000000e-01 5.727265e-04
4.000000e+00 5.000000e-01 5.727265e-04
4.000000e+00 1.500000e+00 8.316843e-06
4.000000e+00 2.500000e+00 5.027369e-08
4.000000e+00 3.500000e+00 7.015565e-12
4.000000e+00 4.500000e+00 7.341486e-16
4.000000e+00 5.500000e+00 1.277912e-17

5.000000e+00 -6.500000e+00 1.163897e-41
5.000000e+00 -5.500000e+00 6.196585e-18
5.000000e+00 -4.500000e+00 1.578560e-15
5.000000e+00 -3.500000e+00 4.869488e-12
5.000000e+00 -2.500000e+00 5.031729e-09
5.000000e+00 -1.500000e+00 3.545903e-06
5.000000e+00 -5.000000e-01 1.898513e-05
5.000000e+00 5.000000e-01 1.898513e-05
5.000000e+00 1.500000e+00 3.545903e-06
5.000000e+00 2.500000e+00 5.031729e-09
5.000000e+00 3.500000e+00 4.870748e-12
5.000000e+00 4.500000e+00 1.421884e-15
5.000000e+00 5.500000e+00 3.956006e-18

6.000000e+00 -6.500000e+00 5.127481e-42
6.000000e+00 -5.500000e+00 3.311136e-18
6.000000e+00 -4.500000e+00 7.986698e-16
6.000000e+00 -3.500000e+00 1.067126e-11
6.000000e+00 -2.500000e+00 1.036044e-08
6.000000e+00 -1.500000e+00 5.968821e-07
6.000000e+00 -5.000000e-01 5.697897e-06
6.000000e+00 5.000000e-01 5.697897e-06
6.000000e+00 1.500000e+00 5.968821e-07
6.000000e+00 2.500000e+00 1.036044e-08
6.000000e+00 3.500000e+00 1.067183e-11
6.000000e+00 4.500000e+00 1.281492e-15
6.000000e+00 5.500000e+00 5.694851e-18

7.000000e+00 -6.500000e+00 2.414824e-42
7.000000e+00 -5.500000e+00 3.117950e-18
7.000000e+00 -4.500000e+00 6.325470e-16
7.000000e+00 -3.500000e+00 2.630539e-11
7.000000e+00 -2.500000e+00 1.700913e-08
7.000000e+00 -1.500000e+00 2.312642e-07
7.000000e+00 -5.000000e-01 5.869358e-06
7.000000e+00 5.000000e-01 5.869358e-06
7.000000e+00 1.500000e+00 2.312642e-07
7.000000e+00 2.500000e+00 1.700913e-08
7.000000e+00 3.500000e+00 2.630480e-11
7.000000e+00 4.500000e+00 4.078416e-16
7.000000e+00 5.500000e+00 2.729223e-18

8.000000e+00 -6.500000e+00 1.740180e-42
8.000000e+00 -5.500000e+00 5.896410e-18
8.000000e+00 -4.500000e+00 6.176816e-16
8.000000e+00 -3.500000e+00 7.151726e-12
8.000000e+00 -2.500000e+00 1.764313e-08
8.000000e+00 -1.500000e+00 3.926584e-07
8.000000e+00 -5.000000e-01 5.162101e-06
8.000000e+00 5.000000e-01 5.162101e-06
8.000000e+00 1.500000e+00 3.926584e-07
8.000000e+00 2.500000e+00 1.764313e-08
8.000000e+00 3.500000e+00 7.151625e-12
8.000000e+00 4.500000e+00 1.381317e-16
8.000000e+00 5.500000e+00 2.255769e-18

9.000000e+00 -6.500000e+00 1.329843e-42
9.000000e+00 -5.500000e+00 8.510226e-18
9.000000e+00 -4.500000e+00 7.732852e-16
9.000000e+00 -3.500000e+00 2.222195e-11
9.000000e+00 -2.500000e+00 8.076981e-09
9.000000e+00 -1.500000e+00 6.905183e-07
9.000000e+00 -5.000000e-01 1.821211e-06
9.000000e+00 5.000000e-01 1.821211e-06
9.000000e+00 1.500000e+00 6.905183e-07
9.000000e+00 2.500000e+00 8.076980e-09
9.000000e+00 3.500000e+00 2.222194e-11
9.000000e+00 4.500000e+00 8.164502e-16
9.000000e+00 5.500000e+00 3.484150e-18

1.000000e+01 -6.500000e+00 1.694247e-42
1.000000e+01 -5.500000e+00 6.973128e-19
1.000000e+01 -4.500000e+00 9.478243e-16
1.000000e+01 -3.500000e+00 1.227247e-11
1.000000e+01 -2.500000e+00 5.102278e-09
1.000000e+01 -1.500000e+00 4.496104e-07
1.000000e+01 -5.000000e-01 2.185540e-06
1.000000e+01 5.000000e-01 2.185540e-06
1.000000e+01 1.500000e+00 4.496104e-07
1.000000e+01 2.500000e+00 5.102278e-09
1.000000e+01 3.500000e+00 1.227258e-11
1.000000e+01 4.500000e+00 7.399484e-16
1.000000e+01 5.500000e+00 3.926352e-18

1.100000e+01 -6.500000e+00 2.135276e-43
1.100000e+01 -5.500000e+00 1.944001e-18
1.100000e+01 -4.500000e+00 5.741392e-16
1.100000e+01 -3.500000e+00 9.844407e-12
1.100000e+01 -2.500000e+00 8.951564e-09
1.100000e+01 -1.500000e+00 8.482605e-08
1.100000e+01 -5.000000e-01 3.016175e-06
1.100000e+01 5.000000e-01 3.016175e-06
1.100000e+01 1.500000e+00 8.482605e-08
1.100000e+01 2.500000e+00 8.951564e-09
1.100000e+01 3.500000e+00 9.844318e-12
1.100000e+01 4.500000e+00 7.530774e-16
1.100000e+01 5.500000e+00 1.651364e-18

1.200000e+01 -6.500000e+00 7.040936e-43
1.200000e+01 -5.500000e+00 4.117375e-18
1.200000e+01 -4.500000e+00 1.421858e-16
1.200000e+01 -3.500000e+00 4.773284e-12
1.200000e+01 -2.500000e+00 7.915642e-09
1.200000e+01 -1.500000e+00 3.508875e-07
1.200000e+01 -5.000000e-01 1.499637e-06
1.200000e+01 5.000000e-01 1.499637e-06
1.200000e+01 1.500000e+00 3.508875e-07
1.200000e+01 2.500000e+00 7.915642e-09
1.200000e+01 3.500000e+00 4.773339e-12
1.200000e+01 4.500000e+00 2.119800e-16
1.200000e+01 5.500000e+00 5.464939e-18

