0.000000e+00 1.532500e-01
1.000000e-02 1.532500e-01
2.000000e-02 1.532367e-01
3.000000e-02 1.532128e-01
4.000000e-02 1.531785e-01
5.000000e-02 1.531339e-01
6.000000e-02 1.530793e-01
7.000000e-02 1.530146e-01
8.000000e-02 1.529399e-01
9.000000e-02 1.528550e-01
1.000000e-01 1.527599e-01
1.100000e-01 1.526546e-01
1.200000e-01 1.525393e-01
1.300000e-01 1.524141e-01
1.400000e-01 1.522789e-01
1.500000e-01 1.521336e-01
1.600000e-01 1.519783e-01
1.700000e-01 1.518131e-01
1.800000e-01 1.516377e-01
1.900000e-01 1.514524e-01
2.000000e-01 1.512569e-01
2.100000e-01 1.510516e-01
2.200000e-01 1.508363e-01
2.300000e-01 1.506111e-01
2.400000e-01 1.503760e-01
2.500000e-01 1.501309e-01
2.600000e-01 1.498758e-01
2.700000e-01 1.496109e-01
2.800000e-01 1.493359e-01
2.900000e-01 1.490511e-01
3.000000e-01 1.487563e-01
3.100000e-01 1.484516e-01
3.200000e-01 1.481370e-01
3.300000e-01 1.478124e-01
3.400000e-01 1.474780e-01
3.500000e-01 1.471337e-01
3.600000e-01 1.467797e-01
3.700000e-01 1.464158e-01
3.800000e-01 1.460422e-01
3.900000e-01 1.456588e-01
4.000000e-01 1.452656e-01
4.100000e-01 1.448627e-01
4.200000e-01 1.444500e-01
4.300000e-01 1.440277e-01
4.400000e-01 1.435956e-01
4.500000e-01 1.431539e-01
4.600000e-01 1.427025e-01
4.700000e-01 1.422415e-01
4.800000e-01 1.417709e-01
4.900000e-01 1.412908e-01
5.000000e-01 1.408011e-01
5.100000e-01 1.403019e-01
5.200000e-01 1.397932e-01
5.300000e-01 1.392751e-01
5.400000e-01 1.387477e-01
5.500000e-01 1.382108e-01
5.600000e-01 1.376646e-01
5.700000e-01 1.371090e-01
5.800000e-01 1.365443e-01
5.900000e-01 1.359703e-01
6.000000e-01 1.353872e-01
6.100000e-01 1.347949e-01
6.200000e-01 1.341936e-01
6.300000e-01 1.335832e-01
6.400000e-01 1.329637e-01
6.500000e-01 1.323354e-01
6.600000e-01 1.316981e-01
6.700000e-01 1.310520e-01
6.800000e-01 1.303972e-01
6.900000e-01 1.297336e-01
7.000000e-01 1.290614e-01
7.100000e-01 1.283806e-01
7.200000e-01 1.276913e-01
7.300000e-01 1.269936e-01
7.400000e-01 1.262875e-01
7.500000e-01 1.255730e-01
7.600000e-01 1.248503e-01
7.700000e-01 1.241195e-01
7.800000e-01 1.233806e-01
7.900000e-01 1.226338e-01
8.000000e-01 1.218790e-01
8.100000e-01 1.211164e-01
8.200000e-01 1.203461e-01
8.300000e-01 1.195681e-01
8.400000e-01 1.187826e-01
8.500000e-01 1.179896e-01
8.600000e-01 1.171893e-01
8.700000e-01 1.163818e-01
8.800000e-01 1.155671e-01
8.900000e-01 1.147454e-01
9.000000e-01 1.139168e-01
9.100000e-01 1.130814e-01
9.200000e-01 1.122392e-01
9.300000e-01 1.113905e-01
9.400000e-01 1.105353e-01
9.500000e-01 1.096739e-01
9.600000e-01 1.088063e-01
9.700000e-01 1.079326e-01
9.800000e-01 1.070531e-01
9.900000e-01 1.061677e-01
1.000000e+00 1.052768e-01
1.010000e+00 1.043803e-01
1.020000e+00 1.034785e-01
1.030000e+00 1.025715e-01
1.040000e+00 1.016595e-01
1.050000e+00 1.007426e-01
1.060000e+00 9.982102e-02
1.070000e+00 9.889484e-02
1.080000e+00 9.796426e-02
1.090000e+00 9.702945e-02
1.100000e+00 9.609056e-02
1.110000e+00 9.514780e-02
1.120000e+00 9.420132e-02
1.130000e+00 9.325130e-02
1.140000e+00 9.229792e-02
1.150000e+00 9.134139e-02
1.160000e+00 9.038189e-02
1.170000e+00 8.941961e-02
1.180000e+00 8.845474e-02
1.190000e+00 8.748747e-02
1.200000e+00 8.651800e-02
1.210000e+00 8.554652e-02
1.220000e+00 8.457322e-02
1.230000e+00 8.359828e-02
1.240000e+00 8.262195e-02
1.250000e+00 8.164444e-02
1.260000e+00 8.066594e-02
1.270000e+00 7.968665e-02
1.280000e+00 7.870679e-02
1.290000e+00 7.772657e-02
1.300000e+00 7.674620e-02
1.310000e+00 7.576590e-02
1.320000e+00 7.478588e-02
1.330000e+00 7.380639e-02
1.340000e+00 7.282762e-02
1.350000e+00 7.184981e-02
1.360000e+00 7.087317e-02
1.370000e+00 6.989791e-02
1.380000e+00 6.892427e-02
1.390000e+00 6.795245e-02
1.400000e+00 6.698266e-02
1.410000e+00 6.601513e-02
1.420000e+00 6.505009e-02
1.430000e+00 6.408775e-02
1.440000e+00 6.312832e-02
1.450000e+00 6.217203e-02
1.460000e+00 6.121908e-02
1.470000e+00 6.026969e-02
1.480000e+00 5.932409e-02
1.490000e+00 5.838249e-02
1.500000e+00 5.744509e-02
1.510000e+00 5.651211e-02
1.520000e+00 5.558374e-02
1.530000e+00 5.466020e-02
1.540000e+00 5.374168e-02
1.550000e+00 5.282840e-02
1.560000e+00 5.192054e-02
1.570000e+00 5.101831e-02
1.580000e+00 5.012192e-02
1.590000e+00 4.923154e-02
1.600000e+00 4.834736e-02
1.610000e+00 4.746955e-02
1.620000e+00 4.659829e-02
1.630000e+00 4.573375e-02
1.640000e+00 4.487610e-02
1.650000e+00 4.402552e-02
1.660000e+00 4.318218e-02
1.670000e+00 4.234623e-02
1.680000e+00 4.151783e-02
1.690000e+00 4.069714e-02
1.700000e+00 3.988428e-02
1.710000e+00 3.907941e-02
1.720000e+00 3.828265e-02
1.730000e+00 3.749415e-02
1.740000e+00 3.671401e-02
1.750000e+00 3.594236e-02
1.760000e+00 3.517934e-02
1.770000e+00 3.442504e-02
1.780000e+00 3.367957e-02
1.790000e+00 3.294305e-02
1.800000e+00 3.221555e-02
1.810000e+00 3.149717e-02
1.820000e+00 3.078799e-02
1.830000e+00 3.008808e-02
1.840000e+00 2.939753e-02
1.850000e+00 2.871639e-02
1.860000e+00 2.804474e-02
1.870000e+00 2.738262e-02
1.880000e+00 2.673008e-02
1.890000e+00 2.608717e-02
1.900000e+00 2.545392e-02
1.910000e+00 2.483037e-02
1.920000e+00 2.421654e-02
1.930000e+00 2.361246e-02
1.940000e+00 2.301814e-02
1.950000e+00 2.243361e-02
1.960000e+00 2.185885e-02
1.970000e+00 2.129386e-02
1.980000e+00 2.073864e-02
1.990000e+00 2.019318e-02
2.000000e+00 1.965746e-02
2.010000e+00 1.913147e-02
2.020000e+00 1.861519e-02
2.030000e+00 1.810857e-02
2.040000e+00 1.761157e-02
2.050000e+00 1.712416e-02
2.060000e+00 1.664630e-02
2.070000e+00 1.617794e-02
2.080000e+00 1.571902e-02
2.090000e+00 1.526948e-02
2.100000e+00 1.482927e-02
2.110000e+00 1.439830e-02
2.120000e+00 1.397652e-02
2.130000e+00 1.356384e-02
2.140000e+00 1.316018e-02
2.150000e+00 1.276548e-02
2.160000e+00 1.237962e-02
2.170000e+00 1.200254e-02
2.180000e+00 1.163414e-02
2.190000e+00 1.127433e-02
2.200000e+00 1.092300e-02
2.210000e+00 1.058007e-02
2.220000e+00 1.024543e-02
2.230000e+00 9.918966e-03
2.240000e+00 9.600580e-03
2.250000e+00 9.290160e-03
2.260000e+00 8.987598e-03
2.270000e+00 8.692784e-03
2.280000e+00 8.405601e-03
2.290000e+00 8.125931e-03
2.300000e+00 7.853659e-03
2.310000e+00 7.588664e-03
2.320000e+00 7.330826e-03
2.330000e+00 7.080025e-03
2.340000e+00 6.836145e-03
2.350000e+00 6.599063e-03
2.360000e+00 6.368654e-03
2.370000e+00 6.144794e-03
2.380000e+00 5.927359e-03
2.390000e+00 5.716230e-03
2.400000e+00 5.511280e-03
2.410000e+00 5.312387e-03
2.420000e+00 5.119427e-03
2.430000e+00 4.932277e-03
2.440000e+00 4.750815e-03
2.450000e+00 4.574917e-03
2.460000e+00 4.404463e-03
2.470000e+00 4.239329e-03
2.480000e+00 4.079395e-03
2.490000e+00 3.924541e-03
2.500000e+00 3.774649e-03
2.510000e+00 3.629602e-03
2.520000e+00 3.489283e-03
2.530000e+00 3.353577e-03
2.540000e+00 3.222368e-03
2.550000e+00 3.095544e-03
2.560000e+00 2.972993e-03
2.570000e+00 2.854604e-03
2.580000e+00 2.740266e-03
2.590000e+00 2.629875e-03
2.600000e+00 2.523322e-03
2.610000e+00 2.420503e-03
2.620000e+00 2.321314e-03
2.630000e+00 2.225655e-03
2.640000e+00 2.133424e-03
2.650000e+00 2.044524e-03
2.660000e+00 1.958859e-03
2.670000e+00 1.876334e-03
2.680000e+00 1.796856e-03
2.690000e+00 1.720333e-03
2.700000e+00 1.646672e-03
2.710000e+00 1.575789e-03
2.720000e+00 1.507596e-03
2.730000e+00 1.442010e-03
2.740000e+00 1.378948e-03
2.750000e+00 1.318329e-03
2.760000e+00 1.260074e-03
2.770000e+00 1.204109e-03
2.780000e+00 1.150358e-03
2.790000e+00 1.098746e-03
2.800000e+00 1.049200e-03
2.810000e+00 1.001651e-03
2.820000e+00 9.560284e-04
2.830000e+00 9.122671e-04
2.840000e+00 8.703028e-04
2.850000e+00 8.300729e-04
2.860000e+00 7.915158e-04
2.870000e+00 7.545718e-04
2.880000e+00 7.191824e-04
2.890000e+00 6.852914e-04
2.900000e+00 6.528445e-04
2.910000e+00 6.217883e-04
2.920000e+00 5.920709e-04
2.930000e+00 5.636418e-04
2.940000e+00 5.364522e-04
2.950000e+00 5.104546e-04
2.960000e+00 4.856035e-04
2.970000e+00 4.618549e-04
2.980000e+00 4.391652e-04
2.990000e+00 4.174931e-04
3.000000e+00 3.967981e-04
3.010000e+00 3.770408e-04
3.020000e+00 3.581837e-04
3.030000e+00 3.401905e-04
3.040000e+00 3.230259e-04
3.050000e+00 3.066562e-04
3.060000e+00 2.910489e-04
3.070000e+00 2.761723e-04
3.080000e+00 2.619960e-04
3.090000e+00 2.484895e-04
3.100000e+00 2.356244e-04
3.110000e+00 2.233737e-04
3.120000e+00 2.117116e-04
3.130000e+00 2.006126e-04
3.140000e+00 1.900514e-04
3.150000e+00 1.800045e-04
3.160000e+00 1.704494e-04
3.170000e+00 1.613645e-04
3.180000e+00 1.527292e-04
3.190000e+00 1.445232e-04
3.200000e+00 1.367267e-04
3.210000e+00 1.293209e-04
3.220000e+00 1.222879e-04
3.230000e+00 1.156111e-04
3.240000e+00 1.092736e-04
3.250000e+00 1.032597e-04
3.260000e+00 9.755466e-05
3.270000e+00 9.214395e-05
3.280000e+00 8.701374e-05
3.290000e+00 8.215065e-05
3.300000e+00 7.754182e-05
3.310000e+00 7.317488e-05
3.320000e+00 6.903818e-05
3.330000e+00 6.512054e-05
3.340000e+00 6.141148e-05
3.350000e+00 5.790067e-05
3.360000e+00 5.457819e-05
3.370000e+00 5.143468e-05
3.380000e+00 4.846117e-05
3.390000e+00 4.564918e-05
3.400000e+00 4.299070e-05
3.410000e+00 4.047793e-05
3.420000e+00 3.810345e-05
3.430000e+00 3.586028e-05
3.440000e+00 3.374156e-05
3.450000e+00 3.174078e-05
3.460000e+00 2.985180e-05
3.470000e+00 2.806867e-05
3.480000e+00 2.638591e-05
3.490000e+00 2.479851e-05
3.500000e+00 2.330147e-05
3.510000e+00 2.188999e-05
3.520000e+00 2.055944e-05
3.530000e+00 1.930539e-05
3.540000e+00 1.812373e-05
3.550000e+00 1.701072e-05
3.560000e+00 1.596257e-05
3.570000e+00 1.497563e-05
3.580000e+00 1.404661e-05
3.590000e+00 1.317223e-05
3.600000e+00 1.234950e-05
3.610000e+00 1.157567e-05
3.620000e+00 1.084790e-05
3.630000e+00 1.016361e-05
3.640000e+00 9.520385e-06
3.650000e+00 8.915860e-06
3.660000e+00 8.347880e-06
3.670000e+00 7.814381e-06
3.680000e+00 7.313389e-06
3.690000e+00 6.843003e-06
3.700000e+00 6.401353e-06
3.710000e+00 5.986835e-06
3.720000e+00 5.597930e-06
3.730000e+00 5.233106e-06
3.740000e+00 4.890915e-06
3.750000e+00 4.570013e-06
3.760000e+00 4.269186e-06
3.770000e+00 3.987321e-06
3.780000e+00 3.723293e-06
3.790000e+00 3.475965e-06
3.800000e+00 3.244349e-06
3.810000e+00 3.027512e-06
3.820000e+00 2.824577e-06
3.830000e+00 2.634709e-06
3.840000e+00 2.457114e-06
3.850000e+00 2.290994e-06
3.860000e+00 2.135610e-06
3.870000e+00 1.990313e-06
3.880000e+00 1.854456e-06
3.890000e+00 1.727450e-06
3.900000e+00 1.608761e-06
3.910000e+00 1.497900e-06
3.920000e+00 1.394358e-06
3.930000e+00 1.297685e-06
3.940000e+00 1.207498e-06
3.950000e+00 1.123381e-06
3.960000e+00 1.044915e-06
3.970000e+00 9.717152e-07
3.980000e+00 9.034238e-07
3.990000e+00 8.397175e-07
4.000000e+00 7.803290e-07
4.010000e+00 7.249936e-07
4.020000e+00 6.734240e-07
4.030000e+00 6.253843e-07
4.040000e+00 5.806370e-07
4.050000e+00 5.389556e-07
4.060000e+00 5.001591e-07
4.070000e+00 4.640701e-07
4.080000e+00 4.305068e-07
4.090000e+00 3.992862e-07
4.100000e+00 3.702480e-07
4.110000e+00 3.432503e-07
4.120000e+00 3.181473e-07
4.130000e+00 2.948033e-07
4.140000e+00 2.731147e-07
4.150000e+00 2.529642e-07
4.160000e+00 2.342417e-07
4.170000e+00 2.168652e-07
4.180000e+00 2.007391e-07
4.190000e+00 1.857684e-07
4.200000e+00 1.718735e-07
4.210000e+00 1.589767e-07
4.220000e+00 1.470106e-07
4.230000e+00 1.359202e-07
4.240000e+00 1.256501e-07
4.250000e+00 1.161347e-07
4.260000e+00 1.073143e-07
4.270000e+00 9.914123e-08
4.280000e+00 9.157244e-08
4.290000e+00 8.457013e-08
4.300000e+00 7.808381e-08
4.310000e+00 7.207319e-08
4.320000e+00 6.650769e-08
4.330000e+00 6.135128e-08
4.340000e+00 5.657585e-08
4.350000e+00 5.216287e-08
4.360000e+00 4.809082e-08
4.370000e+00 4.432992e-08
4.380000e+00 4.085699e-08
4.390000e+00 3.765217e-08
4.400000e+00 3.469276e-08
4.410000e+00 3.195513e-08
4.420000e+00 2.942151e-08
4.430000e+00 2.707992e-08
4.440000e+00 2.491952e-08
4.450000e+00 2.292925e-08
4.460000e+00 2.109401e-08
4.470000e+00 1.939954e-08
4.480000e+00 1.783529e-08
4.490000e+00 1.639360e-08
4.500000e+00 1.506407e-08
4.510000e+00 1.383505e-08
4.520000e+00 1.270217e-08
4.530000e+00 1.166189e-08
4.540000e+00 1.070727e-08
4.550000e+00 9.828663e-09
4.560000e+00 9.020195e-09
4.570000e+00 8.277776e-09
4.580000e+00 7.595801e-09
4.590000e+00 6.969215e-09
4.600000e+00 6.392346e-09
4.610000e+00 5.860934e-09
4.620000e+00 5.370630e-09
4.630000e+00 4.918539e-09
4.640000e+00 4.504278e-09
4.650000e+00 4.126455e-09
4.660000e+00 3.780400e-09
4.670000e+00 3.461734e-09
4.680000e+00 3.167513e-09
4.690000e+00 2.896350e-09
4.700000e+00 2.647658e-09
4.710000e+00 2.420209e-09
4.720000e+00 2.211767e-09
4.730000e+00 2.020241e-09
4.740000e+00 1.845058e-09
4.750000e+00 1.684835e-09
4.760000e+00 1.537886e-09
4.770000e+00 1.403538e-09
4.780000e+00 1.280860e-09
4.790000e+00 1.168662e-09
4.800000e+00 1.065917e-09
4.810000e+00 9.718331e-10
4.820000e+00 8.859365e-10
4.830000e+00 8.069853e-10
4.840000e+00 7.344839e-10
4.850000e+00 6.682743e-10
4.860000e+00 6.079991e-10
4.870000e+00 5.535251e-10
4.880000e+00 5.041867e-10
4.890000e+00 4.591087e-10
4.900000e+00 4.175849e-10
4.910000e+00 3.794427e-10
4.920000e+00 3.447275e-10
4.930000e+00 3.133075e-10
4.940000e+00 2.845844e-10
4.950000e+00 2.583885e-10
4.960000e+00 2.346236e-10
4.970000e+00 2.127985e-10
4.980000e+00 1.927062e-10
4.990000e+00 1.744191e-10
5.000000e+00 1.580312e-10
5.010000e+00 1.433088e-10
5.020000e+00 1.299545e-10
5.030000e+00 1.178833e-10
5.040000e+00 1.070284e-10
5.050000e+00 9.706438e-11
5.060000e+00 8.783617e-11
5.070000e+00 7.942343e-11
5.080000e+00 7.189469e-11
5.090000e+00 6.512904e-11
5.100000e+00 5.904263e-11
5.110000e+00 5.359083e-11
5.120000e+00 4.847686e-11
5.130000e+00 4.365493e-11
5.140000e+00 3.924608e-11
5.150000e+00 3.517407e-11
5.160000e+00 3.147268e-11
5.170000e+00 2.828757e-11
5.180000e+00 2.549670e-11
5.190000e+00 2.292283e-11
5.200000e+00 2.056716e-11
5.210000e+00 1.849528e-11
5.220000e+00 1.667419e-11
5.230000e+00 1.501025e-11
5.240000e+00 1.353147e-11
5.250000e+00 1.225959e-11
5.260000e+00 1.113492e-11
5.270000e+00 1.009104e-11
5.280000e+00 9.133943e-12
5.290000e+00 8.315913e-12
5.300000e+00 7.607096e-12
5.310000e+00 6.970466e-12
5.320000e+00 6.381530e-12
5.330000e+00 5.823575e-12
5.340000e+00 5.291124e-12
5.350000e+00 4.794288e-12
5.360000e+00 4.333721e-12
5.370000e+00 3.911200e-12
5.380000e+00 3.542235e-12
5.390000e+00 3.209300e-12
5.400000e+00 2.909795e-12
5.410000e+00 2.631252e-12
5.420000e+00 2.348462e-12
5.430000e+00 2.090024e-12
5.440000e+00 1.878743e-12
5.450000e+00 1.683369e-12
5.460000e+00 1.507914e-12
5.470000e+00 1.351375e-12
5.480000e+00 1.217781e-12
5.490000e+00 1.121561e-12
5.500000e+00 1.052286e-12
5.510000e+00 9.888356e-13
5.520000e+00 8.982138e-13
5.530000e+00 7.978921e-13
5.540000e+00 7.166653e-13
5.550000e+00 6.583368e-13
5.560000e+00 6.176242e-13
5.570000e+00 5.885452e-13
5.580000e+00 5.616392e-13
5.590000e+00 5.366888e-13
5.600000e+00 5.207679e-13
5.610000e+00 5.143928e-13
5.620000e+00 5.138251e-13
5.630000e+00 5.002826e-13
5.640000e+00 4.785242e-13
5.650000e+00 4.633285e-13
5.660000e+00 4.481461e-13
5.670000e+00 4.242665e-13
5.680000e+00 3.893116e-13
5.690000e+00 3.406415e-13
5.700000e+00 2.934364e-13
5.710000e+00 2.626048e-13
5.720000e+00 2.359083e-13
5.730000e+00 2.011099e-13
5.740000e+00 1.686042e-13
5.750000e+00 1.495798e-13
5.760000e+00 1.342017e-13
5.770000e+00 1.193327e-13
5.780000e+00 1.097862e-13
5.790000e+00 1.062544e-13
5.800000e+00 1.093362e-13
5.810000e+00 1.144936e-13
5.820000e+00 1.156155e-13
5.830000e+00 1.121608e-13
5.840000e+00 1.087513e-13
5.850000e+00 1.076083e-13
5.860000e+00 1.085055e-13
5.870000e+00 1.062725e-13
5.880000e+00 1.020069e-13
5.890000e+00 1.017960e-13
5.900000e+00 1.036536e-13
5.910000e+00 1.042712e-13
5.920000e+00 9.913669e-14
5.930000e+00 8.997727e-14
5.940000e+00 8.578490e-14
5.950000e+00 8.643894e-14
5.960000e+00 8.672362e-14
5.970000e+00 8.550130e-14
5.980000e+00 8.206512e-14
5.990000e+00 7.412291e-14
6.000000e+00 6.260944e-14
6.010000e+00 5.033531e-14
6.020000e+00 4.449800e-14
6.030000e+00 4.518363e-14
6.040000e+00 4.462392e-14
6.050000e+00 4.266420e-14
6.060000e+00 4.014045e-14
6.070000e+00 3.903108e-14
6.080000e+00 3.911202e-14
6.090000e+00 4.080160e-14
6.100000e+00 4.554241e-14
6.110000e+00 5.115370e-14
6.120000e+00 5.684531e-14
6.130000e+00 6.168841e-14
6.140000e+00 6.519263e-14
6.150000e+00 6.727586e-14
6.160000e+00 6.490057e-14
6.170000e+00 6.020796e-14
6.180000e+00 5.389983e-14
6.190000e+00 4.521540e-14
6.200000e+00 3.755903e-14
6.210000e+00 3.214354e-14
6.220000e+00 2.978221e-14
6.230000e+00 2.831571e-14
6.240000e+00 2.744977e-14
6.250000e+00 2.746485e-14
6.260000e+00 2.749427e-14
6.270000e+00 2.795554e-14
6.280000e+00 2.922374e-14
6.290000e+00 3.092121e-14
6.300000e+00 3.148098e-14
6.310000e+00 2.963053e-14
6.320000e+00 2.606714e-14
6.330000e+00 2.561464e-14
6.340000e+00 2.997198e-14
6.350000e+00 3.662726e-14
6.360000e+00 4.465750e-14
6.370000e+00 5.007205e-14
6.380000e+00 5.530068e-14
6.390000e+00 6.161505e-14
6.400000e+00 6.851560e-14
6.410000e+00 7.157381e-14
6.420000e+00 6.528109e-14
6.430000e+00 5.874811e-14
6.440000e+00 5.509881e-14
6.450000e+00 5.077550e-14
6.460000e+00 4.432975e-14
6.470000e+00 3.913113e-14
6.480000e+00 3.783240e-14
6.490000e+00 3.677684e-14
6.500000e+00 3.052382e-14
6.510000e+00 2.454182e-14
6.520000e+00 2.451653e-14
6.530000e+00 2.925482e-14
6.540000e+00 3.547503e-14
6.550000e+00 3.965613e-14
6.560000e+00 4.092202e-14
6.570000e+00 4.122273e-14
6.580000e+00 4.000227e-14
6.590000e+00 3.649277e-14
6.600000e+00 3.655874e-14
6.610000e+00 4.235071e-14
6.620000e+00 4.575558e-14
6.630000e+00 4.445794e-14
6.640000e+00 4.161688e-14
6.650000e+00 3.691731e-14
6.660000e+00 3.427836e-14
6.670000e+00 3.519683e-14
6.680000e+00 3.719308e-14
6.690000e+00 3.860611e-14
6.700000e+00 3.779708e-14
6.710000e+00 3.660389e-14
6.720000e+00 3.537280e-14
6.730000e+00 3.180280e-14
6.740000e+00 2.790258e-14
6.750000e+00 2.872471e-14
6.760000e+00 3.305950e-14
6.770000e+00 3.908144e-14
6.780000e+00 4.605777e-14
6.790000e+00 5.156675e-14
6.800000e+00 5.706578e-14
6.810000e+00 6.026889e-14
6.820000e+00 5.954180e-14
6.830000e+00 5.532087e-14
6.840000e+00 4.853643e-14
6.850000e+00 4.172205e-14
6.860000e+00 3.869402e-14
6.870000e+00 3.809847e-14
6.880000e+00 3.459341e-14
6.890000e+00 3.023385e-14
6.900000e+00 2.870895e-14
6.910000e+00 2.953046e-14
6.920000e+00 2.974272e-14
6.930000e+00 2.836722e-14
6.940000e+00 2.690501e-14
6.950000e+00 2.753585e-14
6.960000e+00 3.253903e-14
6.970000e+00 4.056342e-14
6.980000e+00 4.702948e-14
6.990000e+00 5.080903e-14
7.000000e+00 5.155762e-14
7.010000e+00 5.042117e-14
7.020000e+00 4.839047e-14
7.030000e+00 4.443616e-14
7.040000e+00 4.016957e-14
7.050000e+00 3.667381e-14
7.060000e+00 3.565073e-14
7.070000e+00 3.770958e-14
7.080000e+00 4.136664e-14
7.090000e+00 4.656441e-14
7.100000e+00 4.608081e-14
7.110000e+00 3.992588e-14
7.120000e+00 3.507813e-14
7.130000e+00 3.212049e-14
7.140000e+00 3.097492e-14
7.150000e+00 3.066442e-14
7.160000e+00 3.050703e-14
7.170000e+00 3.137600e-14
7.180000e+00 3.415157e-14
7.190000e+00 3.628154e-14
7.200000e+00 3.643595e-14
7.210000e+00 3.789971e-14
7.220000e+00 3.774673e-14
7.230000e+00 3.497454e-14
7.240000e+00 3.409856e-14
7.250000e+00 3.593145e-14
7.260000e+00 3.934636e-14
7.270000e+00 4.081690e-14
7.280000e+00 3.852215e-14
7.290000e+00 3.463573e-14
7.300000e+00 3.562663e-14
7.310000e+00 4.187723e-14
7.320000e+00 4.680200e-14
7.330000e+00 5.051551e-14
7.340000e+00 5.335036e-14
7.350000e+00 5.293196e-14
7.360000e+00 4.944135e-14
7.370000e+00 4.448993e-14
7.380000e+00 4.134726e-14
7.390000e+00 3.884731e-14
7.400000e+00 3.640879e-14
7.410000e+00 3.582317e-14
7.420000e+00 3.581040e-14
7.430000e+00 3.804236e-14
7.440000e+00 3.940160e-14
7.450000e+00 4.043166e-14
7.460000e+00 4.273702e-14
7.470000e+00 4.202610e-14
7.480000e+00 4.167448e-14
7.490000e+00 4.159885e-14
7.500000e+00 3.845427e-14
7.510000e+00 3.329586e-14
7.520000e+00 2.907276e-14
7.530000e+00 2.591807e-14
7.540000e+00 2.454344e-14
7.550000e+00 2.434292e-14
7.560000e+00 2.082323e-14
7.570000e+00 1.789681e-14
7.580000e+00 2.035288e-14
7.590000e+00 2.598371e-14
7.600000e+00 3.256806e-14
7.610000e+00 3.834820e-14
7.620000e+00 4.363951e-14
7.630000e+00 4.800567e-14
7.640000e+00 4.767491e-14
7.650000e+00 4.894134e-14
7.660000e+00 5.612513e-14
7.670000e+00 6.132172e-14
7.680000e+00 5.772632e-14
7.690000e+00 4.809965e-14
7.700000e+00 4.016824e-14
7.710000e+00 3.634562e-14
7.720000e+00 3.749246e-14
7.730000e+00 4.135387e-14
7.740000e+00 4.321076e-14
7.750000e+00 4.221475e-14
7.760000e+00 3.832912e-14
7.770000e+00 3.540101e-14
7.780000e+00 3.576313e-14
7.790000e+00 3.740688e-14
7.800000e+00 3.859172e-14
7.810000e+00 3.828184e-14
7.820000e+00 3.635263e-14
7.830000e+00 3.267197e-14
7.840000e+00 2.801554e-14
7.850000e+00 2.673181e-14
7.860000e+00 2.864883e-14
7.870000e+00 2.847525e-14
7.880000e+00 2.602405e-14
7.890000e+00 2.446627e-14
7.900000e+00 2.437092e-14
7.910000e+00 2.424724e-14
7.920000e+00 2.413526e-14
7.930000e+00 2.720960e-14
7.940000e+00 3.386656e-14
7.950000e+00 4.015221e-14
7.960000e+00 4.629350e-14
7.970000e+00 4.948130e-14
7.980000e+00 4.960847e-14
7.990000e+00 5.032132e-14
8.000000e+00 4.895529e-14
8.010000e+00 4.551711e-14
8.020000e+00 4.398702e-14
8.030000e+00 4.382807e-14
8.040000e+00 4.349805e-14
8.050000e+00 4.256505e-14
8.060000e+00 4.129323e-14
8.070000e+00 4.184039e-14
8.080000e+00 4.018740e-14
8.090000e+00 3.365980e-14
8.100000e+00 2.784936e-14
8.110000e+00 2.487338e-14
8.120000e+00 2.434009e-14
8.130000e+00 2.697350e-14
8.140000e+00 3.182398e-14
8.150000e+00 3.654103e-14
8.160000e+00 3.910834e-14
8.170000e+00 3.978551e-14
8.180000e+00 3.821719e-14
8.190000e+00 3.382662e-14
8.200000e+00 3.008243e-14
8.210000e+00 2.967214e-14
8.220000e+00 3.130963e-14
8.230000e+00 3.143155e-14
8.240000e+00 2.993064e-14
8.250000e+00 3.044913e-14
8.260000e+00 3.315622e-14
8.270000e+00 3.575962e-14
8.280000e+00 3.679476e-14
8.290000e+00 3.778622e-14
8.300000e+00 4.052848e-14
8.310000e+00 4.201153e-14
8.320000e+00 4.321608e-14
8.330000e+00 4.417869e-14
8.340000e+00 4.133347e-14
8.350000e+00 3.684247e-14
8.360000e+00 3.399209e-14
8.370000e+00 3.228484e-14
8.380000e+00 3.038668e-14
8.390000e+00 2.907795e-14
8.400000e+00 2.939430e-14
8.410000e+00 3.029646e-14
8.420000e+00 3.043657e-14
8.430000e+00 3.234083e-14
8.440000e+00 3.518021e-14
8.450000e+00 3.649796e-14
8.460000e+00 3.782984e-14
8.470000e+00 3.760656e-14
8.480000e+00 3.418069e-14
8.490000e+00 3.153457e-14
8.500000e+00 3.125626e-14
8.510000e+00 3.071434e-14
8.520000e+00 3.194463e-14
8.530000e+00 3.484344e-14
8.540000e+00 3.588831e-14
8.550000e+00 3.503305e-14
8.560000e+00 3.243789e-14
8.570000e+00 3.018415e-14
8.580000e+00 2.928447e-14
8.590000e+00 3.033574e-14
8.600000e+00 3.317839e-14
8.610000e+00 3.510622e-14
8.620000e+00 3.612591e-14
8.630000e+00 3.887775e-14
8.640000e+00 4.328559e-14
8.650000e+00 4.480786e-14
8.660000e+00 4.165875e-14
8.670000e+00 3.629270e-14
8.680000e+00 3.080254e-14
8.690000e+00 2.673334e-14
8.700000e+00 2.498133e-14
8.710000e+00 2.508448e-14
8.720000e+00 2.658460e-14
8.730000e+00 2.718103e-14
8.740000e+00 2.829475e-14
8.750000e+00 3.026346e-14
8.760000e+00 2.906259e-14
8.770000e+00 2.618960e-14
8.780000e+00 2.331368e-14
8.790000e+00 2.269808e-14
8.800000e+00 2.552315e-14
8.810000e+00 3.217777e-14
8.820000e+00 3.874383e-14
8.830000e+00 4.180573e-14
8.840000e+00 4.263500e-14
8.850000e+00 4.198169e-14
8.860000e+00 4.231104e-14
8.870000e+00 3.948411e-14
8.880000e+00 3.312769e-14
8.890000e+00 2.847194e-14
8.900000e+00 2.552370e-14
8.910000e+00 2.418932e-14
8.920000e+00 2.737381e-14
8.930000e+00 3.346686e-14
8.940000e+00 3.854846e-14
8.950000e+00 4.379946e-14
8.960000e+00 4.803586e-14
8.970000e+00 4.709455e-14
8.980000e+00 3.968108e-14
8.990000e+00 2.993028e-14
9.000000e+00 2.083374e-14
9.010000e+00 1.562986e-14
9.020000e+00 1.542963e-14
9.030000e+00 1.708287e-14
9.040000e+00 1.890053e-14
9.050000e+00 2.076602e-14
9.060000e+00 2.343389e-14
9.070000e+00 2.689596e-14
9.080000e+00 3.175402e-14
9.090000e+00 3.683474e-14
9.100000e+00 3.886416e-14
9.110000e+00 3.762925e-14
9.120000e+00 3.696180e-14
9.130000e+00 3.651539e-14
9.140000e+00 3.502391e-14
9.150000e+00 3.484418e-14
9.160000e+00 3.299217e-14
9.170000e+00 2.870623e-14
9.180000e+00 2.456808e-14
9.190000e+00 2.297653e-14
9.200000e+00 2.371689e-14
9.210000e+00 2.472202e-14
9.220000e+00 2.608589e-14
9.230000e+00 2.566533e-14
9.240000e+00 2.547430e-14
9.250000e+00 2.698810e-14
9.260000e+00 2.819467e-14
9.270000e+00 2.876426e-14
9.280000e+00 2.857480e-14
9.290000e+00 2.947701e-14
9.300000e+00 3.118446e-14
9.310000e+00 3.308825e-14
9.320000e+00 3.575249e-14
9.330000e+00 3.869492e-14
9.340000e+00 4.054678e-14
9.350000e+00 3.796869e-14
9.360000e+00 3.164464e-14
9.370000e+00 2.651941e-14
9.380000e+00 2.185146e-14
9.390000e+00 1.629748e-14
9.400000e+00 1.228970e-14
9.410000e+00 1.293364e-14
9.420000e+00 1.889081e-14
9.430000e+00 2.625362e-14
9.440000e+00 3.214187e-14
9.450000e+00 3.452256e-14
9.460000e+00 3.304612e-14
9.470000e+00 3.198501e-14
9.480000e+00 3.307811e-14
9.490000e+00 3.262816e-14
9.500000e+00 3.222521e-14
9.510000e+00 3.197783e-14
9.520000e+00 2.799609e-14
9.530000e+00 2.213432e-14
9.540000e+00 1.929554e-14
9.550000e+00 2.014174e-14
9.560000e+00 1.994794e-14
9.570000e+00 1.880562e-14
9.580000e+00 1.899922e-14
9.590000e+00 2.098450e-14
9.600000e+00 2.341909e-14
9.610000e+00 2.559226e-14
9.620000e+00 2.693233e-14
9.630000e+00 2.680213e-14
9.640000e+00 2.681688e-14
9.650000e+00 2.813255e-14
9.660000e+00 3.023187e-14
9.670000e+00 3.100749e-14
9.680000e+00 3.165242e-14
9.690000e+00 3.427737e-14
9.700000e+00 3.671739e-14
9.710000e+00 3.555842e-14
9.720000e+00 3.258893e-14
9.730000e+00 2.814162e-14
9.740000e+00 2.194255e-14
9.750000e+00 1.806909e-14
9.760000e+00 1.656420e-14
9.770000e+00 1.568111e-14
9.780000e+00 1.615674e-14
9.790000e+00 1.739137e-14
9.800000e+00 1.869097e-14
9.810000e+00 2.091028e-14
9.820000e+00 2.193209e-14
9.830000e+00 2.174667e-14
9.840000e+00 2.131187e-14
9.850000e+00 1.951901e-14
9.860000e+00 1.810601e-14
9.870000e+00 1.964969e-14
9.880000e+00 2.313618e-14
9.890000e+00 2.488721e-14
9.900000e+00 2.473640e-14
9.910000e+00 2.451421e-14
9.920000e+00 2.664567e-14
9.930000e+00 2.881355e-14
9.940000e+00 2.933147e-14
9.950000e+00 2.850829e-14
9.960000e+00 2.531615e-14
9.970000e+00 2.162845e-14
9.980000e+00 2.156566e-14
9.990000e+00 2.543247e-14
1.000000e+01 2.788399e-14
1.001000e+01 2.705153e-14
1.002000e+01 2.464955e-14
1.003000e+01 2.301362e-14
1.004000e+01 2.112440e-14
1.005000e+01 1.824127e-14
1.006000e+01 1.722585e-14
1.007000e+01 1.778793e-14
1.008000e+01 1.848665e-14
1.009000e+01 1.980366e-14
1.010000e+01 2.076329e-14
1.011000e+01 2.099599e-14
1.012000e+01 2.256350e-14
1.013000e+01 2.404875e-14
1.014000e+01 2.274309e-14
1.015000e+01 1.983131e-14
1.016000e+01 1.882341e-14
1.017000e+01 1.899067e-14
1.018000e+01 1.833184e-14
1.019000e+01 1.886202e-14
1.020000e+01 1.964714e-14
1.021000e+01 1.893858e-14
1.022000e+01 1.734726e-14
1.023000e+01 1.564575e-14
1.024000e+01 1.512011e-14
1.025000e+01 1.676179e-14
1.026000e+01 2.028376e-14
1.027000e+01 2.444197e-14
1.028000e+01 2.883151e-14
1.029000e+01 3.440010e-14
1.030000e+01 3.761661e-14
1.031000e+01 3.276943e-14
1.032000e+01 2.486336e-14
1.033000e+01 1.979159e-14
1.034000e+01 1.774622e-14
1.035000e+01 1.597544e-14
1.036000e+01 1.310183e-14
1.037000e+01 1.251486e-14
1.038000e+01 1.466886e-14
1.039000e+01 1.659092e-14
1.040000e+01 1.808905e-14
1.041000e+01 1.946092e-14
1.042000e+01 2.095047e-14
1.043000e+01 2.263443e-14
1.044000e+01 2.087068e-14
1.045000e+01 1.671530e-14
1.046000e+01 1.468079e-14
1.047000e+01 1.457298e-14
1.048000e+01 1.530233e-14
1.049000e+01 1.513597e-14
1.050000e+01 1.514729e-14
1.051000e+01 1.602831e-14
1.052000e+01 1.643186e-14
1.053000e+01 1.839378e-14
1.054000e+01 2.091922e-14
1.055000e+01 2.167767e-14
1.056000e+01 2.263804e-14
1.057000e+01 2.434768e-14
1.058000e+01 2.500119e-14
1.059000e+01 2.441793e-14
1.060000e+01 2.157164e-14
1.061000e+01 1.838594e-14
1.062000e+01 1.697226e-14
1.063000e+01 1.666650e-14
1.064000e+01 1.743874e-14
1.065000e+01 1.922141e-14
1.066000e+01 2.166706e-14
1.067000e+01 2.084398e-14
1.068000e+01 1.696304e-14
1.069000e+01 1.475587e-14
1.070000e+01 1.511987e-14
1.071000e+01 1.531995e-14
1.072000e+01 1.296717e-14
1.073000e+01 1.061874e-14
1.074000e+01 9.382642e-15
1.075000e+01 8.089827e-15
1.076000e+01 8.655897e-15
1.077000e+01 1.288624e-14
1.078000e+01 1.795541e-14
1.079000e+01 1.967524e-14
1.080000e+01 1.904647e-14
1.081000e+01 1.782433e-14
1.082000e+01 1.739518e-14
1.083000e+01 1.754499e-14
1.084000e+01 1.622873e-14
1.085000e+01 1.541878e-14
1.086000e+01 1.647104e-14
1.087000e+01 1.848536e-14
1.088000e+01 2.185612e-14
1.089000e+01 2.576355e-14
1.090000e+01 2.707762e-14
1.091000e+01 2.616581e-14
1.092000e+01 2.529467e-14
1.093000e+01 2.271709e-14
1.094000e+01 1.874749e-14
1.095000e+01 1.659398e-14
1.096000e+01 1.805816e-14
1.097000e+01 2.100066e-14
1.098000e+01 2.254031e-14
1.099000e+01 2.282876e-14
1.100000e+01 2.378357e-14
1.101000e+01 2.363210e-14
1.102000e+01 1.994466e-14
1.103000e+01 1.458565e-14
1.104000e+01 1.017182e-14
1.105000e+01 7.800444e-15
1.106000e+01 7.240520e-15
1.107000e+01 7.587289e-15
1.108000e+01 8.439799e-15
1.109000e+01 9.327476e-15
1.110000e+01 1.046289e-14
1.111000e+01 1.154398e-14
1.112000e+01 1.116731e-14
1.113000e+01 1.045785e-14
1.114000e+01 1.029187e-14
1.115000e+01 1.039089e-14
1.116000e+01 1.217583e-14
1.117000e+01 1.523941e-14
1.118000e+01 1.794641e-14
1.119000e+01 1.979326e-14
1.120000e+01 1.951735e-14
1.121000e+01 1.895691e-14
1.122000e+01 1.852128e-14
1.123000e+01 1.797832e-14
1.124000e+01 1.840497e-14
1.125000e+01 1.886036e-14
1.126000e+01 1.964344e-14
1.127000e+01 1.953239e-14
1.128000e+01 1.836174e-14
1.129000e+01 1.861812e-14
1.130000e+01 1.921591e-14
1.131000e+01 1.875890e-14
1.132000e+01 1.796725e-14
1.133000e+01 1.700061e-14
1.134000e+01 1.524912e-14
1.135000e+01 1.321501e-14
1.136000e+01 1.210663e-14
1.137000e+01 1.194870e-14
1.138000e+01 1.282660e-14
1.139000e+01 1.361289e-14
1.140000e+01 1.278802e-14
1.141000e+01 1.123191e-14
1.142000e+01 9.096135e-15
1.143000e+01 6.645921e-15
1.144000e+01 5.107896e-15
1.145000e+01 4.894608e-15
1.146000e+01 5.874689e-15
1.147000e+01 7.847907e-15
1.148000e+01 9.242029e-15
1.149000e+01 9.536614e-15
1.150000e+01 1.019935e-14
1.151000e+01 1.087768e-14
1.152000e+01 1.147473e-14
1.153000e+01 1.253613e-14
1.154000e+01 1.451767e-14
1.155000e+01 1.767040e-14
1.156000e+01 1.975398e-14
1.157000e+01 1.990535e-14
1.158000e+01 1.854266e-14
1.159000e+01 1.580850e-14
1.160000e+01 1.371095e-14
1.161000e+01 1.292166e-14
1.162000e+01 1.277607e-14
1.163000e+01 1.260393e-14
1.164000e+01 1.336476e-14
1.165000e+01 1.433380e-14
1.166000e+01 1.420929e-14
1.167000e+01 1.314923e-14
1.168000e+01 1.220873e-14
1.169000e+01 1.269447e-14
1.170000e+01 1.357824e-14
1.171000e+01 1.365761e-14
1.172000e+01 1.259191e-14
1.173000e+01 1.091482e-14
1.174000e+01 1.000533e-14
1.175000e+01 1.013137e-14
1.176000e+01 1.086313e-14
1.177000e+01 1.205584e-14
1.178000e+01 1.341326e-14
1.179000e+01 1.389381e-14
1.180000e+01 1.289608e-14
1.181000e+01 1.189725e-14
1.182000e+01 1.097921e-14
1.183000e+01 9.642123e-15
1.184000e+01 9.146835e-15
1.185000e+01 9.621145e-15
1.186000e+01 9.817816e-15
1.187000e+01 9.347184e-15
1.188000e+01 9.049016e-15
1.189000e+01 8.870334e-15
1.190000e+01 8.735559e-15
1.191000e+01 8.711821e-15
1.192000e+01 8.456734e-15
1.193000e+01 7.849382e-15
1.194000e+01 7.395785e-15
1.195000e+01 6.941046e-15
1.196000e+01 6.085298e-15
1.197000e+01 6.768274e-15
1.198000e+01 8.992012e-15
1.199000e+01 1.079611e-14
1.200000e+01 1.159253e-14
1.201000e+01 1.098561e-14
1.202000e+01 9.289486e-15
1.203000e+01 8.446507e-15
1.204000e+01 9.125709e-15
1.205000e+01 1.074750e-14
1.206000e+01 1.316646e-14
1.207000e+01 1.522227e-14
1.208000e+01 1.583962e-14
1.209000e+01 1.488211e-14
1.210000e+01 1.369026e-14
1.211000e+01 1.313071e-14
1.212000e+01 1.196475e-14
1.213000e+01 1.084570e-14
1.214000e+01 1.064075e-14
1.215000e+01 1.076990e-14
1.216000e+01 1.094535e-14
1.217000e+01 1.128513e-14
1.218000e+01 1.132024e-14
1.219000e+01 1.084652e-14
1.220000e+01 1.073451e-14
1.221000e+01 1.129243e-14
1.222000e+01 1.241024e-14
1.223000e+01 1.259978e-14
1.224000e+01 1.004397e-14
1.225000e+01 6.927814e-15
1.226000e+01 5.020072e-15
1.227000e+01 4.362588e-15
1.228000e+01 4.681189e-15
1.229000e+01 5.237924e-15
1.230000e+01 6.151212e-15
1.231000e+01 7.128079e-15
1.232000e+01 6.095219e-15
1.233000e+01 4.495480e-15
1.234000e+01 5.016217e-15
1.235000e+01 7.414702e-15
1.236000e+01 1.143753e-14
1.237000e+01 1.580923e-14
1.238000e+01 1.871239e-14
1.239000e+01 1.954341e-14
1.240000e+01 1.786092e-14
1.241000e+01 1.585035e-14
1.242000e+01 1.410065e-14
1.243000e+01 1.113400e-14
1.244000e+01 7.672467e-15
1.245000e+01 5.351475e-15
1.246000e+01 3.557025e-15
1.247000e+01 2.215437e-15
1.248000e+01 1.868791e-15
1.249000e+01 2.123696e-15
1.250000e+01 2.379612e-15
1.251000e+01 2.707297e-15
1.252000e+01 3.497683e-15
1.253000e+01 3.962430e-15
1.254000e+01 4.716645e-15
1.255000e+01 6.757189e-15
1.256000e+01 9.417518e-15
1.257000e+01 1.205334e-14
1.258000e+01 1.321809e-14
1.259000e+01 1.315325e-14
1.260000e+01 1.351534e-14
1.261000e+01 1.463040e-14
1.262000e+01 1.545509e-14
1.263000e+01 1.641469e-14
1.264000e+01 1.723694e-14
1.265000e+01 1.793444e-14
1.266000e+01 1.855948e-14
1.267000e+01 1.738679e-14
1.268000e+01 1.517793e-14
1.269000e+01 1.326707e-14
1.270000e+01 1.245756e-14
1.271000e+01 1.237350e-14
1.272000e+01 1.227537e-14
1.273000e+01 1.083597e-14
1.274000e+01 7.682323e-15
1.275000e+01 4.715787e-15
1.276000e+01 2.827202e-15
1.277000e+01 1.950365e-15
1.278000e+01 1.952298e-15
1.279000e+01 2.127771e-15
1.280000e+01 1.898273e-15
1.281000e+01 1.724237e-15
1.282000e+01 1.794047e-15
1.283000e+01 1.825129e-15
1.284000e+01 1.958988e-15
1.285000e+01 2.273070e-15
1.286000e+01 2.895562e-15
1.287000e+01 4.177185e-15
1.288000e+01 5.928169e-15
1.289000e+01 6.970220e-15
1.290000e+01 7.442068e-15
1.291000e+01 8.168588e-15
1.292000e+01 8.863347e-15
1.293000e+01 9.535004e-15
1.294000e+01 1.083809e-14
1.295000e+01 1.308263e-14
1.296000e+01 1.676647e-14
1.297000e+01 2.076143e-14
1.298000e+01 2.330875e-14
1.299000e+01 2.351154e-14
1.300000e+01 2.120731e-14
1.301000e+01 1.861828e-14
1.302000e+01 1.486082e-14
1.303000e+01 1.035047e-14
1.304000e+01 6.916011e-15
1.305000e+01 4.998153e-15
1.306000e+01 4.871696e-15
1.307000e+01 4.567562e-15
1.308000e+01 3.274363e-15
1.309000e+01 2.281220e-15
1.310000e+01 1.977399e-15
1.311000e+01 2.133868e-15
1.312000e+01 2.494834e-15
1.313000e+01 3.501622e-15
1.314000e+01 4.879268e-15
1.315000e+01 5.808215e-15
1.316000e+01 6.787220e-15
1.317000e+01 7.778897e-15
1.318000e+01 8.389769e-15
1.319000e+01 8.751012e-15
1.320000e+01 8.268383e-15
1.321000e+01 6.985397e-15
1.322000e+01 6.368292e-15
1.323000e+01 6.904667e-15
1.324000e+01 7.849890e-15
1.325000e+01 8.454539e-15
1.326000e+01 9.251140e-15
1.327000e+01 1.073026e-14
1.328000e+01 1.063345e-14
1.329000e+01 8.990259e-15
1.330000e+01 7.210428e-15
1.331000e+01 5.735036e-15
1.332000e+01 4.876538e-15
1.333000e+01 4.295900e-15
1.334000e+01 4.260265e-15
1.335000e+01 4.789350e-15
1.336000e+01 5.462402e-15
1.337000e+01 6.307691e-15
1.338000e+01 6.700265e-15
1.339000e+01 6.744353e-15
1.340000e+01 6.464578e-15
1.341000e+01 5.370401e-15
1.342000e+01 4.576301e-15
1.343000e+01 4.791019e-15
1.344000e+01 4.810001e-15
1.345000e+01 4.641884e-15
1.346000e+01 5.251709e-15
1.347000e+01 5.875515e-15
1.348000e+01 5.778168e-15
1.349000e+01 5.294551e-15
1.350000e+01 4.904115e-15
1.351000e+01 4.578475e-15
1.352000e+01 4.147046e-15
1.353000e+01 3.708722e-15
1.354000e+01 3.534425e-15
1.355000e+01 4.002911e-15
1.356000e+01 5.159685e-15
1.357000e+01 6.889968e-15
1.358000e+01 9.269986e-15
1.359000e+01 1.154290e-14
1.360000e+01 1.282963e-14
1.361000e+01 1.413281e-14
1.362000e+01 1.588195e-14
1.363000e+01 1.651400e-14
1.364000e+01 1.623399e-14
1.365000e+01 1.518077e-14
1.366000e+01 1.358164e-14
1.367000e+01 1.151184e-14
1.368000e+01 8.394882e-15
1.369000e+01 5.835874e-15
1.370000e+01 5.151613e-15
1.371000e+01 5.018714e-15
1.372000e+01 4.189257e-15
1.373000e+01 3.482829e-15
1.374000e+01 2.936228e-15
1.375000e+01 2.115042e-15
1.376000e+01 1.478579e-15
1.377000e+01 1.314238e-15
1.378000e+01 1.280922e-15
1.379000e+01 1.359858e-15
1.380000e+01 1.618415e-15
1.381000e+01 1.590709e-15
1.382000e+01 1.473269e-15
1.383000e+01 1.880825e-15
1.384000e+01 2.364579e-15
1.385000e+01 2.952137e-15
1.386000e+01 3.877533e-15
1.387000e+01 4.849043e-15
1.388000e+01 5.891096e-15
1.389000e+01 6.836060e-15
1.390000e+01 7.836459e-15
1.391000e+01 9.382072e-15
1.392000e+01 1.100405e-14
1.393000e+01 1.146242e-14
1.394000e+01 1.162242e-14
1.395000e+01 1.258850e-14
1.396000e+01 1.286188e-14
1.397000e+01 1.224366e-14
1.398000e+01 1.149600e-14
1.399000e+01 1.007010e-14
1.400000e+01 8.290537e-15
1.401000e+01 6.446664e-15
1.402000e+01 4.339982e-15
1.403000e+01 2.367126e-15
1.404000e+01 1.365909e-15
1.405000e+01 1.370094e-15
1.406000e+01 2.039368e-15
1.407000e+01 2.865328e-15
1.408000e+01 3.302544e-15
1.409000e+01 3.497833e-15
1.410000e+01 3.904025e-15
1.411000e+01 4.472521e-15
1.412000e+01 5.337585e-15
1.413000e+01 6.310056e-15
1.414000e+01 6.689565e-15
1.415000e+01 6.171719e-15
1.416000e+01 5.160233e-15
1.417000e+01 4.929244e-15
1.418000e+01 4.717296e-15
1.419000e+01 4.029337e-15
1.420000e+01 4.401165e-15
1.421000e+01 5.628747e-15
1.422000e+01 6.994467e-15
1.423000e+01 7.752804e-15
1.424000e+01 7.540191e-15
1.425000e+01 6.694131e-15
1.426000e+01 5.866422e-15
1.427000e+01 5.543610e-15
1.428000e+01 5.533128e-15
1.429000e+01 5.206094e-15
1.430000e+01 4.083406e-15
1.431000e+01 2.841333e-15
1.432000e+01 2.332083e-15
1.433000e+01 2.357577e-15
1.434000e+01 2.475873e-15
1.435000e+01 2.625645e-15
1.436000e+01 3.024017e-15
1.437000e+01 3.928746e-15
1.438000e+01 4.718081e-15
1.439000e+01 5.104186e-15
1.440000e+01 5.352688e-15
1.441000e+01 5.132228e-15
1.442000e+01 5.096814e-15
1.443000e+01 5.792993e-15
1.444000e+01 6.655115e-15
1.445000e+01 7.652868e-15
1.446000e+01 8.333393e-15
1.447000e+01 8.531288e-15
1.448000e+01 8.250945e-15
1.449000e+01 6.259748e-15
1.450000e+01 4.265752e-15
1.451000e+01 3.413000e-15
1.452000e+01 2.757810e-15
1.453000e+01 2.176152e-15
1.454000e+01 1.986600e-15
1.455000e+01 2.232240e-15
1.456000e+01 2.406671e-15
1.457000e+01 2.149356e-15
1.458000e+01 1.874384e-15
1.459000e+01 1.747964e-15
1.460000e+01 1.882856e-15
1.461000e+01 2.682904e-15
1.462000e+01 4.388768e-15
1.463000e+01 5.685584e-15
1.464000e+01 5.695902e-15
1.465000e+01 5.174821e-15
1.466000e+01 5.478376e-15
1.467000e+01 6.772203e-15
1.468000e+01 8.494580e-15
1.469000e+01 1.045560e-14
1.470000e+01 1.110882e-14
1.471000e+01 1.048053e-14
1.472000e+01 9.841799e-15
1.473000e+01 8.712693e-15
1.474000e+01 7.269234e-15
1.475000e+01 6.551634e-15
1.476000e+01 6.218460e-15
1.477000e+01 5.268376e-15
1.478000e+01 3.866664e-15
1.479000e+01 2.974909e-15
1.480000e+01 2.613940e-15
1.481000e+01 2.035744e-15
1.482000e+01 1.271817e-15
1.483000e+01 1.086547e-15
1.484000e+01 1.422586e-15
1.485000e+01 1.465977e-15
1.486000e+01 1.342475e-15
1.487000e+01 1.481871e-15
1.488000e+01 2.039441e-15
1.489000e+01 2.711352e-15
1.490000e+01 2.961361e-15
1.491000e+01 2.940161e-15
1.492000e+01 2.396488e-15
1.493000e+01 2.307328e-15
1.494000e+01 4.000235e-15
1.495000e+01 6.419654e-15
1.496000e+01 7.763496e-15
1.497000e+01 7.639714e-15
1.498000e+01 6.956967e-15
1.499000e+01 6.361217e-15
1.500000e+01 5.821049e-15
1.501000e+01 5.981195e-15
1.502000e+01 6.223607e-15
1.503000e+01 5.849240e-15
1.504000e+01 5.071686e-15
1.505000e+01 4.284367e-15
1.506000e+01 4.385540e-15
1.507000e+01 4.859994e-15
1.508000e+01 4.977382e-15
1.509000e+01 4.796240e-15
1.510000e+01 4.002463e-15
1.511000e+01 3.352850e-15
1.512000e+01 3.177168e-15
1.513000e+01 2.710999e-15
1.514000e+01 1.963855e-15
1.515000e+01 1.671486e-15
1.516000e+01 1.979305e-15
1.517000e+01 2.493537e-15
1.518000e+01 2.681422e-15
1.519000e+01 3.056156e-15
1.520000e+01 3.915167e-15
1.521000e+01 3.902656e-15
1.522000e+01 3.456321e-15
1.523000e+01 3.292152e-15
1.524000e+01 3.269383e-15
1.525000e+01 3.119790e-15
1.526000e+01 2.727145e-15
1.527000e+01 2.233062e-15
1.528000e+01 1.736014e-15
1.529000e+01 1.814385e-15
1.530000e+01 2.243723e-15
1.531000e+01 2.556557e-15
1.532000e+01 3.087946e-15
1.533000e+01 3.891555e-15
1.534000e+01 4.630747e-15
1.535000e+01 4.886924e-15
1.536000e+01 5.167061e-15
1.537000e+01 5.363418e-15
1.538000e+01 5.529849e-15
1.539000e+01 6.621638e-15
1.540000e+01 7.285743e-15
1.541000e+01 7.208263e-15
1.542000e+01 7.921468e-15
1.543000e+01 8.149700e-15
1.544000e+01 7.195244e-15
1.545000e+01 5.737511e-15
1.546000e+01 4.337085e-15
1.547000e+01 2.866379e-15
1.548000e+01 2.032846e-15
1.549000e+01 2.027627e-15
1.550000e+01 2.240992e-15
1.551000e+01 2.593771e-15
1.552000e+01 3.150878e-15
1.553000e+01 3.593078e-15
1.554000e+01 3.758404e-15
1.555000e+01 4.127017e-15
1.556000e+01 4.892628e-15
1.557000e+01 5.228161e-15
1.558000e+01 4.489968e-15
1.559000e+01 2.812591e-15
1.560000e+01 1.592675e-15
1.561000e+01 1.060303e-15
1.562000e+01 1.043787e-15
1.563000e+01 1.991962e-15
1.564000e+01 3.592274e-15
1.565000e+01 4.664310e-15
1.566000e+01 5.681124e-15
1.567000e+01 7.332811e-15
1.568000e+01 8.581252e-15
1.569000e+01 8.168132e-15
1.570000e+01 6.297145e-15
1.571000e+01 3.888464e-15
1.572000e+01 2.359514e-15
1.573000e+01 1.604779e-15
1.574000e+01 7.963523e-16
1.575000e+01 2.410636e-16
1.576000e+01 1.194585e-16
1.577000e+01 3.478344e-16
1.578000e+01 6.298231e-16
1.579000e+01 6.969415e-16
1.580000e+01 1.115215e-15
1.581000e+01 1.803106e-15
1.582000e+01 2.337900e-15
1.583000e+01 3.020359e-15
1.584000e+01 3.852373e-15
1.585000e+01 4.499024e-15
1.586000e+01 5.060448e-15
1.587000e+01 5.748317e-15
1.588000e+01 6.225222e-15
1.589000e+01 6.081698e-15
1.590000e+01 5.832572e-15
1.591000e+01 5.137790e-15
1.592000e+01 4.289042e-15
1.593000e+01 4.368276e-15
1.594000e+01 4.756175e-15
1.595000e+01 4.854111e-15
1.596000e+01 4.578830e-15
1.597000e+01 4.085237e-15
1.598000e+01 4.029634e-15
1.599000e+01 4.324019e-15
1.600000e+01 4.540606e-15
1.601000e+01 4.413592e-15
1.602000e+01 4.467606e-15
1.603000e+01 4.661676e-15
1.604000e+01 4.311137e-15
1.605000e+01 3.745495e-15
1.606000e+01 3.397413e-15
1.607000e+01 3.493293e-15
1.608000e+01 3.568023e-15
1.609000e+01 2.987715e-15
1.610000e+01 2.287029e-15
1.611000e+01 1.990012e-15
1.612000e+01 1.916466e-15
1.613000e+01 2.015561e-15
1.614000e+01 2.383528e-15
1.615000e+01 2.603295e-15
1.616000e+01 2.248345e-15
1.617000e+01 1.606971e-15
1.618000e+01 1.144088e-15
1.619000e+01 9.776631e-16
1.620000e+01 1.050498e-15
1.621000e+01 1.524385e-15
1.622000e+01 2.656524e-15
1.623000e+01 4.126294e-15
1.624000e+01 5.141853e-15
1.625000e+01 5.873778e-15
1.626000e+01 6.523538e-15
1.627000e+01 7.396932e-15
1.628000e+01 8.433829e-15
1.629000e+01 8.047781e-15
1.630000e+01 6.469639e-15
1.631000e+01 4.914415e-15
1.632000e+01 3.927408e-15
1.633000e+01 3.703821e-15
1.634000e+01 4.163449e-15
1.635000e+01 4.935844e-15
1.636000e+01 4.966242e-15
1.637000e+01 4.433617e-15
1.638000e+01 4.097758e-15
1.639000e+01 4.116429e-15
1.640000e+01 4.251835e-15
1.641000e+01 4.132601e-15
1.642000e+01 3.868804e-15
1.643000e+01 3.824210e-15
1.644000e+01 3.717960e-15
1.645000e+01 2.665381e-15
1.646000e+01 1.378752e-15
1.647000e+01 7.517211e-16
1.648000e+01 5.157968e-16
1.649000e+01 3.863404e-16
1.650000e+01 3.453797e-16
1.651000e+01 4.545463e-16
1.652000e+01 5.768878e-16
1.653000e+01 6.637803e-16
1.654000e+01 9.104934e-16
1.655000e+01 8.576157e-16
1.656000e+01 5.929360e-16
1.657000e+01 5.661586e-16
1.658000e+01 6.228334e-16
1.659000e+01 5.356967e-16
1.660000e+01 4.388602e-16
1.661000e+01 4.645225e-16
1.662000e+01 5.915279e-16
1.663000e+01 8.462704e-16
1.664000e+01 1.163909e-15
1.665000e+01 1.637695e-15
1.666000e+01 2.521695e-15
1.667000e+01 3.895222e-15
1.668000e+01 5.166169e-15
1.669000e+01 5.872489e-15
1.670000e+01 7.573234e-15
1.671000e+01 1.110407e-14
1.672000e+01 1.374294e-14
1.673000e+01 1.321380e-14
1.674000e+01 1.068287e-14
1.675000e+01 7.757875e-15
1.676000e+01 5.883930e-15
1.677000e+01 5.451342e-15
1.678000e+01 6.048027e-15
1.679000e+01 6.630410e-15
1.680000e+01 5.756195e-15
1.681000e+01 4.201714e-15
1.682000e+01 3.594950e-15
1.683000e+01 3.602605e-15
1.684000e+01 3.954791e-15
1.685000e+01 4.114362e-15
1.686000e+01 3.902479e-15
1.687000e+01 3.989162e-15
1.688000e+01 4.172182e-15
1.689000e+01 3.805939e-15
1.690000e+01 3.222995e-15
1.691000e+01 3.094507e-15
1.692000e+01 2.795119e-15
1.693000e+01 1.832683e-15
1.694000e+01 1.008338e-15
1.695000e+01 6.363502e-16
1.696000e+01 7.708557e-16
1.697000e+01 1.087184e-15
1.698000e+01 8.486547e-16
1.699000e+01 3.770870e-16
1.700000e+01 6.291619e-16
1.701000e+01 1.522483e-15
1.702000e+01 2.448253e-15
1.703000e+01 2.633577e-15
1.704000e+01 2.011255e-15
1.705000e+01 1.137385e-15
1.706000e+01 6.021814e-16
1.707000e+01 4.741377e-16
1.708000e+01 5.455288e-16
1.709000e+01 9.767591e-16
1.710000e+01 1.793963e-15
1.711000e+01 2.343342e-15
1.712000e+01 2.680025e-15
1.713000e+01 3.034775e-15
1.714000e+01 3.348251e-15
1.715000e+01 3.182784e-15
1.716000e+01 2.340833e-15
1.717000e+01 1.763859e-15
1.718000e+01 1.617529e-15
1.719000e+01 1.485650e-15
1.720000e+01 1.457777e-15
1.721000e+01 1.385834e-15
1.722000e+01 1.350893e-15
1.723000e+01 2.075456e-15
1.724000e+01 3.686271e-15
1.725000e+01 5.493162e-15
1.726000e+01 5.913536e-15
1.727000e+01 5.270027e-15
1.728000e+01 4.879585e-15
1.729000e+01 4.480302e-15
1.730000e+01 3.644023e-15
1.731000e+01 2.853256e-15
1.732000e+01 1.844810e-15
1.733000e+01 9.331462e-16
1.734000e+01 8.192265e-16
1.735000e+01 1.153815e-15
1.736000e+01 1.420953e-15
1.737000e+01 1.458991e-15
1.738000e+01 1.241523e-15
1.739000e+01 1.068557e-15
1.740000e+01 1.246467e-15
1.741000e+01 1.967877e-15
1.742000e+01 3.063854e-15
1.743000e+01 4.526569e-15
1.744000e+01 5.824025e-15
1.745000e+01 5.460274e-15
1.746000e+01 4.472494e-15
1.747000e+01 3.840241e-15
1.748000e+01 3.227952e-15
1.749000e+01 2.835359e-15
1.750000e+01 3.039384e-15
1.751000e+01 3.555715e-15
1.752000e+01 3.700764e-15
1.753000e+01 3.599614e-15
1.754000e+01 3.558684e-15
1.755000e+01 4.169305e-15
1.756000e+01 4.645427e-15
1.757000e+01 4.850474e-15
1.758000e+01 5.736248e-15
1.759000e+01 6.308853e-15
1.760000e+01 5.919331e-15
1.761000e+01 5.765832e-15
1.762000e+01 5.711131e-15
1.763000e+01 4.851977e-15
1.764000e+01 3.952395e-15
1.765000e+01 3.258060e-15
1.766000e+01 2.566637e-15
1.767000e+01 2.329445e-15
1.768000e+01 2.029288e-15
1.769000e+01 1.472062e-15
1.770000e+01 1.129066e-15
1.771000e+01 8.249394e-16
1.772000e+01 4.106933e-16
1.773000e+01 1.436939e-16
1.774000e+01 1.773337e-16
1.775000e+01 2.346886e-16
1.776000e+01 1.659877e-16
1.777000e+01 1.075924e-16
1.778000e+01 1.045498e-16
1.779000e+01 4.048084e-17
1.780000e+01 2.215441e-17
1.781000e+01 1.147011e-16
1.782000e+01 3.996729e-16
1.783000e+01 8.652236e-16
1.784000e+01 1.389379e-15
1.785000e+01 1.887291e-15
1.786000e+01 2.568553e-15
1.787000e+01 3.265357e-15
1.788000e+01 4.006106e-15
1.789000e+01 4.517079e-15
1.790000e+01 4.386578e-15
1.791000e+01 4.281957e-15
1.792000e+01 4.171983e-15
1.793000e+01 4.128075e-15
1.794000e+01 4.444428e-15
1.795000e+01 4.657367e-15
1.796000e+01 4.277197e-15
1.797000e+01 3.557276e-15
1.798000e+01 3.296835e-15
1.799000e+01 3.319211e-15
1.800000e+01 3.037646e-15
1.801000e+01 2.664471e-15
1.802000e+01 2.602751e-15
1.803000e+01 2.669623e-15
1.804000e+01 2.393739e-15
1.805000e+01 2.231067e-15
1.806000e+01 2.375375e-15
1.807000e+01 2.149970e-15
1.808000e+01 1.457109e-15
1.809000e+01 7.164792e-16
1.810000e+01 3.110532e-16
1.811000e+01 3.774358e-16
1.812000e+01 9.939231e-16
1.813000e+01 1.749693e-15
1.814000e+01 1.819221e-15
1.815000e+01 1.416146e-15
1.816000e+01 1.079348e-15
1.817000e+01 1.009598e-15
1.818000e+01 9.915591e-16
1.819000e+01 9.905505e-16
1.820000e+01 1.337191e-15
1.821000e+01 1.629528e-15
1.822000e+01 1.165250e-15
1.823000e+01 6.196889e-16
1.824000e+01 4.686248e-16
1.825000e+01 3.416404e-16
1.826000e+01 2.382702e-16
1.827000e+01 3.392096e-16
1.828000e+01 4.755281e-16
1.829000e+01 6.801635e-16
1.830000e+01 1.095804e-15
1.831000e+01 1.713838e-15
1.832000e+01 2.531557e-15
1.833000e+01 2.907987e-15
1.834000e+01 2.480115e-15
1.835000e+01 1.798630e-15
1.836000e+01 1.194683e-15
1.837000e+01 1.040358e-15
1.838000e+01 1.355512e-15
1.839000e+01 1.739340e-15
1.840000e+01 1.814070e-15
1.841000e+01 1.233157e-15
1.842000e+01 5.622421e-16
1.843000e+01 4.769910e-16
1.844000e+01 9.244210e-16
1.845000e+01 1.470859e-15
1.846000e+01 1.594846e-15
1.847000e+01 1.461862e-15
1.848000e+01 1.506267e-15
1.849000e+01 1.937956e-15
1.850000e+01 2.702235e-15
1.851000e+01 3.986286e-15
1.852000e+01 4.987509e-15
1.853000e+01 5.259211e-15
1.854000e+01 5.311599e-15
1.855000e+01 5.417544e-15
1.856000e+01 5.454158e-15
1.857000e+01 5.652854e-15
1.858000e+01 6.692362e-15
1.859000e+01 7.503221e-15
1.860000e+01 7.322868e-15
1.861000e+01 7.017197e-15
1.862000e+01 7.069178e-15
1.863000e+01 7.548410e-15
1.864000e+01 8.020033e-15
1.865000e+01 7.911411e-15
1.866000e+01 7.372597e-15
1.867000e+01 7.497195e-15
1.868000e+01 8.270231e-15
1.869000e+01 8.045322e-15
1.870000e+01 6.593065e-15
1.871000e+01 4.901334e-15
1.872000e+01 3.547218e-15
1.873000e+01 2.596922e-15
1.874000e+01 1.781524e-15
1.875000e+01 1.161025e-15
1.876000e+01 1.081134e-15
1.877000e+01 1.388935e-15
1.878000e+01 1.480665e-15
1.879000e+01 1.324931e-15
1.880000e+01 1.198254e-15
1.881000e+01 1.262717e-15
1.882000e+01 1.676922e-15
1.883000e+01 2.200422e-15
1.884000e+01 2.206208e-15
1.885000e+01 1.779531e-15
1.886000e+01 1.189292e-15
1.887000e+01 8.745352e-16
1.888000e+01 1.316530e-15
1.889000e+01 2.527198e-15
1.890000e+01 3.609620e-15
1.891000e+01 3.592041e-15
1.892000e+01 2.623746e-15
1.893000e+01 1.745757e-15
1.894000e+01 1.396174e-15
1.895000e+01 1.275139e-15
1.896000e+01 1.104080e-15
1.897000e+01 9.760296e-16
1.898000e+01 7.863151e-16
1.899000e+01 3.642992e-16
1.900000e+01 7.863859e-17
1.901000e+01 1.968261e-16
1.902000e+01 3.708211e-16
1.903000e+01 2.925472e-16
1.904000e+01 1.725040e-16
1.905000e+01 1.056130e-16
1.906000e+01 1.055904e-16
1.907000e+01 3.419846e-16
1.908000e+01 9.512172e-16
1.909000e+01 1.616102e-15
1.910000e+01 2.584289e-15
1.911000e+01 3.612328e-15
1.912000e+01 3.615700e-15
1.913000e+01 2.859950e-15
1.914000e+01 2.231697e-15
1.915000e+01 1.779633e-15
1.916000e+01 1.250020e-15
1.917000e+01 6.710977e-16
1.918000e+01 2.942030e-16
1.919000e+01 9.841984e-17
1.920000e+01 3.477429e-17
1.921000e+01 6.276237e-17
1.922000e+01 1.009940e-16
1.923000e+01 1.245783e-16
1.924000e+01 1.740910e-16
1.925000e+01 2.867422e-16
1.926000e+01 4.368434e-16
1.927000e+01 5.947806e-16
1.928000e+01 7.219437e-16
1.929000e+01 8.042117e-16
1.930000e+01 1.057263e-15
1.931000e+01 1.391991e-15
1.932000e+01 1.104689e-15
1.933000e+01 5.110792e-16
1.934000e+01 4.965356e-16
1.935000e+01 7.485217e-16
1.936000e+01 1.228979e-15
1.937000e+01 2.272077e-15
1.938000e+01 3.191943e-15
1.939000e+01 3.155852e-15
1.940000e+01 2.164014e-15
1.941000e+01 1.229247e-15
1.942000e+01 1.018943e-15
1.943000e+01 1.362813e-15
1.944000e+01 1.885068e-15
1.945000e+01 2.424651e-15
1.946000e+01 2.650926e-15
1.947000e+01 2.294362e-15
1.948000e+01 1.850266e-15
1.949000e+01 1.859380e-15
1.950000e+01 1.937057e-15
1.951000e+01 1.556006e-15
1.952000e+01 8.223965e-16
1.953000e+01 6.362408e-16
1.954000e+01 1.180551e-15
1.955000e+01 1.965779e-15
1.956000e+01 2.654345e-15
1.957000e+01 2.741052e-15
1.958000e+01 2.524687e-15
1.959000e+01 2.467377e-15
1.960000e+01 2.130497e-15
1.961000e+01 1.388358e-15
1.962000e+01 7.951062e-16
1.963000e+01 6.710616e-16
1.964000e+01 6.991065e-16
1.965000e+01 4.981499e-16
1.966000e+01 3.877754e-16
1.967000e+01 5.117499e-16
1.968000e+01 4.500892e-16
1.969000e+01 3.585688e-16
1.970000e+01 4.801739e-16
1.971000e+01 8.196791e-16
1.972000e+01 1.073438e-15
1.973000e+01 1.222762e-15
1.974000e+01 1.463911e-15
1.975000e+01 1.696386e-15
1.976000e+01 1.632989e-15
1.977000e+01 1.880672e-15
1.978000e+01 2.643781e-15
1.979000e+01 2.873408e-15
1.980000e+01 2.683161e-15
1.981000e+01 2.416526e-15
1.982000e+01 2.365757e-15
1.983000e+01 3.137453e-15
1.984000e+01 4.361077e-15
1.985000e+01 5.165727e-15
1.986000e+01 5.814230e-15
1.987000e+01 6.766436e-15
1.988000e+01 7.942061e-15
1.989000e+01 8.475094e-15
1.990000e+01 7.867758e-15
1.991000e+01 6.639652e-15
1.992000e+01 4.706384e-15
1.993000e+01 2.913750e-15
1.994000e+01 1.743756e-15
1.995000e+01 8.067019e-16
1.996000e+01 2.936389e-16
1.997000e+01 9.745386e-17
1.998000e+01 2.508027e-17
1.999000e+01 0.000000e+00
