0.000000e+00   1.307960e+00
4.000000e-02   1.307968e+00
6.000000e-02   1.307759e+00
8.000000e-02   1.307382e+00
1.000000e-01   1.306837e+00
1.200000e-01   1.306124e+00
1.400000e-01   1.305244e+00
1.600000e-01   1.304198e+00
1.800000e-01   1.302988e+00
2.000000e-01   1.301615e+00
2.200000e-01   1.300081e+00
2.400000e-01   1.298387e+00
2.600000e-01   1.296536e+00
2.800000e-01   1.294530e+00
3.000000e-01   1.292371e+00
3.200000e-01   1.290063e+00
3.400000e-01   1.287607e+00
3.600000e-01   1.285008e+00
3.800000e-01   1.282268e+00
4.000000e-01   1.279391e+00
4.200000e-01   1.276381e+00
4.400000e-01   1.273241e+00
4.600000e-01   1.269976e+00
4.800000e-01   1.266590e+00
5.000000e-01   1.263088e+00
5.200000e-01   1.259473e+00
5.400000e-01   1.255751e+00
5.600000e-01   1.251927e+00
5.800000e-01   1.248006e+00
6.000000e-01   1.243993e+00
6.200000e-01   1.239895e+00
6.400000e-01   1.235716e+00
6.600000e-01   1.231463e+00
6.800000e-01   1.227142e+00
7.000000e-01   1.222758e+00
7.200000e-01   1.218319e+00
7.400000e-01   1.213831e+00
7.600000e-01   1.209301e+00
7.800000e-01   1.204735e+00
8.000000e-01   1.200140e+00
8.200000e-01   1.195523e+00
8.400000e-01   1.190892e+00
8.600000e-01   1.186254e+00
8.800000e-01   1.181616e+00
9.000000e-01   1.176986e+00
9.200000e-01   1.172370e+00
9.400000e-01   1.167778e+00
9.600000e-01   1.163216e+00
9.800000e-01   1.158693e+00
1.000000e+00   1.154215e+00
1.020000e+00   1.149791e+00
1.040000e+00   1.145428e+00
1.060000e+00   1.141134e+00
1.080000e+00   1.136917e+00
1.100000e+00   1.132785e+00
1.120000e+00   1.128745e+00
1.140000e+00   1.124804e+00
1.160000e+00   1.120970e+00
1.180000e+00   1.117250e+00
1.200000e+00   1.113651e+00
1.220000e+00   1.110181e+00
1.240000e+00   1.106846e+00
1.260000e+00   1.103652e+00
1.280000e+00   1.100606e+00
1.300000e+00   1.097714e+00
1.320000e+00   1.094983e+00
1.340000e+00   1.092417e+00
1.360000e+00   1.090021e+00
1.380000e+00   1.087802e+00
1.400000e+00   1.085763e+00
1.420000e+00   1.083908e+00
1.440000e+00   1.082243e+00
1.460000e+00   1.080769e+00
1.480000e+00   1.079491e+00
1.500000e+00   1.078411e+00
1.520000e+00   1.077531e+00
1.540000e+00   1.076854e+00
1.560000e+00   1.076380e+00
1.580000e+00   1.076112e+00
1.600000e+00   1.076048e+00
1.620000e+00   1.076191e+00
1.640000e+00   1.076538e+00
1.660000e+00   1.077090e+00
1.680000e+00   1.077845e+00
1.700000e+00   1.078802e+00
1.720000e+00   1.079958e+00
1.740000e+00   1.081311e+00
1.760000e+00   1.082859e+00
1.780000e+00   1.084598e+00
1.800000e+00   1.086523e+00
1.820000e+00   1.088632e+00
1.840000e+00   1.090920e+00
1.860000e+00   1.093381e+00
1.880000e+00   1.096011e+00
1.900000e+00   1.098805e+00
1.920000e+00   1.101757e+00
1.940000e+00   1.104860e+00
1.960000e+00   1.108109e+00
1.980000e+00   1.111497e+00
2.000000e+00   1.115017e+00
2.020000e+00   1.118663e+00
2.040000e+00   1.122427e+00
2.060000e+00   1.126303e+00
2.080000e+00   1.130283e+00
2.100000e+00   1.134360e+00
2.120000e+00   1.138526e+00
2.140000e+00   1.142773e+00
2.160000e+00   1.147094e+00
2.180000e+00   1.151481e+00
2.200000e+00   1.155927e+00
2.220000e+00   1.160423e+00
2.240000e+00   1.164962e+00
2.260000e+00   1.169537e+00
2.280000e+00   1.174139e+00
2.300000e+00   1.178761e+00
2.320000e+00   1.183395e+00
2.340000e+00   1.188034e+00
2.360000e+00   1.192670e+00
2.380000e+00   1.197296e+00
2.400000e+00   1.201905e+00
2.420000e+00   1.206490e+00
2.440000e+00   1.211043e+00
2.460000e+00   1.215559e+00
2.480000e+00   1.220029e+00
2.500000e+00   1.224447e+00
2.520000e+00   1.228807e+00
2.540000e+00   1.233103e+00
2.560000e+00   1.237328e+00
2.580000e+00   1.241477e+00
2.600000e+00   1.245543e+00
2.620000e+00   1.249521e+00
2.640000e+00   1.253406e+00
2.660000e+00   1.257191e+00
2.680000e+00   1.260872e+00
2.700000e+00   1.264445e+00
2.720000e+00   1.267903e+00
2.740000e+00   1.271244e+00
2.760000e+00   1.274461e+00
2.780000e+00   1.277552e+00
2.800000e+00   1.280511e+00
2.820000e+00   1.283336e+00
2.840000e+00   1.286022e+00
2.860000e+00   1.288566e+00
2.880000e+00   1.290966e+00
2.900000e+00   1.293217e+00
2.920000e+00   1.295318e+00
2.940000e+00   1.297265e+00
2.960000e+00   1.299056e+00
2.980000e+00   1.300688e+00
3.000000e+00   1.302161e+00
3.020000e+00   1.303472e+00
3.040000e+00   1.304619e+00
3.060000e+00   1.305601e+00
3.080000e+00   1.306417e+00
3.100000e+00   1.307066e+00
3.120000e+00   1.307547e+00
3.140000e+00   1.307859e+00
3.160000e+00   1.308003e+00
3.180000e+00   1.307977e+00
3.200000e+00   1.307782e+00
3.220000e+00   1.307419e+00
3.240000e+00   1.306887e+00
3.260000e+00   1.306187e+00
3.280000e+00   1.305321e+00
3.300000e+00   1.304289e+00
3.320000e+00   1.303092e+00
3.340000e+00   1.301732e+00
3.360000e+00   1.300210e+00
3.380000e+00   1.298529e+00
3.400000e+00   1.296691e+00
3.420000e+00   1.294697e+00
3.440000e+00   1.292551e+00
3.460000e+00   1.290254e+00
3.480000e+00   1.287810e+00
3.500000e+00   1.285223e+00
3.520000e+00   1.282494e+00
3.540000e+00   1.279628e+00
3.560000e+00   1.276628e+00
3.580000e+00   1.273499e+00
3.600000e+00   1.270244e+00
3.620000e+00   1.266867e+00
3.640000e+00   1.263374e+00
3.660000e+00   1.259768e+00
3.680000e+00   1.256054e+00
3.700000e+00   1.252238e+00
3.720000e+00   1.248325e+00
3.740000e+00   1.244320e+00
3.760000e+00   1.240228e+00
3.780000e+00   1.236055e+00
3.800000e+00   1.231808e+00
3.820000e+00   1.227492e+00
3.840000e+00   1.223113e+00
3.860000e+00   1.218679e+00
3.880000e+00   1.214194e+00
3.900000e+00   1.209667e+00
3.920000e+00   1.205103e+00
3.940000e+00   1.200510e+00
3.960000e+00   1.195895e+00
3.980000e+00   1.191265e+00
4.000000e+00   1.186627e+00
4.020000e+00   1.181989e+00
4.040000e+00   1.177358e+00
4.060000e+00   1.172741e+00
4.080000e+00   1.168147e+00
4.100000e+00   1.163582e+00
4.120000e+00   1.159055e+00
4.140000e+00   1.154573e+00
4.160000e+00   1.150144e+00
4.180000e+00   1.145776e+00
4.200000e+00   1.141477e+00
4.220000e+00   1.137254e+00
4.240000e+00   1.133114e+00
4.260000e+00   1.129066e+00
4.280000e+00   1.125117e+00
4.300000e+00   1.121274e+00
4.320000e+00   1.117545e+00
4.340000e+00   1.113936e+00
4.360000e+00   1.110455e+00
4.380000e+00   1.107109e+00
4.400000e+00   1.103903e+00
4.420000e+00   1.100845e+00
4.440000e+00   1.097941e+00
4.460000e+00   1.095196e+00
4.480000e+00   1.092617e+00
4.500000e+00   1.090207e+00
4.520000e+00   1.087973e+00
4.540000e+00   1.085920e+00
4.560000e+00   1.084050e+00
4.580000e+00   1.082369e+00
4.600000e+00   1.080880e+00
4.620000e+00   1.079586e+00
4.640000e+00   1.078490e+00
4.660000e+00   1.077594e+00
4.680000e+00   1.076901e+00
4.700000e+00   1.076411e+00
4.720000e+00   1.076125e+00
4.740000e+00   1.076045e+00
4.760000e+00   1.076171e+00
4.780000e+00   1.076502e+00
4.800000e+00   1.077037e+00
4.820000e+00   1.077776e+00
4.840000e+00   1.078717e+00
4.860000e+00   1.079857e+00
4.880000e+00   1.081195e+00
4.900000e+00   1.082727e+00
4.920000e+00   1.084450e+00
4.940000e+00   1.086361e+00
4.960000e+00   1.088455e+00
4.980000e+00   1.090729e+00
5.000000e+00   1.093176e+00
5.020000e+00   1.095793e+00
5.040000e+00   1.098574e+00
5.060000e+00   1.101513e+00
5.080000e+00   1.104604e+00
5.100000e+00   1.107842e+00
5.120000e+00   1.111219e+00
5.140000e+00   1.114729e+00
5.160000e+00   1.118365e+00
5.180000e+00   1.122120e+00
5.200000e+00   1.125987e+00
5.220000e+00   1.129959e+00
5.240000e+00   1.134028e+00
5.260000e+00   1.138187e+00
5.280000e+00   1.142428e+00
5.300000e+00   1.146743e+00
5.320000e+00   1.151125e+00
5.340000e+00   1.155567e+00
5.360000e+00   1.160059e+00
5.380000e+00   1.164595e+00
5.400000e+00   1.169167e+00
5.420000e+00   1.173767e+00
5.440000e+00   1.178388e+00
5.460000e+00   1.183021e+00
5.480000e+00   1.187660e+00
5.500000e+00   1.192297e+00
5.520000e+00   1.196924e+00
5.540000e+00   1.201535e+00
5.560000e+00   1.206122e+00
5.580000e+00   1.210678e+00
5.600000e+00   1.215197e+00
5.620000e+00   1.219671e+00
5.640000e+00   1.224093e+00
5.660000e+00   1.228459e+00
5.680000e+00   1.232760e+00
5.700000e+00   1.236991e+00
5.720000e+00   1.241146e+00
5.740000e+00   1.245219e+00
5.760000e+00   1.249204e+00
5.780000e+00   1.253097e+00
5.800000e+00   1.256890e+00
5.820000e+00   1.260580e+00
5.840000e+00   1.264162e+00
5.860000e+00   1.267630e+00
5.880000e+00   1.270980e+00
5.900000e+00   1.274207e+00
5.920000e+00   1.277308e+00
5.940000e+00   1.280278e+00
5.960000e+00   1.283114e+00
5.980000e+00   1.285811e+00
6.000000e+00   1.288367e+00
6.020000e+00   1.290778e+00
6.040000e+00   1.293042e+00
6.060000e+00   1.295155e+00
6.080000e+00   1.297114e+00
6.100000e+00   1.298918e+00
6.120000e+00   1.300563e+00
6.140000e+00   1.302049e+00
6.160000e+00   1.303373e+00
6.180000e+00   1.304533e+00
6.200000e+00   1.305529e+00
6.220000e+00   1.306358e+00
6.240000e+00   1.307020e+00
6.260000e+00   1.307515e+00
6.280000e+00   1.307841e+00
6.300000e+00   1.307998e+00
6.320000e+00   1.307986e+00
6.340000e+00   1.307805e+00
6.360000e+00   1.307455e+00
6.380000e+00   1.306937e+00
6.400000e+00   1.306250e+00
6.420000e+00   1.305397e+00
6.440000e+00   1.304378e+00
6.460000e+00   1.303195e+00
6.480000e+00   1.301848e+00
6.500000e+00   1.300339e+00
6.520000e+00   1.298671e+00
6.540000e+00   1.296845e+00
6.560000e+00   1.294864e+00
6.580000e+00   1.292729e+00
6.600000e+00   1.290445e+00
6.620000e+00   1.288013e+00
6.640000e+00   1.285437e+00
6.660000e+00   1.282719e+00
6.680000e+00   1.279864e+00
6.700000e+00   1.276875e+00
6.720000e+00   1.273756e+00
6.740000e+00   1.270511e+00
6.760000e+00   1.267144e+00
6.780000e+00   1.263660e+00
6.800000e+00   1.260063e+00
6.820000e+00   1.256358e+00
6.840000e+00   1.252550e+00
6.860000e+00   1.248644e+00
6.880000e+00   1.244646e+00
6.900000e+00   1.240561e+00
6.920000e+00   1.236395e+00
6.940000e+00   1.232153e+00
6.960000e+00   1.227842e+00
6.980000e+00   1.223468e+00
7.000000e+00   1.219038e+00
7.020000e+00   1.214557e+00
7.040000e+00   1.210033e+00
7.060000e+00   1.205472e+00
7.080000e+00   1.200881e+00
7.100000e+00   1.196268e+00
7.120000e+00   1.191638e+00
7.140000e+00   1.187001e+00
7.160000e+00   1.182362e+00
7.180000e+00   1.177730e+00
7.200000e+00   1.173112e+00
7.220000e+00   1.168515e+00
7.240000e+00   1.163948e+00
7.260000e+00   1.159418e+00
7.280000e+00   1.154932e+00
7.300000e+00   1.150499e+00
7.320000e+00   1.146125e+00
7.340000e+00   1.141820e+00
7.360000e+00   1.137590e+00
7.380000e+00   1.133444e+00
7.400000e+00   1.129388e+00
7.420000e+00   1.125431e+00
7.440000e+00   1.121579e+00
7.460000e+00   1.117840e+00
7.480000e+00   1.114221e+00
7.500000e+00   1.110730e+00
7.520000e+00   1.107372e+00
7.540000e+00   1.104155e+00
7.560000e+00   1.101085e+00
7.580000e+00   1.098169e+00
7.600000e+00   1.095411e+00
7.620000e+00   1.092817e+00
7.640000e+00   1.090394e+00
7.660000e+00   1.088146e+00
7.680000e+00   1.086078e+00
7.700000e+00   1.084193e+00
7.720000e+00   1.082497e+00
7.740000e+00   1.080992e+00
7.760000e+00   1.079682e+00
7.780000e+00   1.078570e+00
7.800000e+00   1.077658e+00
7.820000e+00   1.076948e+00
7.840000e+00   1.076442e+00
7.860000e+00   1.076140e+00
7.880000e+00   1.076043e+00
7.900000e+00   1.076153e+00
7.920000e+00   1.076467e+00
7.940000e+00   1.076986e+00
7.960000e+00   1.077708e+00
7.980000e+00   1.078633e+00
8.000000e+00   1.079757e+00
8.020000e+00   1.081079e+00
