-5.000000e+00 0.000000e+00
-4.950000e+00 1.734401e-14
-4.900000e+00 7.706307e-14
-4.850000e+00 2.050533e-13
-4.800000e+00 4.553591e-13
-4.750000e+00 9.309011e-13
-4.700000e+00 1.822161e-12
-4.650000e+00 3.476992e-12
-4.600000e+00 6.524718e-12
-4.550000e+00 1.209450e-11
-4.500000e+00 2.219623e-11
-4.450000e+00 4.037919e-11
-4.400000e+00 7.286164e-11
-4.350000e+00 1.304515e-10
-4.300000e+00 2.317848e-10
-4.250000e+00 4.087389e-10
-4.200000e+00 7.154042e-10
-4.150000e+00 1.242825e-09
-4.100000e+00 2.143004e-09
-4.050000e+00 3.667666e-09
-4.000000e+00 6.230268e-09
-3.950000e+00 1.050435e-08
-3.900000e+00 1.757810e-08
-3.850000e+00 2.919503e-08
-3.800000e+00 4.812533e-08
-3.750000e+00 7.873356e-08
-3.700000e+00 1.278381e-07
-3.650000e+00 2.060003e-07
-3.600000e+00 3.294389e-07
-3.550000e+00 5.228457e-07
-3.500000e+00 8.234850e-07
-3.450000e+00 1.287102e-06
-3.400000e+00 1.996349e-06
-3.350000e+00 3.072679e-06
-3.300000e+00 4.692944e-06
-3.250000e+00 7.112320e-06
-3.200000e+00 1.069559e-05
-3.150000e+00 1.595933e-05
-3.100000e+00 2.362816e-05
-3.050000e+00 3.470875e-05
-3.000000e+00 5.058594e-05
-2.950000e+00 7.314583e-05
-2.900000e+00 1.049313e-04
-2.850000e+00 1.493355e-04
-2.800000e+00 2.108382e-04
-2.750000e+00 2.952902e-04
-2.700000e+00 4.102492e-04
-2.650000e+00 5.653663e-04
-2.600000e+00 7.728237e-04
-2.550000e+00 1.047813e-03
-2.500000e+00 1.409043e-03
-2.450000e+00 1.879263e-03
-2.400000e+00 2.485760e-03
-2.350000e+00 3.260814e-03
-2.300000e+00 4.242052e-03
-2.250000e+00 5.472674e-03
-2.200000e+00 7.001469e-03
-2.150000e+00 8.882608e-03
-2.100000e+00 1.117514e-02
-2.050000e+00 1.394217e-02
-2.000000e+00 1.724968e-02
-1.950000e+00 2.116507e-02
-1.900000e+00 2.575533e-02
-1.850000e+00 3.108496e-02
-1.800000e+00 3.721381e-02
-1.750000e+00 4.419474e-02
-1.700000e+00 5.207143e-02
-1.650000e+00 6.087628e-02
-1.600000e+00 7.062868e-02
-1.550000e+00 8.133364e-02
-1.500000e+00 9.298084e-02
-1.450000e+00 1.055443e-01
-1.400000e+00 1.189825e-01
-1.350000e+00 1.332389e-01
-1.300000e+00 1.482432e-01
-1.250000e+00 1.639125e-01
-1.200000e+00 1.801532e-01
-1.150000e+00 1.968630e-01
-1.100000e+00 2.139324e-01
-1.050000e+00 2.312472e-01
-1.000000e+00 2.486900e-01
-9.500000e-01 2.661422e-01
-9.000000e-01 2.834857e-01
-8.500000e-01 3.006038e-01
-8.000000e-01 3.173833e-01
-7.500000e-01 3.337145e-01
-7.000000e-01 3.494929e-01
-6.500000e-01 3.646194e-01
-6.000000e-01 3.790011e-01
-5.500000e-01 3.925513e-01
-5.000000e-01 4.051902e-01
-4.500000e-01 4.168446e-01
-4.000000e-01 4.274487e-01
-3.500000e-01 4.369432e-01
-3.000000e-01 4.452763e-01
-2.500000e-01 4.524031e-01
-2.000000e-01 4.582857e-01
-1.500000e-01 4.628930e-01
-1.000000e-01 4.662010e-01
-5.000000e-02 4.681927e-01
0.000000e+00 4.688578e-01
5.000000e-02 4.681927e-01
1.000000e-01 4.662010e-01
1.500000e-01 4.628930e-01
2.000000e-01 4.582857e-01
2.500000e-01 4.524031e-01
3.000000e-01 4.452763e-01
3.500000e-01 4.369432e-01
4.000000e-01 4.274487e-01
4.500000e-01 4.168446e-01
5.000000e-01 4.051902e-01
5.500000e-01 3.925513e-01
6.000000e-01 3.790011e-01
6.500000e-01 3.646194e-01
7.000000e-01 3.494929e-01
7.500000e-01 3.337145e-01
8.000000e-01 3.173833e-01
8.500000e-01 3.006038e-01
9.000000e-01 2.834857e-01
9.500000e-01 2.661422e-01
1.000000e+00 2.486900e-01
1.050000e+00 2.312472e-01
1.100000e+00 2.139324e-01
1.150000e+00 1.968630e-01
1.200000e+00 1.801532e-01
1.250000e+00 1.639125e-01
1.300000e+00 1.482432e-01
1.350000e+00 1.332389e-01
1.400000e+00 1.189825e-01
1.450000e+00 1.055443e-01
1.500000e+00 9.298084e-02
1.550000e+00 8.133364e-02
1.600000e+00 7.062868e-02
1.650000e+00 6.087628e-02
1.700000e+00 5.207143e-02
1.750000e+00 4.419474e-02
1.800000e+00 3.721381e-02
1.850000e+00 3.108496e-02
1.900000e+00 2.575533e-02
1.950000e+00 2.116507e-02
2.000000e+00 1.724968e-02
2.050000e+00 1.394217e-02
2.100000e+00 1.117514e-02
2.150000e+00 8.882608e-03
2.200000e+00 7.001469e-03
2.250000e+00 5.472674e-03
2.300000e+00 4.242052e-03
2.350000e+00 3.260814e-03
2.400000e+00 2.485760e-03
2.450000e+00 1.879263e-03
2.500000e+00 1.409043e-03
2.550000e+00 1.047813e-03
2.600000e+00 7.728237e-04
2.650000e+00 5.653663e-04
2.700000e+00 4.102492e-04
2.750000e+00 2.952902e-04
2.800000e+00 2.108382e-04
2.850000e+00 1.493355e-04
2.900000e+00 1.049313e-04
2.950000e+00 7.314583e-05
3.000000e+00 5.058594e-05
3.050000e+00 3.470875e-05
3.100000e+00 2.362816e-05
3.150000e+00 1.595933e-05
3.200000e+00 1.069559e-05
3.250000e+00 7.112320e-06
3.300000e+00 4.692944e-06
3.350000e+00 3.072679e-06
3.400000e+00 1.996349e-06
3.450000e+00 1.287102e-06
3.500000e+00 8.234849e-07
3.550000e+00 5.228456e-07
3.600000e+00 3.294388e-07
3.650000e+00 2.060002e-07
3.700000e+00 1.278380e-07
3.750000e+00 7.873346e-08
3.800000e+00 4.812524e-08
3.850000e+00 2.919493e-08
3.900000e+00 1.757801e-08
3.950000e+00 1.050426e-08
4.000000e+00 6.230176e-09
4.050000e+00 3.667575e-09
4.100000e+00 2.142915e-09
4.150000e+00 1.242736e-09
4.200000e+00 7.153173e-10
4.250000e+00 4.086532e-10
4.300000e+00 2.317003e-10
4.350000e+00 1.303682e-10
4.400000e+00 7.277943e-11
4.450000e+00 4.029811e-11
4.500000e+00 2.211629e-11
4.550000e+00 1.201576e-11
4.600000e+00 6.447290e-12
4.650000e+00 3.401119e-12
4.700000e+00 1.748313e-12
4.750000e+00 8.599843e-13
4.800000e+00 3.891039e-13
4.850000e+00 1.467700e-13
4.900000e+00 3.310957e-14
4.950000e+00 0.000000e+00
