-4.000000e+00 0.000000e+00
-3.950000e+00 1.771978e-13
-3.900000e+00 8.112957e-13
-3.850000e+00 2.259276e-12
-3.800000e+00 5.310047e-12
-3.750000e+00 1.157236e-11
-3.700000e+00 2.424357e-11
-3.650000e+00 4.958806e-11
-3.600000e+00 9.973569e-11
-3.550000e+00 1.979122e-10
-3.500000e+00 3.880984e-10
-3.450000e+00 7.526568e-10
-3.400000e+00 1.444117e-09
-3.350000e+00 2.741806e-09
-3.300000e+00 5.151526e-09
-3.250000e+00 9.578879e-09
-3.200000e+00 1.762692e-08
-3.150000e+00 3.210105e-08
-3.100000e+00 5.785452e-08
-3.050000e+00 1.031867e-07
-3.000000e+00 1.821254e-07
-2.950000e+00 3.181034e-07
-2.900000e+00 5.498037e-07
-2.850000e+00 9.403264e-07
-2.800000e+00 1.591368e-06
-2.750000e+00 2.664849e-06
-2.700000e+00 4.415432e-06
-2.650000e+00 7.238697e-06
-2.600000e+00 1.174145e-05
-2.550000e+00 1.884274e-05
-2.500000e+00 2.991671e-05
-2.450000e+00 4.699122e-05
-2.400000e+00 7.301934e-05
-2.350000e+00 1.122437e-04
-2.300000e+00 1.706761e-04
-2.250000e+00 2.567161e-04
-2.200000e+00 3.819321e-04
-2.150000e+00 5.620226e-04
-2.100000e+00 8.179708e-04
-2.050000e+00 1.177388e-03
-2.000000e+00 1.676028e-03
-1.950000e+00 2.359413e-03
-1.900000e+00 3.284513e-03
-1.850000e+00 4.521330e-03
-1.800000e+00 6.154260e-03
-1.750000e+00 8.283019e-03
-1.700000e+00 1.102294e-02
-1.650000e+00 1.450439e-02
-1.600000e+00 1.887112e-02
-1.550000e+00 2.427742e-02
-1.500000e+00 3.088391e-02
-1.450000e+00 3.885210e-02
-1.400000e+00 4.833781e-02
-1.350000e+00 5.948376e-02
-1.300000e+00 7.241178e-02
-1.250000e+00 8.721506e-02
-1.200000e+00 1.039511e-01
-1.150000e+00 1.226356e-01
-1.100000e+00 1.432386e-01
-1.050000e+00 1.656813e-01
-1.000000e+00 1.898366e-01
-9.500000e-01 2.155301e-01
-9.000000e-01 2.425441e-01
-8.500000e-01 2.706227e-01
-8.000000e-01 2.994781e-01
-7.500000e-01 3.287981e-01
-7.000000e-01 3.582532e-01
-6.500000e-01 3.875044e-01
-6.000000e-01 4.162102e-01
-5.500000e-01 4.440337e-01
-5.000000e-01 4.706478e-01
-4.500000e-01 4.957412e-01
-4.000000e-01 5.190223e-01
-3.500000e-01 5.402227e-01
-3.000000e-01 5.591008e-01
-2.500000e-01 5.754432e-01
-2.000000e-01 5.890672e-01
-1.500000e-01 5.998219e-01
-1.000000e-01 6.075888e-01
-5.000000e-02 6.122830e-01
0.000000e+00 6.138535e-01
5.000000e-02 6.122830e-01
1.000000e-01 6.075888e-01
1.500000e-01 5.998219e-01
2.000000e-01 5.890672e-01
2.500000e-01 5.754432e-01
3.000000e-01 5.591008e-01
3.500000e-01 5.402227e-01
4.000000e-01 5.190223e-01
4.500000e-01 4.957412e-01
5.000000e-01 4.706478e-01
5.500000e-01 4.440337e-01
6.000000e-01 4.162102e-01
6.500000e-01 3.875044e-01
7.000000e-01 3.582532e-01
7.500000e-01 3.287981e-01
8.000000e-01 2.994781e-01
8.500000e-01 2.706227e-01
9.000000e-01 2.425441e-01
9.500000e-01 2.155301e-01
1.000000e+00 1.898366e-01
1.050000e+00 1.656813e-01
1.100000e+00 1.432386e-01
1.150000e+00 1.226356e-01
1.200000e+00 1.039511e-01
1.250000e+00 8.721506e-02
1.300000e+00 7.241178e-02
1.350000e+00 5.948376e-02
1.400000e+00 4.833781e-02
1.450000e+00 3.885210e-02
1.500000e+00 3.088391e-02
1.550000e+00 2.427742e-02
1.600000e+00 1.887112e-02
1.650000e+00 1.450439e-02
1.700000e+00 1.102294e-02
1.750000e+00 8.283019e-03
1.800000e+00 6.154260e-03
1.850000e+00 4.521330e-03
1.900000e+00 3.284513e-03
1.950000e+00 2.359413e-03
2.000000e+00 1.676028e-03
2.050000e+00 1.177388e-03
2.100000e+00 8.179708e-04
2.150000e+00 5.620226e-04
2.200000e+00 3.819321e-04
2.250000e+00 2.567161e-04
2.300000e+00 1.706761e-04
2.350000e+00 1.122437e-04
2.400000e+00 7.301934e-05
2.450000e+00 4.699122e-05
2.500000e+00 2.991671e-05
2.550000e+00 1.884274e-05
2.600000e+00 1.174145e-05
2.650000e+00 7.238696e-06
2.700000e+00 4.415431e-06
2.750000e+00 2.664848e-06
2.800000e+00 1.591367e-06
2.850000e+00 9.403254e-07
2.900000e+00 5.498027e-07
2.950000e+00 3.181024e-07
3.000000e+00 1.821245e-07
3.050000e+00 1.031858e-07
3.100000e+00 5.785364e-08
3.150000e+00 3.210018e-08
3.200000e+00 1.762607e-08
3.250000e+00 9.578041e-09
3.300000e+00 5.150703e-09
3.350000e+00 2.740997e-09
3.400000e+00 1.443322e-09
3.450000e+00 7.518752e-10
3.500000e+00 3.873301e-10
3.550000e+00 1.971572e-10
3.600000e+00 9.899445e-11
3.650000e+00 4.886195e-11
3.700000e+00 2.353577e-11
3.750000e+00 1.088967e-11
3.800000e+00 4.666778e-12
3.850000e+00 1.685344e-12
3.900000e+00 3.694515e-13
3.950000e+00 0.000000e+00
