-6.000000e+00 0.000000e+00
-5.950000e+00 3.475791e-14
-5.900000e+00 1.496658e-13
-5.850000e+00 3.792283e-13
-5.800000e+00 7.908080e-13
-5.750000e+00 1.502407e-12
-5.700000e+00 2.713430e-12
-5.650000e+00 4.755650e-12
-5.600000e+00 8.176135e-12
-5.550000e+00 1.387080e-11
-5.500000e+00 2.329795e-11
-5.450000e+00 3.881738e-11
-5.400000e+00 6.422561e-11
-5.350000e+00 1.055954e-10
-5.300000e+00 1.725843e-10
-5.250000e+00 2.804619e-10
-5.200000e+00 4.532305e-10
-5.150000e+00 7.283989e-10
-5.100000e+00 1.164240e-09
-5.050000e+00 1.850749e-09
-5.000000e+00 2.926096e-09
-4.950000e+00 4.601147e-09
-4.900000e+00 7.195793e-09
-4.850000e+00 1.119240e-08
-4.800000e+00 1.731397e-08
-4.750000e+00 2.663753e-08
-4.700000e+00 4.075780e-08
-4.650000e+00 6.202143e-08
-4.600000e+00 9.386027e-08
-4.550000e+00 1.412619e-07
-4.500000e+00 2.114296e-07
-4.450000e+00 3.147007e-07
-4.400000e+00 4.658163e-07
-4.350000e+00 6.856617e-07
-4.300000e+00 1.003637e-06
-4.250000e+00 1.460858e-06
-4.200000e+00 2.114444e-06
-4.150000e+00 3.043225e-06
-4.100000e+00 4.355254e-06
-4.050000e+00 6.197639e-06
-4.000000e+00 8.769281e-06
-3.950000e+00 1.233723e-05
-3.900000e+00 1.725752e-05
-3.850000e+00 2.400139e-05
-3.800000e+00 3.318806e-05
-3.750000e+00 4.562518e-05
-3.700000e+00 6.235825e-05
-3.650000e+00 8.473033e-05
-3.600000e+00 1.144533e-04
-3.550000e+00 1.536916e-04
-3.500000e+00 2.051599e-04
-3.450000e+00 2.722344e-04
-3.400000e+00 3.590784e-04
-3.350000e+00 4.707802e-04
-3.300000e+00 6.135033e-04
-3.250000e+00 7.946438e-04
-3.200000e+00 1.022992e-03
-3.150000e+00 1.308890e-03
-3.100000e+00 1.664383e-03
-3.050000e+00 2.103347e-03
-3.000000e+00 2.641591e-03
-2.950000e+00 3.296915e-03
-2.900000e+00 4.089113e-03
-2.850000e+00 5.039921e-03
-2.800000e+00 6.172872e-03
-2.750000e+00 7.513084e-03
-2.700000e+00 9.086946e-03
-2.650000e+00 1.092172e-02
-2.600000e+00 1.304505e-02
-2.550000e+00 1.548441e-02
-2.500000e+00 1.826646e-02
-2.450000e+00 2.141639e-02
-2.400000e+00 2.495722e-02
-2.350000e+00 2.890915e-02
-2.300000e+00 3.328891e-02
-2.250000e+00 3.810922e-02
-2.200000e+00 4.337829e-02
-2.150000e+00 4.909949e-02
-2.100000e+00 5.527112e-02
-2.050000e+00 6.188635e-02
-2.000000e+00 6.893322e-02
-1.950000e+00 7.639490e-02
-1.900000e+00 8.424993e-02
-1.850000e+00 9.247264e-02
-1.800000e+00 1.010336e-01
-1.750000e+00 1.099003e-01
-1.700000e+00 1.190375e-01
-1.650000e+00 1.284078e-01
-1.600000e+00 1.379725e-01
-1.550000e+00 1.476917e-01
-1.500000e+00 1.575252e-01
-1.450000e+00 1.674327e-01
-1.400000e+00 1.773742e-01
-1.350000e+00 1.873104e-01
-1.300000e+00 1.972030e-01
-1.250000e+00 2.070148e-01
-1.200000e+00 2.167103e-01
-1.150000e+00 2.262549e-01
-1.100000e+00 2.356162e-01
-1.050000e+00 2.447632e-01
-1.000000e+00 2.536664e-01
-9.500000e-01 2.622983e-01
-9.000000e-01 2.706330e-01
-8.500000e-01 2.786462e-01
-8.000000e-01 2.863153e-01
-7.500000e-01 2.936192e-01
-7.000000e-01 3.005385e-01
-6.500000e-01 3.070552e-01
-6.000000e-01 3.131528e-01
-5.500000e-01 3.188163e-01
-5.000000e-01 3.240318e-01
-4.500000e-01 3.287870e-01
-4.000000e-01 3.330708e-01
-3.500000e-01 3.368734e-01
-3.000000e-01 3.401861e-01
-2.500000e-01 3.430016e-01
-2.000000e-01 3.453136e-01
-1.500000e-01 3.471170e-01
-1.000000e-01 3.484080e-01
-5.000000e-02 3.491837e-01
0.000000e+00 3.494424e-01
5.000000e-02 3.491837e-01
1.000000e-01 3.484080e-01
1.500000e-01 3.471170e-01
2.000000e-01 3.453136e-01
2.500000e-01 3.430016e-01
3.000000e-01 3.401861e-01
3.500000e-01 3.368734e-01
4.000000e-01 3.330708e-01
4.500000e-01 3.287870e-01
5.000000e-01 3.240318e-01
5.500000e-01 3.188163e-01
6.000000e-01 3.131528e-01
6.500000e-01 3.070552e-01
7.000000e-01 3.005385e-01
7.500000e-01 2.936192e-01
8.000000e-01 2.863153e-01
8.500000e-01 2.786462e-01
9.000000e-01 2.706330e-01
9.500000e-01 2.622983e-01
1.000000e+00 2.536664e-01
1.050000e+00 2.447632e-01
1.100000e+00 2.356162e-01
1.150000e+00 2.262549e-01
1.200000e+00 2.167103e-01
1.250000e+00 2.070148e-01
1.300000e+00 1.972030e-01
1.350000e+00 1.873104e-01
1.400000e+00 1.773742e-01
1.450000e+00 1.674327e-01
1.500000e+00 1.575252e-01
1.550000e+00 1.476917e-01
1.600000e+00 1.379725e-01
1.650000e+00 1.284078e-01
1.700000e+00 1.190375e-01
1.750000e+00 1.099003e-01
1.800000e+00 1.010336e-01
1.850000e+00 9.247264e-02
1.900000e+00 8.424993e-02
1.950000e+00 7.639490e-02
2.000000e+00 6.893322e-02
2.050000e+00 6.188635e-02
2.100000e+00 5.527112e-02
2.150000e+00 4.909949e-02
2.200000e+00 4.337829e-02
2.250000e+00 3.810922e-02
2.300000e+00 3.328891e-02
2.350000e+00 2.890915e-02
2.400000e+00 2.495722e-02
2.450000e+00 2.141639e-02
2.500000e+00 1.826646e-02
2.550000e+00 1.548441e-02
2.600000e+00 1.304505e-02
2.650000e+00 1.092172e-02
2.700000e+00 9.086946e-03
2.750000e+00 7.513084e-03
2.800000e+00 6.172872e-03
2.850000e+00 5.039921e-03
2.900000e+00 4.089113e-03
2.950000e+00 3.296915e-03
3.000000e+00 2.641591e-03
3.050000e+00 2.103347e-03
3.100000e+00 1.664383e-03
3.150000e+00 1.308890e-03
3.200000e+00 1.022992e-03
3.250000e+00 7.946438e-04
3.300000e+00 6.135033e-04
3.350000e+00 4.707802e-04
3.400000e+00 3.590784e-04
3.450000e+00 2.722344e-04
3.500000e+00 2.051599e-04
3.550000e+00 1.536916e-04
3.600000e+00 1.144533e-04
3.650000e+00 8.473033e-05
3.700000e+00 6.235825e-05
3.750000e+00 4.562518e-05
3.800000e+00 3.318806e-05
3.850000e+00 2.400139e-05
3.900000e+00 1.725752e-05
3.950000e+00 1.233723e-05
4.000000e+00 8.769281e-06
4.050000e+00 6.197639e-06
4.100000e+00 4.355254e-06
4.150000e+00 3.043225e-06
4.200000e+00 2.114444e-06
4.250000e+00 1.460857e-06
4.300000e+00 1.003637e-06
4.350000e+00 6.856615e-07
4.400000e+00 4.658160e-07
4.450000e+00 3.147005e-07
4.500000e+00 2.114294e-07
4.550000e+00 1.412617e-07
4.600000e+00 9.386005e-08
4.650000e+00 6.202121e-08
4.700000e+00 4.075758e-08
4.750000e+00 2.663731e-08
4.800000e+00 1.731375e-08
4.850000e+00 1.119219e-08
4.900000e+00 7.195584e-09
4.950000e+00 4.600941e-09
5.000000e+00 2.925893e-09
5.050000e+00 1.850548e-09
5.100000e+00 1.164041e-09
5.150000e+00 7.282032e-10
5.200000e+00 4.530372e-10
5.250000e+00 2.802709e-10
5.300000e+00 1.723956e-10
5.350000e+00 1.054090e-10
5.400000e+00 6.404149e-11
5.450000e+00 3.863563e-11
5.500000e+00 2.311870e-11
5.550000e+00 1.369433e-11
5.600000e+00 8.002929e-12
5.650000e+00 4.586565e-12
5.700000e+00 2.549939e-12
5.750000e+00 1.347041e-12
5.800000e+00 6.479135e-13
5.850000e+00 2.562876e-13
5.900000e+00 5.960437e-14
5.950000e+00 0.000000e+00
