0.000000e+00 1.994878e-01
1.000000e-02 1.994878e-01
2.000000e-02 1.994831e-01
3.000000e-02 1.994751e-01
4.000000e-02 1.994640e-01
5.000000e-02 1.994497e-01
6.000000e-02 1.994323e-01
7.000000e-02 1.994116e-01
8.000000e-02 1.993878e-01
9.000000e-02 1.993607e-01
1.000000e-01 1.993305e-01
1.100000e-01 1.992971e-01
1.200000e-01 1.992604e-01
1.300000e-01 1.992206e-01
1.400000e-01 1.991775e-01
1.500000e-01 1.991312e-01
1.600000e-01 1.990816e-01
1.700000e-01 1.990288e-01
1.800000e-01 1.989728e-01
1.900000e-01 1.989134e-01
2.000000e-01 1.988508e-01
2.100000e-01 1.987849e-01
2.200000e-01 1.987157e-01
2.300000e-01 1.986432e-01
2.400000e-01 1.985674e-01
2.500000e-01 1.984882e-01
2.600000e-01 1.984057e-01
2.700000e-01 1.983198e-01
2.800000e-01 1.982305e-01
2.900000e-01 1.981378e-01
3.000000e-01 1.980416e-01
3.100000e-01 1.979421e-01
3.200000e-01 1.978391e-01
3.300000e-01 1.977326e-01
3.400000e-01 1.976226e-01
3.500000e-01 1.975091e-01
3.600000e-01 1.973921e-01
3.700000e-01 1.972715e-01
3.800000e-01 1.971474e-01
3.900000e-01 1.970196e-01
4.000000e-01 1.968882e-01
4.100000e-01 1.967532e-01
4.200000e-01 1.966145e-01
4.300000e-01 1.964722e-01
4.400000e-01 1.963261e-01
4.500000e-01 1.961762e-01
4.600000e-01 1.960226e-01
4.700000e-01 1.958652e-01
4.800000e-01 1.957040e-01
4.900000e-01 1.955389e-01
5.000000e-01 1.953699e-01
5.100000e-01 1.951971e-01
5.200000e-01 1.950203e-01
5.300000e-01 1.948395e-01
5.400000e-01 1.946547e-01
5.500000e-01 1.944659e-01
5.600000e-01 1.942730e-01
5.700000e-01 1.940760e-01
5.800000e-01 1.938749e-01
5.900000e-01 1.936696e-01
6.000000e-01 1.934602e-01
6.100000e-01 1.932464e-01
6.200000e-01 1.930285e-01
6.300000e-01 1.928062e-01
6.400000e-01 1.925795e-01
6.500000e-01 1.923485e-01
6.600000e-01 1.921131e-01
6.700000e-01 1.918732e-01
6.800000e-01 1.916288e-01
6.900000e-01 1.913798e-01
7.000000e-01 1.911263e-01
7.100000e-01 1.908682e-01
7.200000e-01 1.906054e-01
7.300000e-01 1.903379e-01
7.400000e-01 1.900656e-01
7.500000e-01 1.897886e-01
7.600000e-01 1.895068e-01
7.700000e-01 1.892200e-01
7.800000e-01 1.889284e-01
7.900000e-01 1.886318e-01
8.000000e-01 1.883302e-01
8.100000e-01 1.880235e-01
8.200000e-01 1.877118e-01
8.300000e-01 1.873949e-01
8.400000e-01 1.870728e-01
8.500000e-01 1.867454e-01
8.600000e-01 1.864128e-01
8.700000e-01 1.860749e-01
8.800000e-01 1.857315e-01
8.900000e-01 1.853828e-01
9.000000e-01 1.850286e-01
9.100000e-01 1.846688e-01
9.200000e-01 1.843035e-01
9.300000e-01 1.839325e-01
9.400000e-01 1.835559e-01
9.500000e-01 1.831735e-01
9.600000e-01 1.827854e-01
9.700000e-01 1.823914e-01
9.800000e-01 1.819916e-01
9.900000e-01 1.815858e-01
1.000000e+00 1.811741e-01
1.010000e+00 1.807564e-01
1.020000e+00 1.803325e-01
1.030000e+00 1.799026e-01
1.040000e+00 1.794665e-01
1.050000e+00 1.790241e-01
1.060000e+00 1.785755e-01
1.070000e+00 1.781206e-01
1.080000e+00 1.776592e-01
1.090000e+00 1.771915e-01
1.100000e+00 1.767173e-01
1.110000e+00 1.762366e-01
1.120000e+00 1.757492e-01
1.130000e+00 1.752553e-01
1.140000e+00 1.747547e-01
1.150000e+00 1.742475e-01
1.160000e+00 1.737334e-01
1.170000e+00 1.732126e-01
1.180000e+00 1.726849e-01
1.190000e+00 1.721503e-01
1.200000e+00 1.716087e-01
1.210000e+00 1.710602e-01
1.220000e+00 1.705047e-01
1.230000e+00 1.699421e-01
1.240000e+00 1.693724e-01
1.250000e+00 1.687956e-01
1.260000e+00 1.682115e-01
1.270000e+00 1.676203e-01
1.280000e+00 1.670218e-01
1.290000e+00 1.664160e-01
1.300000e+00 1.658029e-01
1.310000e+00 1.651825e-01
1.320000e+00 1.645546e-01
1.330000e+00 1.639194e-01
1.340000e+00 1.632767e-01
1.350000e+00 1.626265e-01
1.360000e+00 1.619689e-01
1.370000e+00 1.613037e-01
1.380000e+00 1.606310e-01
1.390000e+00 1.599507e-01
1.400000e+00 1.592629e-01
1.410000e+00 1.585675e-01
1.420000e+00 1.578645e-01
1.430000e+00 1.571539e-01
1.440000e+00 1.564356e-01
1.450000e+00 1.557098e-01
1.460000e+00 1.549763e-01
1.470000e+00 1.542352e-01
1.480000e+00 1.534864e-01
1.490000e+00 1.527301e-01
1.500000e+00 1.519661e-01
1.510000e+00 1.511945e-01
1.520000e+00 1.504153e-01
1.530000e+00 1.496286e-01
1.540000e+00 1.488342e-01
1.550000e+00 1.480324e-01
1.560000e+00 1.472230e-01
1.570000e+00 1.464061e-01
1.580000e+00 1.455818e-01
1.590000e+00 1.447500e-01
1.600000e+00 1.439109e-01
1.610000e+00 1.430644e-01
1.620000e+00 1.422106e-01
1.630000e+00 1.413495e-01
1.640000e+00 1.404813e-01
1.650000e+00 1.396058e-01
1.660000e+00 1.387233e-01
1.670000e+00 1.378338e-01
1.680000e+00 1.369372e-01
1.690000e+00 1.360338e-01
1.700000e+00 1.351236e-01
1.710000e+00 1.342066e-01
1.720000e+00 1.332829e-01
1.730000e+00 1.323526e-01
1.740000e+00 1.314159e-01
1.750000e+00 1.304727e-01
1.760000e+00 1.295233e-01
1.770000e+00 1.285676e-01
1.780000e+00 1.276058e-01
1.790000e+00 1.266381e-01
1.800000e+00 1.256644e-01
1.810000e+00 1.246850e-01
1.820000e+00 1.237000e-01
1.830000e+00 1.227094e-01
1.840000e+00 1.217135e-01
1.850000e+00 1.207122e-01
1.860000e+00 1.197059e-01
1.870000e+00 1.186946e-01
1.880000e+00 1.176784e-01
1.890000e+00 1.166576e-01
1.900000e+00 1.156322e-01
1.910000e+00 1.146024e-01
1.920000e+00 1.135684e-01
1.930000e+00 1.125304e-01
1.940000e+00 1.114884e-01
1.950000e+00 1.104427e-01
1.960000e+00 1.093935e-01
1.970000e+00 1.083409e-01
1.980000e+00 1.072851e-01
1.990000e+00 1.062263e-01
2.000000e+00 1.051647e-01
2.010000e+00 1.041004e-01
2.020000e+00 1.030337e-01
2.030000e+00 1.019648e-01
2.040000e+00 1.008937e-01
2.050000e+00 9.982088e-02
2.060000e+00 9.874637e-02
2.070000e+00 9.767041e-02
2.080000e+00 9.659321e-02
2.090000e+00 9.551498e-02
2.100000e+00 9.443594e-02
2.110000e+00 9.335628e-02
2.120000e+00 9.227623e-02
2.130000e+00 9.119601e-02
2.140000e+00 9.011582e-02
2.150000e+00 8.903589e-02
2.160000e+00 8.795643e-02
2.170000e+00 8.687766e-02
2.180000e+00 8.579982e-02
2.190000e+00 8.472310e-02
2.200000e+00 8.364774e-02
2.210000e+00 8.257396e-02
2.220000e+00 8.150198e-02
2.230000e+00 8.043202e-02
2.240000e+00 7.936430e-02
2.250000e+00 7.829903e-02
2.260000e+00 7.723645e-02
2.270000e+00 7.617676e-02
2.280000e+00 7.512019e-02
2.290000e+00 7.406696e-02
2.300000e+00 7.301727e-02
2.310000e+00 7.197134e-02
2.320000e+00 7.092938e-02
2.330000e+00 6.989160e-02
2.340000e+00 6.885822e-02
2.350000e+00 6.782943e-02
2.360000e+00 6.680544e-02
2.370000e+00 6.578645e-02
2.380000e+00 6.477266e-02
2.390000e+00 6.376426e-02
2.400000e+00 6.276145e-02
2.410000e+00 6.176442e-02
2.420000e+00 6.077335e-02
2.430000e+00 5.978843e-02
2.440000e+00 5.880983e-02
2.450000e+00 5.783773e-02
2.460000e+00 5.687231e-02
2.470000e+00 5.591373e-02
2.480000e+00 5.496216e-02
2.490000e+00 5.401776e-02
2.500000e+00 5.308068e-02
2.510000e+00 5.215107e-02
2.520000e+00 5.122909e-02
2.530000e+00 5.031488e-02
2.540000e+00 4.940857e-02
2.550000e+00 4.851031e-02
2.560000e+00 4.762022e-02
2.570000e+00 4.673842e-02
2.580000e+00 4.586504e-02
2.590000e+00 4.500019e-02
2.600000e+00 4.414398e-02
2.610000e+00 4.329653e-02
2.620000e+00 4.245792e-02
2.630000e+00 4.162826e-02
2.640000e+00 4.080763e-02
2.650000e+00 3.999613e-02
2.660000e+00 3.919383e-02
2.670000e+00 3.840081e-02
2.680000e+00 3.761715e-02
2.690000e+00 3.684290e-02
2.700000e+00 3.607813e-02
2.710000e+00 3.532289e-02
2.720000e+00 3.457724e-02
2.730000e+00 3.384122e-02
2.740000e+00 3.311487e-02
2.750000e+00 3.239823e-02
2.760000e+00 3.169134e-02
2.770000e+00 3.099421e-02
2.780000e+00 3.030687e-02
2.790000e+00 2.962934e-02
2.800000e+00 2.896163e-02
2.810000e+00 2.830375e-02
2.820000e+00 2.765570e-02
2.830000e+00 2.701748e-02
2.840000e+00 2.638909e-02
2.850000e+00 2.577052e-02
2.860000e+00 2.516174e-02
2.870000e+00 2.456276e-02
2.880000e+00 2.397353e-02
2.890000e+00 2.339405e-02
2.900000e+00 2.282427e-02
2.910000e+00 2.226416e-02
2.920000e+00 2.171370e-02
2.930000e+00 2.117282e-02
2.940000e+00 2.064150e-02
2.950000e+00 2.011968e-02
2.960000e+00 1.960731e-02
2.970000e+00 1.910434e-02
2.980000e+00 1.861070e-02
2.990000e+00 1.812635e-02
3.000000e+00 1.765120e-02
3.010000e+00 1.718521e-02
3.020000e+00 1.672829e-02
3.030000e+00 1.628038e-02
3.040000e+00 1.584140e-02
3.050000e+00 1.541127e-02
3.060000e+00 1.498992e-02
3.070000e+00 1.457726e-02
3.080000e+00 1.417321e-02
3.090000e+00 1.377768e-02
3.100000e+00 1.339059e-02
3.110000e+00 1.301184e-02
3.120000e+00 1.264135e-02
3.130000e+00 1.227901e-02
3.140000e+00 1.192475e-02
3.150000e+00 1.157845e-02
3.160000e+00 1.124002e-02
3.170000e+00 1.090937e-02
3.180000e+00 1.058640e-02
3.190000e+00 1.027099e-02
3.200000e+00 9.963060e-03
3.210000e+00 9.662496e-03
3.220000e+00 9.369197e-03
3.230000e+00 9.083058e-03
3.240000e+00 8.803975e-03
3.250000e+00 8.531843e-03
3.260000e+00 8.266554e-03
3.270000e+00 8.008004e-03
3.280000e+00 7.756084e-03
3.290000e+00 7.510690e-03
3.300000e+00 7.271713e-03
3.310000e+00 7.039046e-03
3.320000e+00 6.812582e-03
3.330000e+00 6.592216e-03
3.340000e+00 6.377838e-03
3.350000e+00 6.169343e-03
3.360000e+00 5.966625e-03
3.370000e+00 5.769577e-03
3.380000e+00 5.578093e-03
3.390000e+00 5.392069e-03
3.400000e+00 5.211398e-03
3.410000e+00 5.035978e-03
3.420000e+00 4.865704e-03
3.430000e+00 4.700474e-03
3.440000e+00 4.540184e-03
3.450000e+00 4.384733e-03
3.460000e+00 4.234021e-03
3.470000e+00 4.087946e-03
3.480000e+00 3.946411e-03
3.490000e+00 3.809315e-03
3.500000e+00 3.676563e-03
3.510000e+00 3.548056e-03
3.520000e+00 3.423701e-03
3.530000e+00 3.303401e-03
3.540000e+00 3.187063e-03
3.550000e+00 3.074595e-03
3.560000e+00 2.965905e-03
3.570000e+00 2.860902e-03
3.580000e+00 2.759497e-03
3.590000e+00 2.661601e-03
3.600000e+00 2.567128e-03
3.610000e+00 2.475990e-03
3.620000e+00 2.388102e-03
3.630000e+00 2.303381e-03
3.640000e+00 2.221743e-03
3.650000e+00 2.143106e-03
3.660000e+00 2.067390e-03
3.670000e+00 1.994514e-03
3.680000e+00 1.924399e-03
3.690000e+00 1.856968e-03
3.700000e+00 1.792145e-03
3.710000e+00 1.729852e-03
3.720000e+00 1.670016e-03
3.730000e+00 1.612563e-03
3.740000e+00 1.557420e-03
3.750000e+00 1.504515e-03
3.760000e+00 1.453777e-03
3.770000e+00 1.405137e-03
3.780000e+00 1.358524e-03
3.790000e+00 1.313873e-03
3.800000e+00 1.271114e-03
3.810000e+00 1.230182e-03
3.820000e+00 1.191012e-03
3.830000e+00 1.153539e-03
3.840000e+00 1.117700e-03
3.850000e+00 1.083433e-03
3.860000e+00 1.050676e-03
3.870000e+00 1.019368e-03
3.880000e+00 9.894509e-04
3.890000e+00 9.608657e-04
3.900000e+00 9.335552e-04
3.910000e+00 9.074636e-04
3.920000e+00 8.825360e-04
3.930000e+00 8.587187e-04
3.940000e+00 8.359595e-04
3.950000e+00 8.142074e-04
3.960000e+00 7.934126e-04
3.970000e+00 7.735270e-04
3.980000e+00 7.545039e-04
3.990000e+00 7.362978e-04
4.000000e+00 7.188651e-04
4.010000e+00 7.021634e-04
4.020000e+00 6.861521e-04
4.030000e+00 6.707921e-04
4.040000e+00 6.560459e-04
4.050000e+00 6.418775e-04
4.060000e+00 6.282526e-04
4.070000e+00 6.151385e-04
4.080000e+00 6.025040e-04
4.090000e+00 5.903195e-04
4.100000e+00 5.785569e-04
4.110000e+00 5.671897e-04
4.120000e+00 5.561926e-04
4.130000e+00 5.455421e-04
4.140000e+00 5.352157e-04
4.150000e+00 5.251925e-04
4.160000e+00 5.154528e-04
4.170000e+00 5.059782e-04
4.180000e+00 4.967514e-04
4.190000e+00 4.877564e-04
4.200000e+00 4.789780e-04
4.210000e+00 4.704022e-04
4.220000e+00 4.620162e-04
4.230000e+00 4.538078e-04
4.240000e+00 4.457657e-04
4.250000e+00 4.378797e-04
4.260000e+00 4.301401e-04
4.270000e+00 4.225382e-04
4.280000e+00 4.150656e-04
4.290000e+00 4.077150e-04
4.300000e+00 4.004794e-04
4.310000e+00 3.933524e-04
4.320000e+00 3.863283e-04
4.330000e+00 3.794018e-04
4.340000e+00 3.725679e-04
4.350000e+00 3.658223e-04
4.360000e+00 3.591609e-04
4.370000e+00 3.525800e-04
4.380000e+00 3.460764e-04
4.390000e+00 3.396469e-04
4.400000e+00 3.332890e-04
4.410000e+00 3.270001e-04
4.420000e+00 3.207780e-04
4.430000e+00 3.146209e-04
4.440000e+00 3.085269e-04
4.450000e+00 3.024946e-04
4.460000e+00 2.965224e-04
4.470000e+00 2.906094e-04
4.480000e+00 2.847544e-04
4.490000e+00 2.789566e-04
4.500000e+00 2.732151e-04
4.510000e+00 2.675294e-04
4.520000e+00 2.618989e-04
4.530000e+00 2.563232e-04
4.540000e+00 2.508020e-04
4.550000e+00 2.453351e-04
4.560000e+00 2.399222e-04
4.570000e+00 2.345634e-04
4.580000e+00 2.292585e-04
4.590000e+00 2.240077e-04
4.600000e+00 2.188110e-04
4.610000e+00 2.136685e-04
4.620000e+00 2.085806e-04
4.630000e+00 2.035474e-04
4.640000e+00 1.985691e-04
4.650000e+00 1.936461e-04
4.660000e+00 1.887787e-04
4.670000e+00 1.839673e-04
4.680000e+00 1.792123e-04
4.690000e+00 1.745140e-04
4.700000e+00 1.698728e-04
4.710000e+00 1.652893e-04
4.720000e+00 1.607638e-04
4.730000e+00 1.562968e-04
4.740000e+00 1.518887e-04
4.750000e+00 1.475401e-04
4.760000e+00 1.432513e-04
4.770000e+00 1.390229e-04
4.780000e+00 1.348552e-04
4.790000e+00 1.307489e-04
4.800000e+00 1.267043e-04
4.810000e+00 1.227218e-04
4.820000e+00 1.188021e-04
4.830000e+00 1.149454e-04
4.840000e+00 1.111522e-04
4.850000e+00 1.074229e-04
4.860000e+00 1.037581e-04
4.870000e+00 1.001580e-04
4.880000e+00 9.662316e-05
4.890000e+00 9.315388e-05
4.900000e+00 8.975060e-05
4.910000e+00 8.641368e-05
4.920000e+00 8.314351e-05
4.930000e+00 7.994047e-05
4.940000e+00 7.680492e-05
4.950000e+00 7.373723e-05
4.960000e+00 7.073779e-05
4.970000e+00 6.780697e-05
4.980000e+00 6.494514e-05
4.990000e+00 6.215272e-05
5.000000e+00 5.943012e-05
5.010000e+00 5.677777e-05
5.020000e+00 5.419613e-05
5.030000e+00 5.168572e-05
5.040000e+00 4.924708e-05
5.050000e+00 4.688081e-05
5.060000e+00 4.458757e-05
5.070000e+00 4.236809e-05
5.080000e+00 4.022322e-05
5.090000e+00 3.815387e-05
5.100000e+00 3.616111e-05
5.110000e+00 3.424610e-05
5.120000e+00 3.241020e-05
5.130000e+00 3.065489e-05
5.140000e+00 2.898185e-05
5.150000e+00 2.739294e-05
5.160000e+00 2.589021e-05
5.170000e+00 2.447586e-05
5.180000e+00 2.315226e-05
5.190000e+00 2.192182e-05
5.200000e+00 2.078699e-05
5.210000e+00 1.975006e-05
5.220000e+00 1.881304e-05
5.230000e+00 1.797744e-05
5.240000e+00 1.724402e-05
5.250000e+00 1.661258e-05
5.260000e+00 1.608171e-05
5.270000e+00 1.564860e-05
5.280000e+00 1.530903e-05
5.290000e+00 1.505733e-05
5.300000e+00 1.488661e-05
5.310000e+00 1.478897e-05
5.320000e+00 1.475587e-05
5.330000e+00 1.477844e-05
5.340000e+00 1.484786e-05
5.350000e+00 1.495560e-05
5.360000e+00 1.509367e-05
5.370000e+00 1.525469e-05
5.380000e+00 1.543207e-05
5.390000e+00 1.561992e-05
5.400000e+00 1.581313e-05
5.410000e+00 1.600727e-05
5.420000e+00 1.619857e-05
5.430000e+00 1.638383e-05
5.440000e+00 1.656040e-05
5.450000e+00 1.672605e-05
5.460000e+00 1.687898e-05
5.470000e+00 1.701773e-05
5.480000e+00 1.714116e-05
5.490000e+00 1.724836e-05
5.500000e+00 1.733869e-05
5.510000e+00 1.741167e-05
5.520000e+00 1.746699e-05
5.530000e+00 1.750451e-05
5.540000e+00 1.752420e-05
5.550000e+00 1.752612e-05
5.560000e+00 1.751045e-05
5.570000e+00 1.747742e-05
5.580000e+00 1.742737e-05
5.590000e+00 1.736065e-05
5.600000e+00 1.727768e-05
5.610000e+00 1.717893e-05
5.620000e+00 1.706489e-05
5.630000e+00 1.693609e-05
5.640000e+00 1.679308e-05
5.650000e+00 1.663642e-05
5.660000e+00 1.646671e-05
5.670000e+00 1.628454e-05
5.680000e+00 1.609052e-05
5.690000e+00 1.588527e-05
5.700000e+00 1.566940e-05
5.710000e+00 1.544355e-05
5.720000e+00 1.520834e-05
5.730000e+00 1.496438e-05
5.740000e+00 1.471230e-05
5.750000e+00 1.445272e-05
5.760000e+00 1.418626e-05
5.770000e+00 1.391351e-05
5.780000e+00 1.363508e-05
5.790000e+00 1.335156e-05
5.800000e+00 1.306354e-05
5.810000e+00 1.277160e-05
5.820000e+00 1.247630e-05
5.830000e+00 1.217820e-05
5.840000e+00 1.187785e-05
5.850000e+00 1.157579e-05
5.860000e+00 1.127255e-05
5.870000e+00 1.096864e-05
5.880000e+00 1.066459e-05
5.890000e+00 1.036088e-05
5.900000e+00 1.005800e-05
5.910000e+00 9.756446e-06
5.920000e+00 9.456674e-06
5.930000e+00 9.159151e-06
5.940000e+00 8.864329e-06
5.950000e+00 8.572655e-06
5.960000e+00 8.284567e-06
5.970000e+00 8.000496e-06
5.980000e+00 7.720868e-06
5.990000e+00 7.446101e-06
6.000000e+00 7.176612e-06
6.010000e+00 6.912812e-06
6.020000e+00 6.655106e-06
6.030000e+00 6.403900e-06
6.040000e+00 6.159594e-06
6.050000e+00 5.922586e-06
6.060000e+00 5.693273e-06
6.070000e+00 5.472045e-06
6.080000e+00 5.259290e-06
6.090000e+00 5.055386e-06
6.100000e+00 4.860702e-06
6.110000e+00 4.675596e-06
6.120000e+00 4.500404e-06
6.130000e+00 4.335438e-06
6.140000e+00 4.180977e-06
6.150000e+00 4.037260e-06
6.160000e+00 3.904473e-06
6.170000e+00 3.782742e-06
6.180000e+00 3.672120e-06
6.190000e+00 3.572578e-06
6.200000e+00 3.484000e-06
6.210000e+00 3.406171e-06
6.220000e+00 3.338780e-06
6.230000e+00 3.281421e-06
6.240000e+00 3.233594e-06
6.250000e+00 3.194722e-06
6.260000e+00 3.164154e-06
6.270000e+00 3.141192e-06
6.280000e+00 3.125095e-06
6.290000e+00 3.115107e-06
6.300000e+00 3.110465e-06
6.310000e+00 3.110420e-06
6.320000e+00 3.114242e-06
6.330000e+00 3.121236e-06
6.340000e+00 3.130749e-06
6.350000e+00 3.142171e-06
6.360000e+00 3.154941e-06
6.370000e+00 3.168548e-06
6.380000e+00 3.182532e-06
6.390000e+00 3.196479e-06
6.400000e+00 3.210023e-06
6.410000e+00 3.222842e-06
6.420000e+00 3.234654e-06
6.430000e+00 3.245217e-06
6.440000e+00 3.254321e-06
6.450000e+00 3.261792e-06
6.460000e+00 3.267481e-06
6.470000e+00 3.271269e-06
6.480000e+00 3.273059e-06
6.490000e+00 3.272776e-06
6.500000e+00 3.270364e-06
6.510000e+00 3.265784e-06
6.520000e+00 3.259014e-06
6.530000e+00 3.250045e-06
6.540000e+00 3.238881e-06
6.550000e+00 3.225534e-06
6.560000e+00 3.210031e-06
6.570000e+00 3.192402e-06
6.580000e+00 3.172689e-06
6.590000e+00 3.150938e-06
6.600000e+00 3.127202e-06
6.610000e+00 3.101539e-06
6.620000e+00 3.074011e-06
6.630000e+00 3.044683e-06
6.640000e+00 3.013626e-06
6.650000e+00 2.980910e-06
6.660000e+00 2.946611e-06
6.670000e+00 2.910803e-06
6.680000e+00 2.873565e-06
6.690000e+00 2.834973e-06
6.700000e+00 2.795109e-06
6.710000e+00 2.754051e-06
6.720000e+00 2.711879e-06
6.730000e+00 2.668673e-06
6.740000e+00 2.624512e-06
6.750000e+00 2.579476e-06
6.760000e+00 2.533644e-06
6.770000e+00 2.487093e-06
6.780000e+00 2.439899e-06
6.790000e+00 2.392140e-06
6.800000e+00 2.343890e-06
6.810000e+00 2.295223e-06
6.820000e+00 2.246210e-06
6.830000e+00 2.196923e-06
6.840000e+00 2.147431e-06
6.850000e+00 2.097803e-06
6.860000e+00 2.048105e-06
6.870000e+00 1.998401e-06
6.880000e+00 1.948756e-06
6.890000e+00 1.899230e-06
6.900000e+00 1.849885e-06
6.910000e+00 1.800778e-06
6.920000e+00 1.751966e-06
6.930000e+00 1.703506e-06
6.940000e+00 1.655450e-06
6.950000e+00 1.607851e-06
6.960000e+00 1.560760e-06
6.970000e+00 1.514225e-06
6.980000e+00 1.468295e-06
6.990000e+00 1.423015e-06
7.000000e+00 1.378431e-06
7.010000e+00 1.334587e-06
7.020000e+00 1.291524e-06
7.030000e+00 1.249284e-06
7.040000e+00 1.207907e-06
7.050000e+00 1.167431e-06
7.060000e+00 1.127895e-06
7.070000e+00 1.089334e-06
7.080000e+00 1.051784e-06
7.090000e+00 1.015280e-06
7.100000e+00 9.798543e-07
7.110000e+00 9.455395e-07
7.120000e+00 9.123662e-07
7.130000e+00 8.803641e-07
7.140000e+00 8.495609e-07
7.150000e+00 8.199830e-07
7.160000e+00 7.916547e-07
7.170000e+00 7.645980e-07
7.180000e+00 7.388323e-07
7.190000e+00 7.143741e-07
7.200000e+00 6.912362e-07
7.210000e+00 6.694277e-07
7.220000e+00 6.489528e-07
7.230000e+00 6.298110e-07
7.240000e+00 6.119961e-07
7.250000e+00 5.954956e-07
7.260000e+00 5.802909e-07
7.270000e+00 5.663565e-07
7.280000e+00 5.536598e-07
7.290000e+00 5.421617e-07
7.300000e+00 5.318162e-07
7.310000e+00 5.225710e-07
7.320000e+00 5.143684e-07
7.330000e+00 5.071456e-07
7.340000e+00 5.008358e-07
7.350000e+00 4.953691e-07
7.360000e+00 4.906737e-07
7.370000e+00 4.866767e-07
7.380000e+00 4.833054e-07
7.390000e+00 4.804878e-07
7.400000e+00 4.781538e-07
7.410000e+00 4.762357e-07
7.420000e+00 4.746687e-07
7.430000e+00 4.733917e-07
7.440000e+00 4.723471e-07
7.450000e+00 4.714814e-07
7.460000e+00 4.707454e-07
7.470000e+00 4.700936e-07
7.480000e+00 4.694849e-07
7.490000e+00 4.688821e-07
7.500000e+00 4.682517e-07
7.510000e+00 4.675639e-07
7.520000e+00 4.667925e-07
7.530000e+00 4.659142e-07
7.540000e+00 4.649090e-07
7.550000e+00 4.637597e-07
7.560000e+00 4.624516e-07
7.570000e+00 4.609724e-07
7.580000e+00 4.593119e-07
7.590000e+00 4.574622e-07
7.600000e+00 4.554169e-07
7.610000e+00 4.531714e-07
7.620000e+00 4.507226e-07
7.630000e+00 4.480689e-07
7.640000e+00 4.452096e-07
7.650000e+00 4.421454e-07
7.660000e+00 4.388780e-07
7.670000e+00 4.354098e-07
7.680000e+00 4.317440e-07
7.690000e+00 4.278848e-07
7.700000e+00 4.238367e-07
7.710000e+00 4.196049e-07
7.720000e+00 4.151952e-07
7.730000e+00 4.106135e-07
7.740000e+00 4.058663e-07
7.750000e+00 4.009606e-07
7.760000e+00 3.959032e-07
7.770000e+00 3.907015e-07
7.780000e+00 3.853630e-07
7.790000e+00 3.798954e-07
7.800000e+00 3.743063e-07
7.810000e+00 3.686035e-07
7.820000e+00 3.627952e-07
7.830000e+00 3.568890e-07
7.840000e+00 3.508931e-07
7.850000e+00 3.448154e-07
7.860000e+00 3.386637e-07
7.870000e+00 3.324461e-07
7.880000e+00 3.261703e-07
7.890000e+00 3.198442e-07
7.900000e+00 3.134753e-07
7.910000e+00 3.070714e-07
7.920000e+00 3.006398e-07
7.930000e+00 2.941880e-07
7.940000e+00 2.877233e-07
7.950000e+00 2.812528e-07
7.960000e+00 2.747836e-07
7.970000e+00 2.683224e-07
7.980000e+00 2.618760e-07
7.990000e+00 2.554512e-07
8.000000e+00 2.490542e-07
8.010000e+00 2.426914e-07
8.020000e+00 2.363691e-07
8.030000e+00 2.300931e-07
8.040000e+00 2.238695e-07
8.050000e+00 2.177039e-07
8.060000e+00 2.116019e-07
8.070000e+00 2.055690e-07
8.080000e+00 1.996105e-07
8.090000e+00 1.937316e-07
8.100000e+00 1.879372e-07
8.110000e+00 1.822324e-07
8.120000e+00 1.766219e-07
8.130000e+00 1.711104e-07
8.140000e+00 1.657023e-07
8.150000e+00 1.604023e-07
8.160000e+00 1.552144e-07
8.170000e+00 1.501431e-07
8.180000e+00 1.451923e-07
8.190000e+00 1.403660e-07
8.200000e+00 1.356681e-07
8.210000e+00 1.311023e-07
8.220000e+00 1.266724e-07
8.230000e+00 1.223816e-07
8.240000e+00 1.182335e-07
8.250000e+00 1.142312e-07
8.260000e+00 1.103777e-07
8.270000e+00 1.066758e-07
8.280000e+00 1.031280e-07
8.290000e+00 9.973674e-08
8.300000e+00 9.650393e-08
8.310000e+00 9.343119e-08
8.320000e+00 9.051975e-08
8.330000e+00 8.777033e-08
8.340000e+00 8.518318e-08
8.350000e+00 8.275794e-08
8.360000e+00 8.049361e-08
8.370000e+00 7.838854e-08
8.380000e+00 7.644032e-08
8.390000e+00 7.464583e-08
8.400000e+00 7.300117e-08
8.410000e+00 7.150166e-08
8.420000e+00 7.014193e-08
8.430000e+00 6.891588e-08
8.440000e+00 6.781681e-08
8.450000e+00 6.683744e-08
8.460000e+00 6.597005e-08
8.470000e+00 6.520656e-08
8.480000e+00 6.453864e-08
8.490000e+00 6.395781e-08
8.500000e+00 6.345559e-08
8.510000e+00 6.302355e-08
8.520000e+00 6.265341e-08
8.530000e+00 6.233716e-08
8.540000e+00 6.206710e-08
8.550000e+00 6.183587e-08
8.560000e+00 6.163654e-08
8.570000e+00 6.146261e-08
8.580000e+00 6.130802e-08
8.590000e+00 6.116721e-08
8.600000e+00 6.103505e-08
8.610000e+00 6.090688e-08
8.620000e+00 6.077847e-08
8.630000e+00 6.064604e-08
8.640000e+00 6.050621e-08
8.650000e+00 6.035598e-08
8.660000e+00 6.019273e-08
8.670000e+00 6.001416e-08
8.680000e+00 5.981831e-08
8.690000e+00 5.960350e-08
8.700000e+00 5.936834e-08
8.710000e+00 5.911166e-08
8.720000e+00 5.883255e-08
8.730000e+00 5.853029e-08
8.740000e+00 5.820437e-08
8.750000e+00 5.785444e-08
8.760000e+00 5.748032e-08
8.770000e+00 5.708195e-08
8.780000e+00 5.665944e-08
8.790000e+00 5.621297e-08
8.800000e+00 5.574286e-08
8.810000e+00 5.524952e-08
8.820000e+00 5.473342e-08
8.830000e+00 5.419512e-08
8.840000e+00 5.363525e-08
8.850000e+00 5.305449e-08
8.860000e+00 5.245358e-08
8.870000e+00 5.183329e-08
8.880000e+00 5.119444e-08
8.890000e+00 5.053786e-08
8.900000e+00 4.986444e-08
8.910000e+00 4.917507e-08
8.920000e+00 4.847067e-08
8.930000e+00 4.775215e-08
8.940000e+00 4.702046e-08
8.950000e+00 4.627654e-08
8.960000e+00 4.552134e-08
8.970000e+00 4.475581e-08
8.980000e+00 4.398090e-08
8.990000e+00 4.319755e-08
9.000000e+00 4.240670e-08
9.010000e+00 4.160928e-08
9.020000e+00 4.080622e-08
9.030000e+00 3.999843e-08
9.040000e+00 3.918682e-08
9.050000e+00 3.837225e-08
9.060000e+00 3.755562e-08
9.070000e+00 3.673778e-08
9.080000e+00 3.591957e-08
9.090000e+00 3.510182e-08
9.100000e+00 3.428534e-08
9.110000e+00 3.347093e-08
9.120000e+00 3.265934e-08
9.130000e+00 3.185136e-08
9.140000e+00 3.104770e-08
9.150000e+00 3.024909e-08
9.160000e+00 2.945624e-08
9.170000e+00 2.866982e-08
9.180000e+00 2.789051e-08
9.190000e+00 2.711895e-08
9.200000e+00 2.635578e-08
9.210000e+00 2.560160e-08
9.220000e+00 2.485701e-08
9.230000e+00 2.412260e-08
9.240000e+00 2.339892e-08
9.250000e+00 2.268653e-08
9.260000e+00 2.198595e-08
9.270000e+00 2.129772e-08
9.280000e+00 2.062233e-08
9.290000e+00 1.996028e-08
9.300000e+00 1.931205e-08
9.310000e+00 1.867811e-08
9.320000e+00 1.805890e-08
9.330000e+00 1.745488e-08
9.340000e+00 1.686648e-08
9.350000e+00 1.629411e-08
9.360000e+00 1.573820e-08
9.370000e+00 1.519913e-08
9.380000e+00 1.467728e-08
9.390000e+00 1.417303e-08
9.400000e+00 1.368673e-08
9.410000e+00 1.321871e-08
9.420000e+00 1.276929e-08
9.430000e+00 1.233875e-08
9.440000e+00 1.192735e-08
9.450000e+00 1.153532e-08
9.460000e+00 1.116283e-08
9.470000e+00 1.081004e-08
9.480000e+00 1.047703e-08
9.490000e+00 1.016381e-08
9.500000e+00 9.870361e-09
9.510000e+00 9.596559e-09
9.520000e+00 9.342209e-09
9.530000e+00 9.107034e-09
9.540000e+00 8.890663e-09
9.550000e+00 8.692635e-09
9.560000e+00 8.512397e-09
9.570000e+00 8.349302e-09
9.580000e+00 8.202628e-09
9.590000e+00 8.071565e-09
9.600000e+00 7.955238e-09
9.610000e+00 7.852714e-09
9.620000e+00 7.763013e-09
9.630000e+00 7.685125e-09
9.640000e+00 7.618019e-09
9.650000e+00 7.560662e-09
9.660000e+00 7.512026e-09
9.670000e+00 7.471098e-09
9.680000e+00 7.436900e-09
9.690000e+00 7.408489e-09
9.700000e+00 7.384963e-09
9.710000e+00 7.365470e-09
9.720000e+00 7.349218e-09
9.730000e+00 7.335459e-09
9.740000e+00 7.323508e-09
9.750000e+00 7.312737e-09
9.760000e+00 7.302569e-09
9.770000e+00 7.292485e-09
9.780000e+00 7.282015e-09
9.790000e+00 7.270743e-09
9.800000e+00 7.258295e-09
9.810000e+00 7.244345e-09
9.820000e+00 7.228608e-09
9.830000e+00 7.210834e-09
9.840000e+00 7.190813e-09
9.850000e+00 7.168366e-09
9.860000e+00 7.143347e-09
9.870000e+00 7.115630e-09
9.880000e+00 7.085126e-09
9.890000e+00 7.051760e-09
9.900000e+00 7.015482e-09
9.910000e+00 6.976263e-09
9.920000e+00 6.934086e-09
9.930000e+00 6.888956e-09
9.940000e+00 6.840886e-09
9.950000e+00 6.789905e-09
9.960000e+00 6.736056e-09
9.970000e+00 6.679386e-09
9.980000e+00 6.619957e-09
9.990000e+00 6.557837e-09
1.000000e+01 6.493099e-09
1.001000e+01 6.425824e-09
1.002000e+01 6.356100e-09
1.003000e+01 6.284018e-09
1.004000e+01 6.209673e-09
1.005000e+01 6.133163e-09
1.006000e+01 6.054591e-09
1.007000e+01 5.974061e-09
1.008000e+01 5.891678e-09
1.009000e+01 5.807553e-09
1.010000e+01 5.721791e-09
1.011000e+01 5.634504e-09
1.012000e+01 5.545800e-09
1.013000e+01 5.455790e-09
1.014000e+01 5.364584e-09
1.015000e+01 5.272293e-09
1.016000e+01 5.179023e-09
1.017000e+01 5.084885e-09
1.018000e+01 4.989984e-09
1.019000e+01 4.894428e-09
1.020000e+01 4.798324e-09
1.021000e+01 4.701769e-09
1.022000e+01 4.604869e-09
1.023000e+01 4.507723e-09
1.024000e+01 4.410431e-09
1.025000e+01 4.313087e-09
1.026000e+01 4.215789e-09
1.027000e+01 4.118627e-09
1.028000e+01 4.021695e-09
1.029000e+01 3.925081e-09
1.030000e+01 3.828867e-09
1.031000e+01 3.733144e-09
1.032000e+01 3.637992e-09
1.033000e+01 3.543494e-09
1.034000e+01 3.449727e-09
1.035000e+01 3.356769e-09
1.036000e+01 3.264692e-09
1.037000e+01 3.173572e-09
1.038000e+01 3.083480e-09
1.039000e+01 2.994485e-09
1.040000e+01 2.906653e-09
1.041000e+01 2.820050e-09
1.042000e+01 2.734742e-09
1.043000e+01 2.650790e-09
1.044000e+01 2.568255e-09
1.045000e+01 2.487198e-09
1.046000e+01 2.407675e-09
1.047000e+01 2.329744e-09
1.048000e+01 2.253462e-09
1.049000e+01 2.178880e-09
1.050000e+01 2.106054e-09
1.051000e+01 2.035036e-09
1.052000e+01 1.965875e-09
1.053000e+01 1.898624e-09
1.054000e+01 1.833332e-09
1.055000e+01 1.770044e-09
1.056000e+01 1.708807e-09
1.057000e+01 1.649669e-09
1.058000e+01 1.592671e-09
1.059000e+01 1.537855e-09
1.060000e+01 1.485261e-09
1.061000e+01 1.434923e-09
1.062000e+01 1.386877e-09
1.063000e+01 1.341152e-09
1.064000e+01 1.297770e-09
1.065000e+01 1.256750e-09
1.066000e+01 1.218107e-09
1.067000e+01 1.181844e-09
1.068000e+01 1.147957e-09
1.069000e+01 1.116434e-09
1.070000e+01 1.087254e-09
1.071000e+01 1.060382e-09
1.072000e+01 1.035772e-09
1.073000e+01 1.013369e-09
1.074000e+01 9.931041e-10
1.075000e+01 9.748964e-10
1.076000e+01 9.586574e-10
1.077000e+01 9.442867e-10
1.078000e+01 9.316756e-10
1.079000e+01 9.207089e-10
1.080000e+01 9.112626e-10
1.081000e+01 9.032142e-10
1.082000e+01 8.964382e-10
1.083000e+01 8.908042e-10
1.084000e+01 8.861871e-10
1.085000e+01 8.824660e-10
1.086000e+01 8.795195e-10
1.087000e+01 8.772343e-10
1.088000e+01 8.755007e-10
1.089000e+01 8.742161e-10
1.090000e+01 8.732852e-10
1.091000e+01 8.726202e-10
1.092000e+01 8.721398e-10
1.093000e+01 8.717654e-10
1.094000e+01 8.714316e-10
1.095000e+01 8.710769e-10
1.096000e+01 8.706459e-10
1.097000e+01 8.700896e-10
1.098000e+01 8.693641e-10
1.099000e+01 8.684304e-10
1.100000e+01 8.672579e-10
1.101000e+01 8.658157e-10
1.102000e+01 8.640791e-10
1.103000e+01 8.620295e-10
1.104000e+01 8.596478e-10
1.105000e+01 8.569233e-10
1.106000e+01 8.538405e-10
1.107000e+01 8.503958e-10
1.108000e+01 8.465820e-10
1.109000e+01 8.423962e-10
1.110000e+01 8.378374e-10
1.111000e+01 8.329054e-10
1.112000e+01 8.276034e-10
1.113000e+01 8.219336e-10
1.114000e+01 8.159049e-10
1.115000e+01 8.095184e-10
1.116000e+01 8.027854e-10
1.117000e+01 7.957126e-10
1.118000e+01 7.883100e-10
1.119000e+01 7.805872e-10
1.120000e+01 7.725543e-10
1.121000e+01 7.642232e-10
1.122000e+01 7.556040e-10
1.123000e+01 7.467110e-10
1.124000e+01 7.375533e-10
1.125000e+01 7.281474e-10
1.126000e+01 7.185041e-10
1.127000e+01 7.086351e-10
1.128000e+01 6.985542e-10
1.129000e+01 6.882756e-10
1.130000e+01 6.778121e-10
1.131000e+01 6.671775e-10
1.132000e+01 6.563856e-10
1.133000e+01 6.454485e-10
1.134000e+01 6.343801e-10
1.135000e+01 6.231925e-10
1.136000e+01 6.118992e-10
1.137000e+01 6.005126e-10
1.138000e+01 5.890473e-10
1.139000e+01 5.775134e-10
1.140000e+01 5.659249e-10
1.141000e+01 5.542935e-10
1.142000e+01 5.426304e-10
1.143000e+01 5.309484e-10
1.144000e+01 5.192582e-10
1.145000e+01 5.075722e-10
1.146000e+01 4.958990e-10
1.147000e+01 4.842533e-10
1.148000e+01 4.726428e-10
1.149000e+01 4.610782e-10
1.150000e+01 4.495713e-10
1.151000e+01 4.381291e-10
1.152000e+01 4.267645e-10
1.153000e+01 4.154849e-10
1.154000e+01 4.042993e-10
1.155000e+01 3.932182e-10
1.156000e+01 3.822479e-10
1.157000e+01 3.713992e-10
1.158000e+01 3.606794e-10
1.159000e+01 3.500958e-10
1.160000e+01 3.396584e-10
1.161000e+01 3.293734e-10
1.162000e+01 3.192483e-10
1.163000e+01 3.092901e-10
1.164000e+01 2.995068e-10
1.165000e+01 2.899059e-10
1.166000e+01 2.804925e-10
1.167000e+01 2.712742e-10
1.168000e+01 2.622585e-10
1.169000e+01 2.534508e-10
1.170000e+01 2.448578e-10
1.171000e+01 2.364844e-10
1.172000e+01 2.283377e-10
1.173000e+01 2.204254e-10
1.174000e+01 2.127518e-10
1.175000e+01 2.053236e-10
1.176000e+01 1.981448e-10
1.177000e+01 1.912222e-10
1.178000e+01 1.845608e-10
1.179000e+01 1.781651e-10
1.180000e+01 1.720424e-10
1.181000e+01 1.661940e-10
1.182000e+01 1.606253e-10
1.183000e+01 1.553389e-10
1.184000e+01 1.503403e-10
1.185000e+01 1.456287e-10
1.186000e+01 1.412051e-10
1.187000e+01 1.370746e-10
1.188000e+01 1.332295e-10
1.189000e+01 1.296730e-10
1.190000e+01 1.264000e-10
1.191000e+01 1.234044e-10
1.192000e+01 1.206814e-10
1.193000e+01 1.182225e-10
1.194000e+01 1.160194e-10
1.195000e+01 1.140597e-10
1.196000e+01 1.123352e-10
1.197000e+01 1.108283e-10
1.198000e+01 1.095271e-10
1.199000e+01 1.084170e-10
1.200000e+01 1.074822e-10
1.201000e+01 1.067071e-10
1.202000e+01 1.060747e-10
1.203000e+01 1.055710e-10
1.204000e+01 1.051801e-10
1.205000e+01 1.048888e-10
1.206000e+01 1.046796e-10
1.207000e+01 1.045408e-10
1.208000e+01 1.044591e-10
1.209000e+01 1.044217e-10
1.210000e+01 1.044186e-10
1.211000e+01 1.044393e-10
1.212000e+01 1.044739e-10
1.213000e+01 1.045140e-10
1.214000e+01 1.045525e-10
1.215000e+01 1.045813e-10
1.216000e+01 1.045951e-10
1.217000e+01 1.045893e-10
1.218000e+01 1.045569e-10
1.219000e+01 1.044942e-10
1.220000e+01 1.043990e-10
1.221000e+01 1.042679e-10
1.222000e+01 1.040975e-10
1.223000e+01 1.038848e-10
1.224000e+01 1.036318e-10
1.225000e+01 1.033339e-10
1.226000e+01 1.029892e-10
1.227000e+01 1.025979e-10
1.228000e+01 1.021615e-10
1.229000e+01 1.016799e-10
1.230000e+01 1.011495e-10
1.231000e+01 1.005730e-10
1.232000e+01 9.995010e-11
1.233000e+01 9.928222e-11
1.234000e+01 9.856908e-11
1.235000e+01 9.781368e-11
1.236000e+01 9.701432e-11
1.237000e+01 9.617215e-11
1.238000e+01 9.529152e-11
1.239000e+01 9.436978e-11
1.240000e+01 9.341022e-11
1.241000e+01 9.241497e-11
1.242000e+01 9.138532e-11
1.243000e+01 9.031984e-11
1.244000e+01 8.922268e-11
1.245000e+01 8.809656e-11
1.246000e+01 8.693983e-11
1.247000e+01 8.575572e-11
1.248000e+01 8.454613e-11
1.249000e+01 8.331113e-11
1.250000e+01 8.205385e-11
1.251000e+01 8.077762e-11
1.252000e+01 7.948083e-11
1.253000e+01 7.816522e-11
1.254000e+01 7.683325e-11
1.255000e+01 7.548804e-11
1.256000e+01 7.412900e-11
1.257000e+01 7.275701e-11
1.258000e+01 7.137730e-11
1.259000e+01 6.998883e-11
1.260000e+01 6.859141e-11
1.261000e+01 6.718934e-11
1.262000e+01 6.578443e-11
1.263000e+01 6.437561e-11
1.264000e+01 6.296500e-11
1.265000e+01 6.155537e-11
1.266000e+01 6.014700e-11
1.267000e+01 5.874106e-11
1.268000e+01 5.733930e-11
1.269000e+01 5.594141e-11
1.270000e+01 5.455162e-11
1.271000e+01 5.316958e-11
1.272000e+01 5.179473e-11
1.273000e+01 5.042982e-11
1.274000e+01 4.907591e-11
1.275000e+01 4.773560e-11
1.276000e+01 4.640687e-11
1.277000e+01 4.509325e-11
1.278000e+01 4.379499e-11
1.279000e+01 4.251112e-11
1.280000e+01 4.124429e-11
1.281000e+01 3.999610e-11
1.282000e+01 3.876720e-11
1.283000e+01 3.755731e-11
1.284000e+01 3.636901e-11
1.285000e+01 3.520177e-11
1.286000e+01 3.405675e-11
1.287000e+01 3.293390e-11
1.288000e+01 3.183537e-11
1.289000e+01 3.076190e-11
1.290000e+01 2.971382e-11
1.291000e+01 2.869233e-11
1.292000e+01 2.769701e-11
1.293000e+01 2.673033e-11
1.294000e+01 2.579179e-11
1.295000e+01 2.488269e-11
1.296000e+01 2.400248e-11
1.297000e+01 2.315293e-11
1.298000e+01 2.233565e-11
1.299000e+01 2.154958e-11
1.300000e+01 2.079607e-11
1.301000e+01 2.007600e-11
1.302000e+01 1.938952e-11
1.303000e+01 1.873730e-11
1.304000e+01 1.812048e-11
1.305000e+01 1.753770e-11
1.306000e+01 1.698933e-11
1.307000e+01 1.647708e-11
1.308000e+01 1.600154e-11
1.309000e+01 1.556034e-11
1.310000e+01 1.515469e-11
1.311000e+01 1.478336e-11
1.312000e+01 1.444468e-11
1.313000e+01 1.414037e-11
1.314000e+01 1.386700e-11
1.315000e+01 1.362532e-11
1.316000e+01 1.341282e-11
1.317000e+01 1.322770e-11
1.318000e+01 1.306867e-11
1.319000e+01 1.293374e-11
1.320000e+01 1.282231e-11
1.321000e+01 1.272932e-11
1.322000e+01 1.265669e-11
1.323000e+01 1.260006e-11
1.324000e+01 1.255622e-11
1.325000e+01 1.252749e-11
1.326000e+01 1.250887e-11
1.327000e+01 1.249912e-11
1.328000e+01 1.249668e-11
1.329000e+01 1.250006e-11
1.330000e+01 1.250879e-11
1.331000e+01 1.252098e-11
1.332000e+01 1.253383e-11
1.333000e+01 1.254850e-11
1.334000e+01 1.256356e-11
1.335000e+01 1.257624e-11
1.336000e+01 1.258853e-11
1.337000e+01 1.259765e-11
1.338000e+01 1.260400e-11
1.339000e+01 1.260646e-11
1.340000e+01 1.260522e-11
1.341000e+01 1.259851e-11
1.342000e+01 1.258697e-11
1.343000e+01 1.257271e-11
1.344000e+01 1.255036e-11
1.345000e+01 1.252427e-11
1.346000e+01 1.249260e-11
1.347000e+01 1.245443e-11
1.348000e+01 1.241082e-11
1.349000e+01 1.236014e-11
1.350000e+01 1.230509e-11
1.351000e+01 1.224355e-11
1.352000e+01 1.217652e-11
1.353000e+01 1.210300e-11
1.354000e+01 1.202437e-11
1.355000e+01 1.194109e-11
1.356000e+01 1.185011e-11
1.357000e+01 1.175544e-11
1.358000e+01 1.165594e-11
1.359000e+01 1.155038e-11
1.360000e+01 1.144040e-11
1.361000e+01 1.132546e-11
1.362000e+01 1.120675e-11
1.363000e+01 1.108326e-11
1.364000e+01 1.095528e-11
1.365000e+01 1.082290e-11
1.366000e+01 1.068728e-11
1.367000e+01 1.054916e-11
1.368000e+01 1.040640e-11
1.369000e+01 1.026135e-11
1.370000e+01 1.011319e-11
1.371000e+01 9.961391e-12
1.372000e+01 9.806594e-12
1.373000e+01 9.650333e-12
1.374000e+01 9.491935e-12
1.375000e+01 9.330882e-12
1.376000e+01 9.169348e-12
1.377000e+01 9.004763e-12
1.378000e+01 8.839121e-12
1.379000e+01 8.672336e-12
1.380000e+01 8.504679e-12
1.381000e+01 8.335560e-12
1.382000e+01 8.165564e-12
1.383000e+01 7.995908e-12
1.384000e+01 7.824601e-12
1.385000e+01 7.654531e-12
1.386000e+01 7.483404e-12
1.387000e+01 7.312277e-12
1.388000e+01 7.142205e-12
1.389000e+01 6.973174e-12
1.390000e+01 6.804344e-12
1.391000e+01 6.634564e-12
1.392000e+01 6.466841e-12
1.393000e+01 6.300334e-12
1.394000e+01 6.135031e-12
1.395000e+01 5.970269e-12
1.396000e+01 5.807839e-12
1.397000e+01 5.646426e-12
1.398000e+01 5.486079e-12
1.399000e+01 5.328617e-12
1.400000e+01 5.172036e-12
1.401000e+01 5.017618e-12
1.402000e+01 4.865816e-12
1.403000e+01 4.716470e-12
1.404000e+01 4.568929e-12
1.405000e+01 4.424703e-12
1.406000e+01 4.282315e-12
1.407000e+01 4.141799e-12
1.408000e+01 4.005329e-12
1.409000e+01 3.871206e-12
1.410000e+01 3.739905e-12
1.411000e+01 3.611639e-12
1.412000e+01 3.486516e-12
1.413000e+01 3.364967e-12
1.414000e+01 3.246960e-12
1.415000e+01 3.131405e-12
1.416000e+01 3.019621e-12
1.417000e+01 2.912135e-12
1.418000e+01 2.807685e-12
1.419000e+01 2.707132e-12
1.420000e+01 2.611384e-12
1.421000e+01 2.519153e-12
1.422000e+01 2.429978e-12
1.423000e+01 2.346065e-12
1.424000e+01 2.264946e-12
1.425000e+01 2.188438e-12
1.426000e+01 2.117716e-12
1.427000e+01 2.049814e-12
1.428000e+01 1.986414e-12
1.429000e+01 1.927462e-12
1.430000e+01 1.873215e-12
1.431000e+01 1.822817e-12
1.432000e+01 1.776947e-12
1.433000e+01 1.735910e-12
1.434000e+01 1.697858e-12
1.435000e+01 1.664704e-12
1.436000e+01 1.635323e-12
1.437000e+01 1.608858e-12
1.438000e+01 1.586619e-12
1.439000e+01 1.567524e-12
1.440000e+01 1.551371e-12
1.441000e+01 1.537963e-12
1.442000e+01 1.526990e-12
1.443000e+01 1.518764e-12
1.444000e+01 1.512777e-12
1.445000e+01 1.508084e-12
1.446000e+01 1.504652e-12
1.447000e+01 1.503511e-12
1.448000e+01 1.503365e-12
1.449000e+01 1.504533e-12
1.450000e+01 1.506308e-12
1.451000e+01 1.507137e-12
1.452000e+01 1.509580e-12
1.453000e+01 1.512548e-12
1.454000e+01 1.515269e-12
1.455000e+01 1.518033e-12
1.456000e+01 1.520564e-12
1.457000e+01 1.523188e-12
1.458000e+01 1.525836e-12
1.459000e+01 1.527977e-12
1.460000e+01 1.528749e-12
1.461000e+01 1.529286e-12
1.462000e+01 1.529756e-12
1.463000e+01 1.530154e-12
1.464000e+01 1.528501e-12
1.465000e+01 1.526144e-12
1.466000e+01 1.524784e-12
1.467000e+01 1.521965e-12
1.468000e+01 1.518280e-12
1.469000e+01 1.513466e-12
1.470000e+01 1.508071e-12
1.471000e+01 1.502364e-12
1.472000e+01 1.495338e-12
1.473000e+01 1.487678e-12
1.474000e+01 1.480175e-12
1.475000e+01 1.471462e-12
1.476000e+01 1.461695e-12
1.477000e+01 1.451550e-12
1.478000e+01 1.440580e-12
1.479000e+01 1.429191e-12
1.480000e+01 1.416741e-12
1.481000e+01 1.404120e-12
1.482000e+01 1.390166e-12
1.483000e+01 1.376730e-12
1.484000e+01 1.362889e-12
1.485000e+01 1.347306e-12
1.486000e+01 1.332080e-12
1.487000e+01 1.315078e-12
1.488000e+01 1.299355e-12
1.489000e+01 1.282392e-12
1.490000e+01 1.263715e-12
1.491000e+01 1.246511e-12
1.492000e+01 1.228489e-12
1.493000e+01 1.210024e-12
1.494000e+01 1.191341e-12
1.495000e+01 1.172752e-12
1.496000e+01 1.152718e-12
1.497000e+01 1.133105e-12
1.498000e+01 1.113814e-12
1.499000e+01 1.092877e-12
1.500000e+01 1.072761e-12
1.501000e+01 1.053047e-12
1.502000e+01 1.032312e-12
1.503000e+01 1.011370e-12
1.504000e+01 9.914390e-13
1.505000e+01 9.705906e-13
1.506000e+01 9.493068e-13
1.507000e+01 9.287413e-13
1.508000e+01 9.078872e-13
1.509000e+01 8.869119e-13
1.510000e+01 8.663900e-13
1.511000e+01 8.455304e-13
1.512000e+01 8.239555e-13
1.513000e+01 8.043607e-13
1.514000e+01 7.843860e-13
1.515000e+01 7.633408e-13
1.516000e+01 7.439945e-13
1.517000e+01 7.240072e-13
1.518000e+01 7.035562e-13
1.519000e+01 6.839391e-13
1.520000e+01 6.644972e-13
1.521000e+01 6.448394e-13
1.522000e+01 6.256617e-13
1.523000e+01 6.077365e-13
1.524000e+01 5.887208e-13
1.525000e+01 5.700581e-13
1.526000e+01 5.527130e-13
1.527000e+01 5.344692e-13
1.528000e+01 5.176399e-13
1.529000e+01 5.014539e-13
1.530000e+01 4.847678e-13
1.531000e+01 4.679069e-13
1.532000e+01 4.511789e-13
1.533000e+01 4.359855e-13
1.534000e+01 4.208593e-13
1.535000e+01 4.056597e-13
1.536000e+01 3.908225e-13
1.537000e+01 3.772234e-13
1.538000e+01 3.637412e-13
1.539000e+01 3.501401e-13
1.540000e+01 3.380686e-13
1.541000e+01 3.257648e-13
1.542000e+01 3.138899e-13
1.543000e+01 3.031744e-13
1.544000e+01 2.922583e-13
1.545000e+01 2.812281e-13
1.546000e+01 2.720753e-13
1.547000e+01 2.630539e-13
1.548000e+01 2.536793e-13
1.549000e+01 2.462756e-13
1.550000e+01 2.384561e-13
1.551000e+01 2.309400e-13
1.552000e+01 2.243004e-13
1.553000e+01 2.181919e-13
1.554000e+01 2.129357e-13
1.555000e+01 2.074623e-13
1.556000e+01 2.028496e-13
1.557000e+01 1.991442e-13
1.558000e+01 1.959705e-13
1.559000e+01 1.925114e-13
1.560000e+01 1.896777e-13
1.561000e+01 1.883072e-13
1.562000e+01 1.865036e-13
1.563000e+01 1.847158e-13
1.564000e+01 1.835315e-13
1.565000e+01 1.824956e-13
1.566000e+01 1.816023e-13
1.567000e+01 1.817550e-13
1.568000e+01 1.820194e-13
1.569000e+01 1.813545e-13
1.570000e+01 1.815537e-13
1.571000e+01 1.818711e-13
1.572000e+01 1.820310e-13
1.573000e+01 1.827552e-13
1.574000e+01 1.834177e-13
1.575000e+01 1.841444e-13
1.576000e+01 1.842312e-13
1.577000e+01 1.843669e-13
1.578000e+01 1.851202e-13
1.579000e+01 1.860090e-13
1.580000e+01 1.862678e-13
1.581000e+01 1.858962e-13
1.582000e+01 1.868512e-13
1.583000e+01 1.870564e-13
1.584000e+01 1.864387e-13
1.585000e+01 1.869619e-13
1.586000e+01 1.867111e-13
1.587000e+01 1.861215e-13
1.588000e+01 1.859031e-13
1.589000e+01 1.861584e-13
1.590000e+01 1.860236e-13
1.591000e+01 1.850594e-13
1.592000e+01 1.849410e-13
1.593000e+01 1.845920e-13
1.594000e+01 1.835538e-13
1.595000e+01 1.822938e-13
1.596000e+01 1.813242e-13
1.597000e+01 1.805051e-13
1.598000e+01 1.792396e-13
1.599000e+01 1.781588e-13
1.600000e+01 1.760737e-13
1.601000e+01 1.743139e-13
1.602000e+01 1.739897e-13
1.603000e+01 1.726768e-13
1.604000e+01 1.704997e-13
1.605000e+01 1.689721e-13
1.606000e+01 1.673590e-13
1.607000e+01 1.649672e-13
1.608000e+01 1.636306e-13
1.609000e+01 1.620317e-13
1.610000e+01 1.591060e-13
1.611000e+01 1.569856e-13
1.612000e+01 1.550517e-13
1.613000e+01 1.529638e-13
1.614000e+01 1.509228e-13
1.615000e+01 1.487298e-13
1.616000e+01 1.466019e-13
1.617000e+01 1.442812e-13
1.618000e+01 1.418414e-13
1.619000e+01 1.395145e-13
1.620000e+01 1.368200e-13
1.621000e+01 1.341291e-13
1.622000e+01 1.320645e-13
1.623000e+01 1.294273e-13
1.624000e+01 1.266160e-13
1.625000e+01 1.245367e-13
1.626000e+01 1.223352e-13
1.627000e+01 1.190239e-13
1.628000e+01 1.164555e-13
1.629000e+01 1.148916e-13
1.630000e+01 1.115827e-13
1.631000e+01 1.088461e-13
1.632000e+01 1.071739e-13
1.633000e+01 1.046943e-13
1.634000e+01 1.015316e-13
1.635000e+01 9.877809e-14
1.636000e+01 9.678637e-14
1.637000e+01 9.382099e-14
1.638000e+01 9.151746e-14
1.639000e+01 8.931105e-14
1.640000e+01 8.706327e-14
1.641000e+01 8.542900e-14
1.642000e+01 8.267761e-14
1.643000e+01 8.001026e-14
1.644000e+01 7.711195e-14
1.645000e+01 7.466727e-14
1.646000e+01 7.268005e-14
1.647000e+01 7.020545e-14
1.648000e+01 6.824676e-14
1.649000e+01 6.664707e-14
1.650000e+01 6.427445e-14
1.651000e+01 6.154580e-14
1.652000e+01 6.025002e-14
1.653000e+01 5.819060e-14
1.654000e+01 5.579389e-14
1.655000e+01 5.357092e-14
1.656000e+01 5.135510e-14
1.657000e+01 5.027298e-14
1.658000e+01 4.776202e-14
1.659000e+01 4.618930e-14
1.660000e+01 4.499721e-14
1.661000e+01 4.273871e-14
1.662000e+01 4.127595e-14
1.663000e+01 3.976235e-14
1.664000e+01 3.894412e-14
1.665000e+01 3.744288e-14
1.666000e+01 3.618382e-14
1.667000e+01 3.463199e-14
1.668000e+01 3.269760e-14
1.669000e+01 3.223686e-14
1.670000e+01 3.091325e-14
1.671000e+01 2.977575e-14
1.672000e+01 2.841894e-14
1.673000e+01 2.779865e-14
1.674000e+01 2.754795e-14
1.675000e+01 2.585324e-14
1.676000e+01 2.544282e-14
1.677000e+01 2.514103e-14
1.678000e+01 2.489174e-14
1.679000e+01 2.444995e-14
1.680000e+01 2.362596e-14
1.681000e+01 2.377589e-14
1.682000e+01 2.360452e-14
1.683000e+01 2.339441e-14
1.684000e+01 2.281996e-14
1.685000e+01 2.225105e-14
1.686000e+01 2.251241e-14
1.687000e+01 2.243299e-14
1.688000e+01 2.234280e-14
1.689000e+01 2.209297e-14
1.690000e+01 2.200388e-14
1.691000e+01 2.252136e-14
1.692000e+01 2.226823e-14
1.693000e+01 2.216299e-14
1.694000e+01 2.292693e-14
1.695000e+01 2.332775e-14
1.696000e+01 2.268465e-14
1.697000e+01 2.228611e-14
1.698000e+01 2.230869e-14
1.699000e+01 2.180339e-14
1.700000e+01 2.218776e-14
1.701000e+01 2.222784e-14
1.702000e+01 2.213487e-14
1.703000e+01 2.268845e-14
1.704000e+01 2.261524e-14
1.705000e+01 2.311843e-14
1.706000e+01 2.283926e-14
1.707000e+01 2.180323e-14
1.708000e+01 2.215339e-14
1.709000e+01 2.276280e-14
1.710000e+01 2.278269e-14
1.711000e+01 2.267793e-14
1.712000e+01 2.252259e-14
1.713000e+01 2.219968e-14
1.714000e+01 2.232115e-14
1.715000e+01 2.263808e-14
1.716000e+01 2.293605e-14
1.717000e+01 2.318724e-14
1.718000e+01 2.255815e-14
1.719000e+01 2.195702e-14
1.720000e+01 2.190988e-14
1.721000e+01 2.138637e-14
1.722000e+01 2.123362e-14
1.723000e+01 2.196488e-14
1.724000e+01 2.161444e-14
1.725000e+01 2.098939e-14
1.726000e+01 2.105223e-14
1.727000e+01 2.037335e-14
1.728000e+01 2.017381e-14
1.729000e+01 2.102755e-14
1.730000e+01 2.094946e-14
1.731000e+01 2.046368e-14
1.732000e+01 2.043988e-14
1.733000e+01 1.981300e-14
1.734000e+01 1.910450e-14
1.735000e+01 1.941654e-14
1.736000e+01 1.898579e-14
1.737000e+01 1.829729e-14
1.738000e+01 1.817822e-14
1.739000e+01 1.751652e-14
1.740000e+01 1.772993e-14
1.741000e+01 1.716475e-14
1.742000e+01 1.664937e-14
1.743000e+01 1.716099e-14
1.744000e+01 1.600504e-14
1.745000e+01 1.629428e-14
1.746000e+01 1.587246e-14
1.747000e+01 1.469562e-14
1.748000e+01 1.550314e-14
1.749000e+01 1.502600e-14
1.750000e+01 1.490715e-14
1.751000e+01 1.440023e-14
1.752000e+01 1.354012e-14
1.753000e+01 1.366703e-14
1.754000e+01 1.329444e-14
1.755000e+01 1.352784e-14
1.756000e+01 1.322421e-14
1.757000e+01 1.251611e-14
1.758000e+01 1.196549e-14
1.759000e+01 1.187043e-14
1.760000e+01 1.210598e-14
1.761000e+01 1.177762e-14
1.762000e+01 1.156150e-14
1.763000e+01 1.078902e-14
1.764000e+01 1.069984e-14
1.765000e+01 1.048752e-14
1.766000e+01 9.343023e-15
1.767000e+01 8.643332e-15
1.768000e+01 8.647356e-15
1.769000e+01 8.798526e-15
1.770000e+01 7.978690e-15
1.771000e+01 8.068318e-15
1.772000e+01 8.188202e-15
1.773000e+01 7.652042e-15
1.774000e+01 7.363423e-15
1.775000e+01 6.816891e-15
1.776000e+01 6.374005e-15
1.777000e+01 6.274151e-15
1.778000e+01 6.403992e-15
1.779000e+01 5.850936e-15
1.780000e+01 5.868173e-15
1.781000e+01 5.548790e-15
1.782000e+01 4.968900e-15
1.783000e+01 5.844395e-15
1.784000e+01 4.748539e-15
1.785000e+01 4.471186e-15
1.786000e+01 4.636459e-15
1.787000e+01 3.837566e-15
1.788000e+01 3.968967e-15
1.789000e+01 3.408863e-15
1.790000e+01 3.935536e-15
1.791000e+01 3.865689e-15
1.792000e+01 3.896291e-15
1.793000e+01 4.335056e-15
1.794000e+01 3.347341e-15
1.795000e+01 3.816864e-15
1.796000e+01 3.314918e-15
1.797000e+01 2.767466e-15
1.798000e+01 3.125532e-15
1.799000e+01 2.628323e-15
1.800000e+01 3.320925e-15
1.801000e+01 2.849923e-15
1.802000e+01 2.698949e-15
1.803000e+01 3.278180e-15
1.804000e+01 2.613975e-15
1.805000e+01 2.590144e-15
1.806000e+01 2.508233e-15
1.807000e+01 2.204125e-15
1.808000e+01 2.617623e-15
1.809000e+01 2.554523e-15
1.810000e+01 2.860135e-15
1.811000e+01 3.352497e-15
1.812000e+01 3.425340e-15
1.813000e+01 3.002175e-15
1.814000e+01 2.297193e-15
1.815000e+01 2.329598e-15
1.816000e+01 3.116433e-15
1.817000e+01 2.845555e-15
1.818000e+01 2.753975e-15
1.819000e+01 2.903124e-15
1.820000e+01 2.770134e-15
1.821000e+01 2.592898e-15
1.822000e+01 2.693550e-15
1.823000e+01 2.669709e-15
1.824000e+01 2.118907e-15
1.825000e+01 2.378236e-15
1.826000e+01 2.691840e-15
1.827000e+01 2.731405e-15
1.828000e+01 2.394363e-15
1.829000e+01 2.327877e-15
1.830000e+01 2.884084e-15
1.831000e+01 2.604764e-15
1.832000e+01 3.049470e-15
1.833000e+01 2.735479e-15
1.834000e+01 2.742851e-15
1.835000e+01 3.337976e-15
1.836000e+01 2.813417e-15
1.837000e+01 2.901801e-15
1.838000e+01 2.803522e-15
1.839000e+01 2.951690e-15
1.840000e+01 2.646028e-15
1.841000e+01 2.679113e-15
1.842000e+01 3.187447e-15
1.843000e+01 2.680615e-15
1.844000e+01 2.844526e-15
1.845000e+01 2.541105e-15
1.846000e+01 2.635576e-15
1.847000e+01 2.546043e-15
1.848000e+01 2.440096e-15
1.849000e+01 3.251731e-15
1.850000e+01 2.643448e-15
1.851000e+01 2.720836e-15
1.852000e+01 2.846274e-15
1.853000e+01 2.064663e-15
1.854000e+01 1.843843e-15
1.855000e+01 2.425002e-15
1.856000e+01 2.418657e-15
1.857000e+01 2.342099e-15
1.858000e+01 2.463182e-15
1.859000e+01 2.265789e-15
1.860000e+01 2.682439e-15
1.861000e+01 2.653281e-15
1.862000e+01 1.935833e-15
1.863000e+01 1.669479e-15
1.864000e+01 1.559719e-15
1.865000e+01 1.907547e-15
1.866000e+01 1.936349e-15
1.867000e+01 1.634653e-15
1.868000e+01 1.538962e-15
1.869000e+01 1.661829e-15
1.870000e+01 1.835607e-15
1.871000e+01 2.023632e-15
1.872000e+01 2.103470e-15
1.873000e+01 1.769372e-15
1.874000e+01 1.422102e-15
1.875000e+01 1.164553e-15
1.876000e+01 1.885818e-15
1.877000e+01 2.558932e-15
1.878000e+01 1.928963e-15
1.879000e+01 1.384747e-15
1.880000e+01 1.725473e-15
1.881000e+01 1.435465e-15
1.882000e+01 1.258448e-15
1.883000e+01 2.077153e-15
1.884000e+01 1.736050e-15
1.885000e+01 1.592605e-15
1.886000e+01 1.221455e-15
1.887000e+01 1.383165e-15
1.888000e+01 1.314301e-15
1.889000e+01 8.374256e-16
1.890000e+01 8.722815e-16
1.891000e+01 6.104274e-16
1.892000e+01 6.565569e-16
1.893000e+01 7.983282e-16
1.894000e+01 1.343990e-15
1.895000e+01 1.373156e-15
1.896000e+01 9.262679e-16
1.897000e+01 1.463474e-15
1.898000e+01 8.069749e-16
1.899000e+01 7.810919e-16
1.900000e+01 1.227637e-15
1.901000e+01 9.552246e-16
1.902000e+01 1.139757e-15
1.903000e+01 1.506595e-15
1.904000e+01 9.289445e-16
1.905000e+01 8.091097e-16
1.906000e+01 6.852457e-16
1.907000e+01 5.500796e-16
1.908000e+01 9.917309e-16
1.909000e+01 9.225928e-16
1.910000e+01 5.792960e-17
1.911000e+01 7.479418e-16
1.912000e+01 9.935244e-16
1.913000e+01 9.660535e-16
1.914000e+01 5.538380e-16
1.915000e+01 9.062153e-16
1.916000e+01 1.065651e-15
1.917000e+01 9.259127e-17
1.918000e+01 7.712860e-16
1.919000e+01 9.351683e-16
1.920000e+01 2.484111e-16
1.921000e+01 4.064374e-16
1.922000e+01 6.803054e-16
1.923000e+01 1.039215e-15
1.924000e+01 7.136980e-16
1.925000e+01 6.436823e-16
1.926000e+01 7.649142e-16
1.927000e+01 6.755762e-16
1.928000e+01 3.014454e-16
1.929000e+01 6.831183e-16
1.930000e+01 8.396666e-16
1.931000e+01 2.495913e-16
1.932000e+01 3.890974e-16
1.933000e+01 5.643012e-16
1.934000e+01 5.975055e-16
1.935000e+01 5.862109e-16
1.936000e+01 9.398202e-16
1.937000e+01 4.812122e-16
1.938000e+01 3.470039e-16
1.939000e+01 4.511245e-16
1.940000e+01 1.392972e-16
1.941000e+01 2.349075e-16
1.942000e+01 3.798124e-16
1.943000e+01 6.630579e-16
1.944000e+01 5.013035e-16
1.945000e+01 4.025453e-16
1.946000e+01 8.857208e-16
1.947000e+01 4.834558e-16
1.948000e+01 2.991317e-16
1.949000e+01 6.012104e-16
1.950000e+01 5.417562e-16
1.951000e+01 3.745209e-16
1.952000e+01 1.223575e-16
1.953000e+01 4.207007e-16
1.954000e+01 4.333674e-16
1.955000e+01 6.216886e-16
1.956000e+01 1.690487e-16
1.957000e+01 8.949701e-16
1.958000e+01 5.574576e-16
1.959000e+01 9.302304e-17
1.960000e+01 5.713239e-16
1.961000e+01 4.848637e-16
1.962000e+01 6.502463e-16
1.963000e+01 4.853174e-16
1.964000e+01 9.962486e-17
1.965000e+01 5.231925e-16
1.966000e+01 3.265489e-16
1.967000e+01 3.373496e-16
1.968000e+01 3.124890e-16
1.969000e+01 4.026385e-16
1.970000e+01 6.500565e-16
1.971000e+01 6.802016e-16
1.972000e+01 4.333915e-16
1.973000e+01 1.410482e-16
1.974000e+01 1.424131e-16
1.975000e+01 3.997532e-16
1.976000e+01 7.833186e-16
1.977000e+01 3.280048e-16
1.978000e+01 6.537092e-16
1.979000e+01 3.832905e-16
1.980000e+01 4.963511e-16
1.981000e+01 3.051337e-16
1.982000e+01 3.885299e-16
1.983000e+01 4.257894e-16
1.984000e+01 2.906807e-16
1.985000e+01 7.725031e-16
1.986000e+01 3.429634e-16
1.987000e+01 3.149909e-16
1.988000e+01 5.359362e-16
1.989000e+01 3.223299e-16
1.990000e+01 5.360244e-16
1.991000e+01 3.324548e-16
1.992000e+01 5.712945e-16
1.993000e+01 3.965244e-16
1.994000e+01 9.653327e-17
1.995000e+01 2.633996e-16
1.996000e+01 8.313405e-16
1.997000e+01 2.119340e-16
1.998000e+01 1.756414e-16
1.999000e+01 7.162727e-88
