0.000000e+00 4.237560e-01
1.000000e-02 4.237560e-01
2.000000e-02 4.236925e-01
3.000000e-02 4.235866e-01
4.000000e-02 4.234383e-01
5.000000e-02 4.232478e-01
6.000000e-02 4.230151e-01
7.000000e-02 4.227402e-01
8.000000e-02 4.224233e-01
9.000000e-02 4.220644e-01
1.000000e-01 4.216636e-01
1.100000e-01 4.212211e-01
1.200000e-01 4.207370e-01
1.300000e-01 4.202114e-01
1.400000e-01 4.196445e-01
1.500000e-01 4.190364e-01
1.600000e-01 4.183874e-01
1.700000e-01 4.176977e-01
1.800000e-01 4.169673e-01
1.900000e-01 4.161966e-01
2.000000e-01 4.153859e-01
2.100000e-01 4.145352e-01
2.200000e-01 4.136449e-01
2.300000e-01 4.127152e-01
2.400000e-01 4.117465e-01
2.500000e-01 4.107390e-01
2.600000e-01 4.096929e-01
2.700000e-01 4.086087e-01
2.800000e-01 4.074865e-01
2.900000e-01 4.063268e-01
3.000000e-01 4.051299e-01
3.100000e-01 4.038962e-01
3.200000e-01 4.026259e-01
3.300000e-01 4.013195e-01
3.400000e-01 3.999773e-01
3.500000e-01 3.985998e-01
3.600000e-01 3.971873e-01
3.700000e-01 3.957402e-01
3.800000e-01 3.942589e-01
3.900000e-01 3.927439e-01
4.000000e-01 3.911957e-01
4.100000e-01 3.896145e-01
4.200000e-01 3.880010e-01
4.300000e-01 3.863555e-01
4.400000e-01 3.846785e-01
4.500000e-01 3.829705e-01
4.600000e-01 3.812319e-01
4.700000e-01 3.794633e-01
4.800000e-01 3.776651e-01
4.900000e-01 3.758379e-01
5.000000e-01 3.739821e-01
5.100000e-01 3.720982e-01
5.200000e-01 3.701868e-01
5.300000e-01 3.682485e-01
5.400000e-01 3.662836e-01
5.500000e-01 3.642928e-01
5.600000e-01 3.622765e-01
5.700000e-01 3.602355e-01
5.800000e-01 3.581700e-01
5.900000e-01 3.560809e-01
6.000000e-01 3.539685e-01
6.100000e-01 3.518334e-01
6.200000e-01 3.496763e-01
6.300000e-01 3.474976e-01
6.400000e-01 3.452980e-01
6.500000e-01 3.430780e-01
6.600000e-01 3.408382e-01
6.700000e-01 3.385791e-01
6.800000e-01 3.363014e-01
6.900000e-01 3.340056e-01
7.000000e-01 3.316923e-01
7.100000e-01 3.293621e-01
7.200000e-01 3.270156e-01
7.300000e-01 3.246533e-01
7.400000e-01 3.222759e-01
7.500000e-01 3.198838e-01
7.600000e-01 3.174778e-01
7.700000e-01 3.150584e-01
7.800000e-01 3.126261e-01
7.900000e-01 3.101816e-01
8.000000e-01 3.077254e-01
8.100000e-01 3.052582e-01
8.200000e-01 3.027804e-01
8.300000e-01 3.002928e-01
8.400000e-01 2.977958e-01
8.500000e-01 2.952900e-01
8.600000e-01 2.927760e-01
8.700000e-01 2.902544e-01
8.800000e-01 2.877258e-01
8.900000e-01 2.851906e-01
9.000000e-01 2.826496e-01
9.100000e-01 2.801031e-01
9.200000e-01 2.775519e-01
9.300000e-01 2.749964e-01
9.400000e-01 2.724371e-01
9.500000e-01 2.698747e-01
9.600000e-01 2.673097e-01
9.700000e-01 2.647426e-01
9.800000e-01 2.621739e-01
9.900000e-01 2.596041e-01
1.000000e+00 2.570339e-01
1.010000e+00 2.544636e-01
1.020000e+00 2.518939e-01
1.030000e+00 2.493251e-01
1.040000e+00 2.467579e-01
1.050000e+00 2.441927e-01
1.060000e+00 2.416301e-01
1.070000e+00 2.390704e-01
1.080000e+00 2.365141e-01
1.090000e+00 2.339618e-01
1.100000e+00 2.314139e-01
1.110000e+00 2.288708e-01
1.120000e+00 2.263331e-01
1.130000e+00 2.238011e-01
1.140000e+00 2.212754e-01
1.150000e+00 2.187562e-01
1.160000e+00 2.162441e-01
1.170000e+00 2.137395e-01
1.180000e+00 2.112427e-01
1.190000e+00 2.087543e-01
1.200000e+00 2.062745e-01
1.210000e+00 2.038038e-01
1.220000e+00 2.013426e-01
1.230000e+00 1.988912e-01
1.240000e+00 1.964500e-01
1.250000e+00 1.940193e-01
1.260000e+00 1.915996e-01
1.270000e+00 1.891911e-01
1.280000e+00 1.867943e-01
1.290000e+00 1.844093e-01
1.300000e+00 1.820366e-01
1.310000e+00 1.796765e-01
1.320000e+00 1.773292e-01
1.330000e+00 1.749951e-01
1.340000e+00 1.726744e-01
1.350000e+00 1.703675e-01
1.360000e+00 1.680746e-01
1.370000e+00 1.657960e-01
1.380000e+00 1.635319e-01
1.390000e+00 1.612826e-01
1.400000e+00 1.590483e-01
1.410000e+00 1.568293e-01
1.420000e+00 1.546258e-01
1.430000e+00 1.524380e-01
1.440000e+00 1.502661e-01
1.450000e+00 1.481104e-01
1.460000e+00 1.459710e-01
1.470000e+00 1.438481e-01
1.480000e+00 1.417419e-01
1.490000e+00 1.396526e-01
1.500000e+00 1.375803e-01
1.510000e+00 1.355252e-01
1.520000e+00 1.334875e-01
1.530000e+00 1.314673e-01
1.540000e+00 1.294646e-01
1.550000e+00 1.274798e-01
1.560000e+00 1.255128e-01
1.570000e+00 1.235638e-01
1.580000e+00 1.216329e-01
1.590000e+00 1.197203e-01
1.600000e+00 1.178259e-01
1.610000e+00 1.159499e-01
1.620000e+00 1.140923e-01
1.630000e+00 1.122533e-01
1.640000e+00 1.104329e-01
1.650000e+00 1.086311e-01
1.660000e+00 1.068481e-01
1.670000e+00 1.050838e-01
1.680000e+00 1.033383e-01
1.690000e+00 1.016116e-01
1.700000e+00 9.990381e-02
1.710000e+00 9.821489e-02
1.720000e+00 9.654487e-02
1.730000e+00 9.489375e-02
1.740000e+00 9.326155e-02
1.750000e+00 9.164825e-02
1.760000e+00 9.005385e-02
1.770000e+00 8.847835e-02
1.780000e+00 8.692171e-02
1.790000e+00 8.538393e-02
1.800000e+00 8.386496e-02
1.810000e+00 8.236478e-02
1.820000e+00 8.088334e-02
1.830000e+00 7.942061e-02
1.840000e+00 7.797653e-02
1.850000e+00 7.655105e-02
1.860000e+00 7.514412e-02
1.870000e+00 7.375567e-02
1.880000e+00 7.238563e-02
1.890000e+00 7.103395e-02
1.900000e+00 6.970053e-02
1.910000e+00 6.838530e-02
1.920000e+00 6.708818e-02
1.930000e+00 6.580908e-02
1.940000e+00 6.454792e-02
1.950000e+00 6.330459e-02
1.960000e+00 6.207901e-02
1.970000e+00 6.087106e-02
1.980000e+00 5.968065e-02
1.990000e+00 5.850767e-02
2.000000e+00 5.735201e-02
2.010000e+00 5.621355e-02
2.020000e+00 5.509218e-02
2.030000e+00 5.398779e-02
2.040000e+00 5.290024e-02
2.050000e+00 5.182942e-02
2.060000e+00 5.077519e-02
2.070000e+00 4.973743e-02
2.080000e+00 4.871602e-02
2.090000e+00 4.771080e-02
2.100000e+00 4.672166e-02
2.110000e+00 4.574845e-02
2.120000e+00 4.479103e-02
2.130000e+00 4.384926e-02
2.140000e+00 4.292300e-02
2.150000e+00 4.201211e-02
2.160000e+00 4.111643e-02
2.170000e+00 4.023583e-02
2.180000e+00 3.937015e-02
2.190000e+00 3.851924e-02
2.200000e+00 3.768295e-02
2.210000e+00 3.686114e-02
2.220000e+00 3.605364e-02
2.230000e+00 3.526031e-02
2.240000e+00 3.448098e-02
2.250000e+00 3.371551e-02
2.260000e+00 3.296373e-02
2.270000e+00 3.222549e-02
2.280000e+00 3.150064e-02
2.290000e+00 3.078901e-02
2.300000e+00 3.009045e-02
2.310000e+00 2.940480e-02
2.320000e+00 2.873190e-02
2.330000e+00 2.807159e-02
2.340000e+00 2.742371e-02
2.350000e+00 2.678810e-02
2.360000e+00 2.616461e-02
2.370000e+00 2.555308e-02
2.380000e+00 2.495334e-02
2.390000e+00 2.436525e-02
2.400000e+00 2.378863e-02
2.410000e+00 2.322334e-02
2.420000e+00 2.266922e-02
2.430000e+00 2.212610e-02
2.440000e+00 2.159384e-02
2.450000e+00 2.107227e-02
2.460000e+00 2.056124e-02
2.470000e+00 2.006060e-02
2.480000e+00 1.957020e-02
2.490000e+00 1.908987e-02
2.500000e+00 1.861947e-02
2.510000e+00 1.815885e-02
2.520000e+00 1.770785e-02
2.530000e+00 1.726632e-02
2.540000e+00 1.683412e-02
2.550000e+00 1.641110e-02
2.560000e+00 1.599711e-02
2.570000e+00 1.559200e-02
2.580000e+00 1.519563e-02
2.590000e+00 1.480786e-02
2.600000e+00 1.442854e-02
2.610000e+00 1.405753e-02
2.620000e+00 1.369469e-02
2.630000e+00 1.333988e-02
2.640000e+00 1.299296e-02
2.650000e+00 1.265380e-02
2.660000e+00 1.232227e-02
2.670000e+00 1.199821e-02
2.680000e+00 1.168152e-02
2.690000e+00 1.137204e-02
2.700000e+00 1.106966e-02
2.710000e+00 1.077424e-02
2.720000e+00 1.048565e-02
2.730000e+00 1.020378e-02
2.740000e+00 9.928485e-03
2.750000e+00 9.659654e-03
2.760000e+00 9.397163e-03
2.770000e+00 9.140891e-03
2.780000e+00 8.890718e-03
2.790000e+00 8.646528e-03
2.800000e+00 8.408204e-03
2.810000e+00 8.175631e-03
2.820000e+00 7.948696e-03
2.830000e+00 7.727287e-03
2.840000e+00 7.511295e-03
2.850000e+00 7.300610e-03
2.860000e+00 7.095125e-03
2.870000e+00 6.894734e-03
2.880000e+00 6.699332e-03
2.890000e+00 6.508818e-03
2.900000e+00 6.323089e-03
2.910000e+00 6.142046e-03
2.920000e+00 5.965589e-03
2.930000e+00 5.793623e-03
2.940000e+00 5.626052e-03
2.950000e+00 5.462780e-03
2.960000e+00 5.303717e-03
2.970000e+00 5.148770e-03
2.980000e+00 4.997850e-03
2.990000e+00 4.850869e-03
3.000000e+00 4.707740e-03
3.010000e+00 4.568376e-03
3.020000e+00 4.432696e-03
3.030000e+00 4.300614e-03
3.040000e+00 4.172051e-03
3.050000e+00 4.046927e-03
3.060000e+00 3.925163e-03
3.070000e+00 3.806682e-03
3.080000e+00 3.691408e-03
3.090000e+00 3.579266e-03
3.100000e+00 3.470185e-03
3.110000e+00 3.364091e-03
3.120000e+00 3.260915e-03
3.130000e+00 3.160587e-03
3.140000e+00 3.063040e-03
3.150000e+00 2.968206e-03
3.160000e+00 2.876021e-03
3.170000e+00 2.786421e-03
3.180000e+00 2.699342e-03
3.190000e+00 2.614722e-03
3.200000e+00 2.532502e-03
3.210000e+00 2.452623e-03
3.220000e+00 2.375025e-03
3.230000e+00 2.299652e-03
3.240000e+00 2.226449e-03
3.250000e+00 2.155360e-03
3.260000e+00 2.086333e-03
3.270000e+00 2.019314e-03
3.280000e+00 1.954253e-03
3.290000e+00 1.891098e-03
3.300000e+00 1.829802e-03
3.310000e+00 1.770316e-03
3.320000e+00 1.712592e-03
3.330000e+00 1.656584e-03
3.340000e+00 1.602248e-03
3.350000e+00 1.549540e-03
3.360000e+00 1.498415e-03
3.370000e+00 1.448832e-03
3.380000e+00 1.400750e-03
3.390000e+00 1.354128e-03
3.400000e+00 1.308927e-03
3.410000e+00 1.265108e-03
3.420000e+00 1.222634e-03
3.430000e+00 1.181468e-03
3.440000e+00 1.141574e-03
3.450000e+00 1.102916e-03
3.460000e+00 1.065461e-03
3.470000e+00 1.029175e-03
3.480000e+00 9.940258e-04
3.490000e+00 9.599807e-04
3.500000e+00 9.270089e-04
3.510000e+00 8.950800e-04
3.520000e+00 8.641645e-04
3.530000e+00 8.342333e-04
3.540000e+00 8.052583e-04
3.550000e+00 7.772120e-04
3.560000e+00 7.500675e-04
3.570000e+00 7.237986e-04
3.580000e+00 6.983798e-04
3.590000e+00 6.737864e-04
3.600000e+00 6.499940e-04
3.610000e+00 6.269791e-04
3.620000e+00 6.047186e-04
3.630000e+00 5.831901e-04
3.640000e+00 5.623718e-04
3.650000e+00 5.422424e-04
3.660000e+00 5.227813e-04
3.670000e+00 5.039682e-04
3.680000e+00 4.857835e-04
3.690000e+00 4.682082e-04
3.700000e+00 4.512237e-04
3.710000e+00 4.348117e-04
3.720000e+00 4.189548e-04
3.730000e+00 4.036359e-04
3.740000e+00 3.888381e-04
3.750000e+00 3.745454e-04
3.760000e+00 3.607420e-04
3.770000e+00 3.474126e-04
3.780000e+00 3.345422e-04
3.790000e+00 3.221165e-04
3.800000e+00 3.101212e-04
3.810000e+00 2.985428e-04
3.820000e+00 2.873679e-04
3.830000e+00 2.765836e-04
3.840000e+00 2.661774e-04
3.850000e+00 2.561372e-04
3.860000e+00 2.464510e-04
3.870000e+00 2.371074e-04
3.880000e+00 2.280952e-04
3.890000e+00 2.194036e-04
3.900000e+00 2.110222e-04
3.910000e+00 2.029406e-04
3.920000e+00 1.951490e-04
3.930000e+00 1.876377e-04
3.940000e+00 1.803976e-04
3.950000e+00 1.734194e-04
3.960000e+00 1.666946e-04
3.970000e+00 1.602144e-04
3.980000e+00 1.539708e-04
3.990000e+00 1.479557e-04
4.000000e+00 1.421614e-04
4.010000e+00 1.365804e-04
4.020000e+00 1.312053e-04
4.030000e+00 1.260291e-04
4.040000e+00 1.210451e-04
4.050000e+00 1.162465e-04
4.060000e+00 1.116270e-04
4.070000e+00 1.071804e-04
4.080000e+00 1.029006e-04
4.090000e+00 9.878178e-05
4.100000e+00 9.481837e-05
4.110000e+00 9.100488e-05
4.120000e+00 8.733603e-05
4.130000e+00 8.380672e-05
4.140000e+00 8.041198e-05
4.150000e+00 7.714703e-05
4.160000e+00 7.400726e-05
4.170000e+00 7.098816e-05
4.180000e+00 6.808542e-05
4.190000e+00 6.529485e-05
4.200000e+00 6.261239e-05
4.210000e+00 6.003412e-05
4.220000e+00 5.755627e-05
4.230000e+00 5.517518e-05
4.240000e+00 5.288730e-05
4.250000e+00 5.068921e-05
4.260000e+00 4.857763e-05
4.270000e+00 4.654935e-05
4.280000e+00 4.460131e-05
4.290000e+00 4.273051e-05
4.300000e+00 4.093409e-05
4.310000e+00 3.920927e-05
4.320000e+00 3.755337e-05
4.330000e+00 3.596381e-05
4.340000e+00 3.443809e-05
4.350000e+00 3.297379e-05
4.360000e+00 3.156861e-05
4.370000e+00 3.022028e-05
4.380000e+00 2.892665e-05
4.390000e+00 2.768562e-05
4.400000e+00 2.649519e-05
4.410000e+00 2.535341e-05
4.420000e+00 2.425840e-05
4.430000e+00 2.320837e-05
4.440000e+00 2.220157e-05
4.450000e+00 2.123632e-05
4.460000e+00 2.031101e-05
4.470000e+00 1.942407e-05
4.480000e+00 1.857401e-05
4.490000e+00 1.775937e-05
4.500000e+00 1.697876e-05
4.510000e+00 1.623084e-05
4.520000e+00 1.551431e-05
4.530000e+00 1.482794e-05
4.540000e+00 1.417051e-05
4.550000e+00 1.354088e-05
4.560000e+00 1.293793e-05
4.570000e+00 1.236059e-05
4.580000e+00 1.180783e-05
4.590000e+00 1.127867e-05
4.600000e+00 1.077214e-05
4.610000e+00 1.028733e-05
4.620000e+00 9.823359e-06
4.630000e+00 9.379375e-06
4.640000e+00 8.954562e-06
4.650000e+00 8.548135e-06
4.660000e+00 8.159339e-06
4.670000e+00 7.787448e-06
4.680000e+00 7.431763e-06
4.690000e+00 7.091615e-06
4.700000e+00 6.766359e-06
4.710000e+00 6.455375e-06
4.720000e+00 6.158068e-06
4.730000e+00 5.873867e-06
4.740000e+00 5.602221e-06
4.750000e+00 5.342604e-06
4.760000e+00 5.094508e-06
4.770000e+00 4.857448e-06
4.780000e+00 4.630955e-06
4.790000e+00 4.414582e-06
4.800000e+00 4.207898e-06
4.810000e+00 4.010489e-06
4.820000e+00 3.821959e-06
4.830000e+00 3.641928e-06
4.840000e+00 3.470030e-06
4.850000e+00 3.305915e-06
4.860000e+00 3.149246e-06
4.870000e+00 2.999703e-06
4.880000e+00 2.856974e-06
4.890000e+00 2.720765e-06
4.900000e+00 2.590791e-06
4.910000e+00 2.466779e-06
4.920000e+00 2.348468e-06
4.930000e+00 2.235608e-06
4.940000e+00 2.127959e-06
4.950000e+00 2.025290e-06
4.960000e+00 1.927383e-06
4.970000e+00 1.834025e-06
4.980000e+00 1.745015e-06
4.990000e+00 1.660159e-06
5.000000e+00 1.579271e-06
5.010000e+00 1.502174e-06
5.020000e+00 1.428697e-06
5.030000e+00 1.358679e-06
5.040000e+00 1.291963e-06
5.050000e+00 1.228401e-06
5.060000e+00 1.167848e-06
5.070000e+00 1.110170e-06
5.080000e+00 1.055235e-06
5.090000e+00 1.002917e-06
5.100000e+00 9.530987e-07
5.110000e+00 9.056640e-07
5.120000e+00 8.605041e-07
5.130000e+00 8.175143e-07
5.140000e+00 7.765946e-07
5.150000e+00 7.376492e-07
5.160000e+00 7.005869e-07
5.170000e+00 6.653202e-07
5.180000e+00 6.317656e-07
5.190000e+00 5.998433e-07
5.200000e+00 5.694770e-07
5.210000e+00 5.405939e-07
5.220000e+00 5.131245e-07
5.230000e+00 4.870021e-07
5.240000e+00 4.621634e-07
5.250000e+00 4.385476e-07
5.260000e+00 4.160970e-07
5.270000e+00 3.947562e-07
5.280000e+00 3.744725e-07
5.290000e+00 3.551955e-07
5.300000e+00 3.368772e-07
5.310000e+00 3.194716e-07
5.320000e+00 3.029350e-07
5.330000e+00 2.872257e-07
5.340000e+00 2.723038e-07
5.350000e+00 2.581313e-07
5.360000e+00 2.446720e-07
5.370000e+00 2.318912e-07
5.380000e+00 2.197561e-07
5.390000e+00 2.082352e-07
5.400000e+00 1.972986e-07
5.410000e+00 1.869177e-07
5.420000e+00 1.770653e-07
5.430000e+00 1.677154e-07
5.440000e+00 1.588433e-07
5.450000e+00 1.504256e-07
5.460000e+00 1.424397e-07
5.470000e+00 1.348642e-07
5.480000e+00 1.276789e-07
5.490000e+00 1.208643e-07
5.500000e+00 1.144020e-07
5.510000e+00 1.082744e-07
5.520000e+00 1.024647e-07
5.530000e+00 9.695708e-08
5.540000e+00 9.173632e-08
5.550000e+00 8.678801e-08
5.560000e+00 8.209839e-08
5.570000e+00 7.765442e-08
5.580000e+00 7.344365e-08
5.590000e+00 6.945426e-08
5.600000e+00 6.567501e-08
5.610000e+00 6.209518e-08
5.620000e+00 5.870462e-08
5.630000e+00 5.549364e-08
5.640000e+00 5.245305e-08
5.650000e+00 4.957410e-08
5.660000e+00 4.684847e-08
5.670000e+00 4.426828e-08
5.680000e+00 4.182601e-08
5.690000e+00 3.951453e-08
5.700000e+00 3.732706e-08
5.710000e+00 3.525715e-08
5.720000e+00 3.329870e-08
5.730000e+00 3.144589e-08
5.740000e+00 2.969321e-08
5.750000e+00 2.803541e-08
5.760000e+00 2.646752e-08
5.770000e+00 2.498482e-08
5.780000e+00 2.358282e-08
5.790000e+00 2.225726e-08
5.800000e+00 2.100412e-08
5.810000e+00 1.981954e-08
5.820000e+00 1.869990e-08
5.830000e+00 1.764175e-08
5.840000e+00 1.664181e-08
5.850000e+00 1.569698e-08
5.860000e+00 1.480431e-08
5.870000e+00 1.396101e-08
5.880000e+00 1.316443e-08
5.890000e+00 1.241206e-08
5.900000e+00 1.170152e-08
5.910000e+00 1.103055e-08
5.920000e+00 1.039701e-08
5.930000e+00 9.798883e-09
5.940000e+00 9.234241e-09
5.950000e+00 8.701265e-09
5.960000e+00 8.198231e-09
5.970000e+00 7.723506e-09
5.980000e+00 7.275543e-09
5.990000e+00 6.852876e-09
6.000000e+00 6.454118e-09
6.010000e+00 6.077956e-09
6.020000e+00 5.723145e-09
6.030000e+00 5.388507e-09
6.040000e+00 5.072929e-09
6.050000e+00 4.775356e-09
6.060000e+00 4.494788e-09
6.070000e+00 4.230281e-09
6.080000e+00 3.980942e-09
6.090000e+00 3.745924e-09
6.100000e+00 3.524429e-09
6.110000e+00 3.315699e-09
6.120000e+00 3.119019e-09
6.130000e+00 2.933712e-09
6.140000e+00 2.759138e-09
6.150000e+00 2.594694e-09
6.160000e+00 2.439806e-09
6.170000e+00 2.293934e-09
6.180000e+00 2.156569e-09
6.190000e+00 2.027226e-09
6.200000e+00 1.905450e-09
6.210000e+00 1.790811e-09
6.220000e+00 1.682900e-09
6.230000e+00 1.581333e-09
6.240000e+00 1.485748e-09
6.250000e+00 1.395801e-09
6.260000e+00 1.311168e-09
6.270000e+00 1.231544e-09
6.280000e+00 1.156639e-09
6.290000e+00 1.086182e-09
6.300000e+00 1.019914e-09
6.310000e+00 9.575938e-10
6.320000e+00 8.989916e-10
6.330000e+00 8.438913e-10
6.340000e+00 7.920890e-10
6.350000e+00 7.433922e-10
6.360000e+00 6.976194e-10
6.370000e+00 6.545996e-10
6.380000e+00 6.141712e-10
6.390000e+00 5.761821e-10
6.400000e+00 5.404887e-10
6.410000e+00 5.069557e-10
6.420000e+00 4.754557e-10
6.430000e+00 4.458683e-10
6.440000e+00 4.180804e-10
6.450000e+00 3.919851e-10
6.460000e+00 3.674818e-10
6.470000e+00 3.444758e-10
6.480000e+00 3.228777e-10
6.490000e+00 3.026036e-10
6.500000e+00 2.835742e-10
6.510000e+00 2.657148e-10
6.520000e+00 2.489554e-10
6.530000e+00 2.332297e-10
6.540000e+00 2.184755e-10
6.550000e+00 2.046341e-10
6.560000e+00 1.916506e-10
6.570000e+00 1.794728e-10
6.580000e+00 1.680520e-10
6.590000e+00 1.573423e-10
6.600000e+00 1.473004e-10
6.610000e+00 1.378855e-10
6.620000e+00 1.290595e-10
6.630000e+00 1.207864e-10
6.640000e+00 1.130323e-10
6.650000e+00 1.057654e-10
6.660000e+00 9.895584e-11
6.670000e+00 9.257542e-11
6.680000e+00 8.659774e-11
6.690000e+00 8.099794e-11
6.700000e+00 7.575267e-11
6.710000e+00 7.083999e-11
6.720000e+00 6.623928e-11
6.730000e+00 6.193118e-11
6.740000e+00 5.789747e-11
6.750000e+00 5.412108e-11
6.760000e+00 5.058594e-11
6.770000e+00 4.727699e-11
6.780000e+00 4.418007e-11
6.790000e+00 4.128188e-11
6.800000e+00 3.856996e-11
6.810000e+00 3.603259e-11
6.820000e+00 3.365877e-11
6.830000e+00 3.143820e-11
6.840000e+00 2.936119e-11
6.850000e+00 2.741866e-11
6.860000e+00 2.560208e-11
6.870000e+00 2.390347e-11
6.880000e+00 2.231533e-11
6.890000e+00 2.083061e-11
6.900000e+00 1.944274e-11
6.910000e+00 1.814552e-11
6.920000e+00 1.693316e-11
6.930000e+00 1.580022e-11
6.940000e+00 1.474160e-11
6.950000e+00 1.375254e-11
6.960000e+00 1.282856e-11
6.970000e+00 1.196545e-11
6.980000e+00 1.115931e-11
6.990000e+00 1.040643e-11
7.000000e+00 9.703374e-12
7.010000e+00 9.046914e-12
7.020000e+00 8.434021e-12
7.030000e+00 7.861864e-12
7.040000e+00 7.327788e-12
7.050000e+00 6.829310e-12
7.060000e+00 6.364106e-12
7.070000e+00 5.929997e-12
7.080000e+00 5.524947e-12
7.090000e+00 5.147050e-12
7.100000e+00 4.794520e-12
7.110000e+00 4.465690e-12
7.120000e+00 4.158996e-12
7.130000e+00 3.872978e-12
7.140000e+00 3.606269e-12
7.150000e+00 3.357591e-12
7.160000e+00 3.125748e-12
7.170000e+00 2.909624e-12
7.180000e+00 2.708172e-12
7.190000e+00 2.520415e-12
7.200000e+00 2.345442e-12
7.210000e+00 2.182397e-12
7.220000e+00 2.030483e-12
7.230000e+00 1.888955e-12
7.240000e+00 1.757116e-12
7.250000e+00 1.634315e-12
7.260000e+00 1.519944e-12
7.270000e+00 1.413436e-12
7.280000e+00 1.314260e-12
7.290000e+00 1.221920e-12
7.300000e+00 1.135955e-12
7.310000e+00 1.055932e-12
7.320000e+00 9.814479e-13
7.330000e+00 9.121268e-13
7.340000e+00 8.476171e-13
7.350000e+00 7.875910e-13
7.360000e+00 7.317427e-13
7.370000e+00 6.797866e-13
7.380000e+00 6.314565e-13
7.390000e+00 5.865037e-13
7.400000e+00 5.446966e-13
7.410000e+00 5.058190e-13
7.420000e+00 4.696694e-13
7.430000e+00 4.360596e-13
7.440000e+00 4.048145e-13
7.450000e+00 3.757706e-13
7.460000e+00 3.487757e-13
7.470000e+00 3.236876e-13
7.480000e+00 3.003742e-13
7.490000e+00 2.787120e-13
7.500000e+00 2.585862e-13
7.510000e+00 2.398896e-13
7.520000e+00 2.225227e-13
7.530000e+00 2.063924e-13
7.540000e+00 1.914122e-13
7.550000e+00 1.775015e-13
7.560000e+00 1.645853e-13
7.570000e+00 1.525937e-13
7.580000e+00 1.414617e-13
7.590000e+00 1.311287e-13
7.600000e+00 1.215382e-13
7.610000e+00 1.126380e-13
7.620000e+00 1.043790e-13
7.630000e+00 9.671601e-14
7.640000e+00 8.960660e-14
7.650000e+00 8.301149e-14
7.660000e+00 7.689409e-14
7.670000e+00 7.122038e-14
7.680000e+00 6.595871e-14
7.690000e+00 6.107966e-14
7.700000e+00 5.655587e-14
7.710000e+00 5.236189e-14
7.720000e+00 4.847407e-14
7.730000e+00 4.487043e-14
7.740000e+00 4.153054e-14
7.750000e+00 3.843540e-14
7.760000e+00 3.556738e-14
7.770000e+00 3.291008e-14
7.780000e+00 3.044826e-14
7.790000e+00 2.816779e-14
7.800000e+00 2.605550e-14
7.810000e+00 2.409921e-14
7.820000e+00 2.228757e-14
7.830000e+00 2.061005e-14
7.840000e+00 1.905690e-14
7.850000e+00 1.761902e-14
7.860000e+00 1.628801e-14
7.870000e+00 1.505604e-14
7.880000e+00 1.391586e-14
7.890000e+00 1.286074e-14
7.900000e+00 1.188443e-14
7.910000e+00 1.098114e-14
7.920000e+00 1.014549e-14
7.930000e+00 9.372492e-15
7.940000e+00 8.657526e-15
7.950000e+00 7.996300e-15
7.960000e+00 7.384838e-15
7.970000e+00 6.819451e-15
7.980000e+00 6.296721e-15
7.990000e+00 5.813478e-15
8.000000e+00 5.366785e-15
8.010000e+00 4.953919e-15
8.020000e+00 4.572358e-15
8.030000e+00 4.219763e-15
8.040000e+00 3.893969e-15
8.050000e+00 3.592969e-15
8.060000e+00 3.314905e-15
8.070000e+00 3.058055e-15
8.080000e+00 2.820824e-15
8.090000e+00 2.601736e-15
8.100000e+00 2.399425e-15
8.110000e+00 2.212624e-15
8.120000e+00 2.040162e-15
8.130000e+00 1.880954e-15
8.140000e+00 1.733997e-15
8.150000e+00 1.598361e-15
8.160000e+00 1.473188e-15
8.170000e+00 1.357682e-15
8.180000e+00 1.251107e-15
8.190000e+00 1.152783e-15
8.200000e+00 1.062080e-15
8.210000e+00 9.784153e-16
8.220000e+00 9.012514e-16
8.230000e+00 8.300901e-16
8.240000e+00 7.644711e-16
8.250000e+00 7.039690e-16
8.260000e+00 6.481903e-16
8.270000e+00 5.967715e-16
8.280000e+00 5.493766e-16
8.290000e+00 5.056953e-16
8.300000e+00 4.654405e-16
8.310000e+00 4.283473e-16
8.320000e+00 3.941708e-16
8.330000e+00 3.626848e-16
8.340000e+00 3.336806e-16
8.350000e+00 3.069652e-16
8.360000e+00 2.823604e-16
8.370000e+00 2.597019e-16
8.380000e+00 2.388377e-16
8.390000e+00 2.196278e-16
8.400000e+00 2.019428e-16
8.410000e+00 1.856632e-16
8.420000e+00 1.706789e-16
8.430000e+00 1.568883e-16
8.440000e+00 1.441976e-16
8.450000e+00 1.325201e-16
8.460000e+00 1.217761e-16
8.470000e+00 1.118920e-16
8.480000e+00 1.027999e-16
8.490000e+00 9.443712e-17
8.500000e+00 8.674600e-17
8.510000e+00 7.967328e-17
8.520000e+00 7.316991e-17
8.530000e+00 6.719066e-17
8.540000e+00 6.169385e-17
8.550000e+00 5.664107e-17
8.560000e+00 5.199691e-17
8.570000e+00 4.772877e-17
8.580000e+00 4.380659e-17
8.590000e+00 4.020270e-17
8.600000e+00 3.689161e-17
8.610000e+00 3.384984e-17
8.620000e+00 3.105576e-17
8.630000e+00 2.848946e-17
8.640000e+00 2.613262e-17
8.650000e+00 2.396835e-17
8.660000e+00 2.198113e-17
8.670000e+00 2.015665e-17
8.680000e+00 1.848176e-17
8.690000e+00 1.694435e-17
8.700000e+00 1.553327e-17
8.710000e+00 1.423828e-17
8.720000e+00 1.304995e-17
8.730000e+00 1.195960e-17
8.740000e+00 1.095925e-17
8.750000e+00 1.004158e-17
8.760000e+00 9.199823e-18
8.770000e+00 8.427787e-18
8.780000e+00 7.719768e-18
8.790000e+00 7.070522e-18
8.800000e+00 6.475231e-18
8.810000e+00 5.929467e-18
8.820000e+00 5.429159e-18
8.830000e+00 4.970569e-18
8.840000e+00 4.550259e-18
8.850000e+00 4.165075e-18
8.860000e+00 3.812115e-18
8.870000e+00 3.488718e-18
8.880000e+00 3.192436e-18
8.890000e+00 2.921024e-18
8.900000e+00 2.672420e-18
8.910000e+00 2.444729e-18
8.920000e+00 2.236214e-18
8.930000e+00 2.045279e-18
8.940000e+00 1.870460e-18
8.950000e+00 1.710412e-18
8.960000e+00 1.563902e-18
8.970000e+00 1.429800e-18
8.980000e+00 1.307065e-18
8.990000e+00 1.194747e-18
9.000000e+00 1.091971e-18
9.010000e+00 9.979364e-19
9.020000e+00 9.119084e-19
9.030000e+00 8.332132e-19
9.040000e+00 7.612330e-19
9.050000e+00 6.954016e-19
9.060000e+00 6.351998e-19
9.070000e+00 5.801517e-19
9.080000e+00 5.298212e-19
9.090000e+00 4.838087e-19
9.100000e+00 4.417480e-19
9.110000e+00 4.033036e-19
9.120000e+00 3.681681e-19
9.130000e+00 3.360599e-19
9.140000e+00 3.067213e-19
9.150000e+00 2.799160e-19
9.160000e+00 2.554277e-19
9.170000e+00 2.330585e-19
9.180000e+00 2.126270e-19
9.190000e+00 1.939673e-19
9.200000e+00 1.769274e-19
9.210000e+00 1.613683e-19
9.220000e+00 1.471628e-19
9.230000e+00 1.341944e-19
9.240000e+00 1.223566e-19
9.250000e+00 1.115519e-19
9.260000e+00 1.016911e-19
9.270000e+00 9.269268e-20
9.280000e+00 8.448209e-20
9.290000e+00 7.699108e-20
9.300000e+00 7.015728e-20
9.310000e+00 6.392366e-20
9.320000e+00 5.823809e-20
9.330000e+00 5.305290e-20
9.340000e+00 4.832454e-20
9.350000e+00 4.401320e-20
9.360000e+00 4.008249e-20
9.370000e+00 3.649917e-20
9.380000e+00 3.323287e-20
9.390000e+00 3.025585e-20
9.400000e+00 2.754276e-20
9.410000e+00 2.507044e-20
9.420000e+00 2.281777e-20
9.430000e+00 2.076543e-20
9.440000e+00 1.889580e-20
9.450000e+00 1.719278e-20
9.460000e+00 1.564169e-20
9.470000e+00 1.422911e-20
9.480000e+00 1.294280e-20
9.490000e+00 1.177160e-20
9.500000e+00 1.070531e-20
9.510000e+00 9.734629e-21
9.520000e+00 8.851080e-21
9.530000e+00 8.046921e-21
9.540000e+00 7.315091e-21
9.550000e+00 6.649153e-21
9.560000e+00 6.043235e-21
9.570000e+00 5.491984e-21
9.580000e+00 4.990517e-21
9.590000e+00 4.534385e-21
9.600000e+00 4.119532e-21
9.610000e+00 3.742259e-21
9.620000e+00 3.399198e-21
9.630000e+00 3.087277e-21
9.640000e+00 2.803699e-21
9.650000e+00 2.545914e-21
9.660000e+00 2.311599e-21
9.670000e+00 2.098640e-21
9.680000e+00 1.905110e-21
9.690000e+00 1.729253e-21
9.700000e+00 1.569472e-21
9.710000e+00 1.424313e-21
9.720000e+00 1.292450e-21
9.730000e+00 1.172677e-21
9.740000e+00 1.063898e-21
9.750000e+00 9.651126e-22
9.760000e+00 8.754122e-22
9.770000e+00 7.939693e-22
9.780000e+00 7.200314e-22
9.790000e+00 6.529136e-22
9.800000e+00 5.919930e-22
9.810000e+00 5.367030e-22
9.820000e+00 4.865282e-22
9.830000e+00 4.410000e-22
9.840000e+00 3.996922e-22
9.850000e+00 3.622175e-22
9.860000e+00 3.282235e-22
9.870000e+00 2.973901e-22
9.880000e+00 2.694263e-22
9.890000e+00 2.440675e-22
9.900000e+00 2.210734e-22
9.910000e+00 2.002256e-22
9.920000e+00 1.813257e-22
9.930000e+00 1.641934e-22
9.940000e+00 1.486649e-22
9.950000e+00 1.345916e-22
9.960000e+00 1.218383e-22
9.970000e+00 1.102825e-22
9.980000e+00 9.981264e-23
9.990000e+00 9.032776e-23
1.000000e+01 8.173602e-23
1.001000e+01 7.395411e-23
1.002000e+01 6.690641e-23
1.003000e+01 6.052429e-23
1.004000e+01 5.474548e-23
1.005000e+01 4.951347e-23
1.006000e+01 4.477701e-23
1.007000e+01 4.048959e-23
1.008000e+01 3.660903e-23
1.009000e+01 3.309707e-23
1.010000e+01 2.991903e-23
1.011000e+01 2.704345e-23
1.012000e+01 2.444180e-23
1.013000e+01 2.208823e-23
1.014000e+01 1.995929e-23
1.015000e+01 1.803375e-23
1.016000e+01 1.629234e-23
1.017000e+01 1.471761e-23
1.018000e+01 1.329376e-23
1.019000e+01 1.200646e-23
1.020000e+01 1.084273e-23
1.021000e+01 9.790816e-24
1.022000e+01 8.840070e-24
1.023000e+01 7.980849e-24
1.024000e+01 7.204421e-24
1.025000e+01 6.502878e-24
1.026000e+01 5.869062e-24
1.027000e+01 5.296493e-24
1.028000e+01 4.779303e-24
1.029000e+01 4.312185e-24
1.030000e+01 3.890333e-24
1.031000e+01 3.509399e-24
1.032000e+01 3.165449e-24
1.033000e+01 2.854923e-24
1.034000e+01 2.574602e-24
1.035000e+01 2.321573e-24
1.036000e+01 2.093202e-24
1.037000e+01 1.887107e-24
1.038000e+01 1.701134e-24
1.039000e+01 1.533335e-24
1.040000e+01 1.381949e-24
1.041000e+01 1.245385e-24
1.042000e+01 1.122204e-24
1.043000e+01 1.011106e-24
1.044000e+01 9.109155e-25
1.045000e+01 8.205707e-25
1.046000e+01 7.391125e-25
1.047000e+01 6.656740e-25
1.048000e+01 5.994725e-25
1.049000e+01 5.398008e-25
1.050000e+01 4.860202e-25
1.051000e+01 4.375540e-25
1.052000e+01 3.938815e-25
1.053000e+01 3.545325e-25
1.054000e+01 3.190826e-25
1.055000e+01 2.871487e-25
1.056000e+01 2.583848e-25
1.057000e+01 2.324790e-25
1.058000e+01 2.091497e-25
1.059000e+01 1.881426e-25
1.060000e+01 1.692285e-25
1.061000e+01 1.522007e-25
1.062000e+01 1.368725e-25
1.063000e+01 1.230758e-25
1.064000e+01 1.106586e-25
1.065000e+01 9.948433e-26
1.066000e+01 8.942945e-26
1.067000e+01 8.038279e-26
1.068000e+01 7.224406e-26
1.069000e+01 6.492288e-26
1.070000e+01 5.833779e-26
1.071000e+01 5.241538e-26
1.072000e+01 4.708950e-26
1.073000e+01 4.230055e-26
1.074000e+01 3.799483e-26
1.075000e+01 3.412397e-26
1.076000e+01 3.064440e-26
1.077000e+01 2.751689e-26
1.078000e+01 2.470610e-26
1.079000e+01 2.218020e-26
1.080000e+01 1.991056e-26
1.081000e+01 1.787137e-26
1.082000e+01 1.603943e-26
1.083000e+01 1.439384e-26
1.084000e+01 1.291578e-26
1.085000e+01 1.158835e-26
1.086000e+01 1.039630e-26
1.087000e+01 9.325943e-27
1.088000e+01 8.364948e-27
1.089000e+01 7.502228e-27
1.090000e+01 6.727813e-27
1.091000e+01 6.032733e-27
1.092000e+01 5.408924e-27
1.093000e+01 4.849134e-27
1.094000e+01 4.346844e-27
1.095000e+01 3.896194e-27
1.096000e+01 3.491914e-27
1.097000e+01 3.129271e-27
1.098000e+01 2.804009e-27
1.099000e+01 2.512304e-27
1.100000e+01 2.250720e-27
1.101000e+01 2.016171e-27
1.102000e+01 1.805884e-27
1.103000e+01 1.617368e-27
1.104000e+01 1.448386e-27
1.105000e+01 1.296930e-27
1.106000e+01 1.161196e-27
1.107000e+01 1.039563e-27
1.108000e+01 9.305775e-28
1.109000e+01 8.329348e-28
1.110000e+01 7.454629e-28
1.111000e+01 6.671103e-28
1.112000e+01 5.969333e-28
1.113000e+01 5.340852e-28
1.114000e+01 4.778063e-28
1.115000e+01 4.274150e-28
1.116000e+01 3.822999e-28
1.117000e+01 3.419127e-28
1.118000e+01 3.057615e-28
1.119000e+01 2.734053e-28
1.120000e+01 2.444487e-28
1.121000e+01 2.185370e-28
1.122000e+01 1.953525e-28
1.123000e+01 1.746101e-28
1.124000e+01 1.560545e-28
1.125000e+01 1.394569e-28
1.126000e+01 1.246121e-28
1.127000e+01 1.113363e-28
1.128000e+01 9.946496e-29
1.129000e+01 8.885052e-29
1.130000e+01 7.936087e-29
1.131000e+01 7.087767e-29
1.132000e+01 6.329494e-29
1.133000e+01 5.651779e-29
1.134000e+01 5.046123e-29
1.135000e+01 4.504921e-29
1.136000e+01 4.021361e-29
1.137000e+01 3.589347e-29
1.138000e+01 3.203424e-29
1.139000e+01 2.858709e-29
1.140000e+01 2.550834e-29
1.141000e+01 2.275888e-29
1.142000e+01 2.030375e-29
1.143000e+01 1.811165e-29
1.144000e+01 1.615461e-29
1.145000e+01 1.440759e-29
1.146000e+01 1.284822e-29
1.147000e+01 1.145648e-29
1.148000e+01 1.021447e-29
1.149000e+01 9.106199e-30
1.150000e+01 8.117363e-30
1.151000e+01 7.235181e-30
1.152000e+01 6.448228e-30
1.153000e+01 5.746295e-30
1.154000e+01 5.120261e-30
1.155000e+01 4.561974e-30
1.156000e+01 4.064153e-30
1.157000e+01 3.620294e-30
1.158000e+01 3.224589e-30
1.159000e+01 2.871847e-30
1.160000e+01 2.557436e-30
1.161000e+01 2.277220e-30
1.162000e+01 2.027504e-30
1.163000e+01 1.804991e-30
1.164000e+01 1.606737e-30
1.165000e+01 1.430116e-30
1.166000e+01 1.272782e-30
1.167000e+01 1.132645e-30
1.168000e+01 1.007836e-30
1.169000e+01 8.966904e-31
1.170000e+01 7.977224e-31
1.171000e+01 7.096065e-31
1.172000e+01 6.311608e-31
1.173000e+01 5.613309e-31
1.174000e+01 4.991770e-31
1.175000e+01 4.438606e-31
1.176000e+01 3.946348e-31
1.177000e+01 3.508331e-31
1.178000e+01 3.118620e-31
1.179000e+01 2.771921e-31
1.180000e+01 2.463518e-31
1.181000e+01 2.189209e-31
1.182000e+01 1.945250e-31
1.183000e+01 1.728304e-31
1.184000e+01 1.535399e-31
1.185000e+01 1.363889e-31
1.186000e+01 1.211417e-31
1.187000e+01 1.075882e-31
1.188000e+01 9.554149e-32
1.189000e+01 8.483521e-32
1.190000e+01 7.532113e-32
1.191000e+01 6.686734e-32
1.192000e+01 5.935644e-32
1.193000e+01 5.268394e-32
1.194000e+01 4.675684e-32
1.195000e+01 4.149242e-32
1.196000e+01 3.681704e-32
1.197000e+01 3.266521e-32
1.198000e+01 2.897869e-32
1.199000e+01 2.570565e-32
1.200000e+01 2.280000e-32
1.201000e+01 2.022078e-32
1.202000e+01 1.793153e-32
1.203000e+01 1.589987e-32
1.204000e+01 1.409698e-32
1.205000e+01 1.249728e-32
1.206000e+01 1.107799e-32
1.207000e+01 9.818915e-33
1.208000e+01 8.702068e-33
1.209000e+01 7.711484e-33
1.210000e+01 6.832978e-33
1.211000e+01 6.053948e-33
1.212000e+01 5.363199e-33
1.213000e+01 4.750789e-33
1.214000e+01 4.207887e-33
1.215000e+01 3.726654e-33
1.216000e+01 3.300126e-33
1.217000e+01 2.922124e-33
1.218000e+01 2.587160e-33
1.219000e+01 2.290364e-33
1.220000e+01 2.027413e-33
1.221000e+01 1.794472e-33
1.222000e+01 1.588135e-33
1.223000e+01 1.405384e-33
1.224000e+01 1.243538e-33
1.225000e+01 1.100221e-33
1.226000e+01 9.733229e-34
1.227000e+01 8.609754e-34
1.228000e+01 7.615196e-34
1.229000e+01 6.734851e-34
1.230000e+01 5.955682e-34
1.231000e+01 5.266130e-34
1.232000e+01 4.655949e-34
1.233000e+01 4.116057e-34
1.234000e+01 3.638406e-34
1.235000e+01 3.215863e-34
1.236000e+01 2.842107e-34
1.237000e+01 2.511539e-34
1.238000e+01 2.219198e-34
1.239000e+01 1.960689e-34
1.240000e+01 1.732119e-34
1.241000e+01 1.530043e-34
1.242000e+01 1.351406e-34
1.243000e+01 1.193507e-34
1.244000e+01 1.053951e-34
1.245000e+01 9.306200e-35
1.246000e+01 8.216389e-35
1.247000e+01 7.253476e-35
1.248000e+01 6.402771e-35
1.249000e+01 5.651273e-35
1.250000e+01 4.987480e-35
1.251000e+01 4.401216e-35
1.252000e+01 3.883477e-35
1.253000e+01 3.426300e-35
1.254000e+01 3.022641e-35
1.255000e+01 2.666271e-35
1.256000e+01 2.351682e-35
1.257000e+01 2.074004e-35
1.258000e+01 1.828930e-35
1.259000e+01 1.612653e-35
1.260000e+01 1.421810e-35
1.261000e+01 1.253426e-35
1.262000e+01 1.104873e-35
1.263000e+01 9.738294e-36
1.264000e+01 8.582420e-36
1.265000e+01 7.562985e-36
1.266000e+01 6.663974e-36
1.267000e+01 5.871240e-36
1.268000e+01 5.172292e-36
1.269000e+01 4.556095e-36
1.270000e+01 4.012907e-36
1.271000e+01 3.534126e-36
1.272000e+01 3.112157e-36
1.273000e+01 2.740296e-36
1.274000e+01 2.412626e-36
1.275000e+01 2.123925e-36
1.276000e+01 1.869584e-36
1.277000e+01 1.645536e-36
1.278000e+01 1.448192e-36
1.279000e+01 1.274388e-36
1.280000e+01 1.121331e-36
1.281000e+01 9.865571e-37
1.282000e+01 8.678954e-37
1.283000e+01 7.634298e-37
1.284000e+01 6.714713e-37
1.285000e+01 5.905305e-37
1.286000e+01 5.192945e-37
1.287000e+01 4.566062e-37
1.288000e+01 4.014453e-37
1.289000e+01 3.529129e-37
1.290000e+01 3.102167e-37
1.291000e+01 2.726588e-37
1.292000e+01 2.396240e-37
1.293000e+01 2.105706e-37
1.294000e+01 1.850213e-37
1.295000e+01 1.625558e-37
1.296000e+01 1.428037e-37
1.297000e+01 1.254392e-37
1.298000e+01 1.101751e-37
1.299000e+01 9.675879e-38
1.300000e+01 8.496770e-38
1.301000e+01 7.460602e-38
1.302000e+01 6.550138e-38
1.303000e+01 5.750209e-38
1.304000e+01 5.047465e-38
1.305000e+01 4.430162e-38
1.306000e+01 3.887966e-38
1.307000e+01 3.411787e-38
1.308000e+01 2.993628e-38
1.309000e+01 2.626458e-38
1.310000e+01 2.304091e-38
1.311000e+01 2.021088e-38
1.312000e+01 1.772669e-38
1.313000e+01 1.554628e-38
1.314000e+01 1.363270e-38
1.315000e+01 1.195347e-38
1.316000e+01 1.048003e-38
1.317000e+01 9.187292e-39
1.318000e+01 8.053214e-39
1.319000e+01 7.058420e-39
1.320000e+01 6.185892e-39
1.321000e+01 5.420680e-39
1.322000e+01 4.749651e-39
1.323000e+01 4.161274e-39
1.324000e+01 3.645419e-39
1.325000e+01 3.193193e-39
1.326000e+01 2.796787e-39
1.327000e+01 2.449346e-39
1.328000e+01 2.144853e-39
1.329000e+01 1.878026e-39
1.330000e+01 1.644228e-39
1.331000e+01 1.439393e-39
1.332000e+01 1.259949e-39
1.333000e+01 1.102766e-39
1.334000e+01 9.650950e-40
1.335000e+01 8.445268e-40
1.336000e+01 7.389472e-40
1.337000e+01 6.465021e-40
1.338000e+01 5.655657e-40
1.339000e+01 4.947124e-40
1.340000e+01 4.326921e-40
1.341000e+01 3.784093e-40
1.342000e+01 3.309034e-40
1.343000e+01 2.893325e-40
1.344000e+01 2.529588e-40
1.345000e+01 2.211357e-40
1.346000e+01 1.932967e-40
1.347000e+01 1.689456e-40
1.348000e+01 1.476473e-40
1.349000e+01 1.290212e-40
1.350000e+01 1.127335e-40
1.351000e+01 9.849211e-41
1.352000e+01 8.604122e-41
1.353000e+01 7.515679e-41
1.354000e+01 6.564271e-41
1.355000e+01 5.732727e-41
1.356000e+01 5.006021e-41
1.357000e+01 4.370998e-41
1.358000e+01 3.816147e-41
1.359000e+01 3.331396e-41
1.360000e+01 2.907930e-41
1.361000e+01 2.538038e-41
1.362000e+01 2.214976e-41
1.363000e+01 1.932842e-41
1.364000e+01 1.686476e-41
1.365000e+01 1.471366e-41
1.366000e+01 1.283565e-41
1.367000e+01 1.119622e-41
1.368000e+01 9.765214e-42
1.369000e+01 8.516253e-42
1.370000e+01 7.426291e-42
1.371000e+01 6.475181e-42
1.372000e+01 5.645318e-42
1.373000e+01 4.921319e-42
1.374000e+01 4.289742e-42
1.375000e+01 3.738844e-42
1.376000e+01 3.258368e-42
1.377000e+01 2.839354e-42
1.378000e+01 2.473976e-42
1.379000e+01 2.155400e-42
1.380000e+01 1.877660e-42
1.381000e+01 1.635546e-42
1.382000e+01 1.424508e-42
1.383000e+01 1.240577e-42
1.384000e+01 1.080287e-42
1.385000e+01 9.406130e-43
1.386000e+01 8.189162e-43
1.387000e+01 7.128933e-43
1.388000e+01 6.205349e-43
1.389000e+01 5.400878e-43
1.390000e+01 4.700231e-43
1.391000e+01 4.090068e-43
1.392000e+01 3.558758e-43
1.393000e+01 3.096157e-43
1.394000e+01 2.693420e-43
1.395000e+01 2.342835e-43
1.396000e+01 2.037679e-43
1.397000e+01 1.772093e-43
1.398000e+01 1.540969e-43
1.399000e+01 1.339855e-43
1.400000e+01 1.164872e-43
1.401000e+01 1.012641e-43
1.402000e+01 8.802156e-44
1.403000e+01 7.650314e-44
1.404000e+01 6.648536e-44
1.405000e+01 5.777359e-44
1.406000e+01 5.019833e-44
1.407000e+01 4.361198e-44
1.408000e+01 3.788600e-44
1.409000e+01 3.290853e-44
1.410000e+01 2.858213e-44
1.411000e+01 2.482204e-44
1.412000e+01 2.155444e-44
1.413000e+01 1.871512e-44
1.414000e+01 1.624819e-44
1.415000e+01 1.410503e-44
1.416000e+01 1.224334e-44
1.417000e+01 1.062630e-44
1.418000e+01 9.221906e-45
1.419000e+01 8.002322e-45
1.420000e+01 6.943332e-45
1.421000e+01 6.023881e-45
1.422000e+01 5.225663e-45
1.423000e+01 4.532763e-45
1.424000e+01 3.931346e-45
1.425000e+01 3.409384e-45
1.426000e+01 2.956428e-45
1.427000e+01 2.563393e-45
1.428000e+01 2.222387e-45
1.429000e+01 1.926552e-45
1.430000e+01 1.669930e-45
1.431000e+01 1.447346e-45
1.432000e+01 1.254305e-45
1.433000e+01 1.086902e-45
1.434000e+01 9.417474e-46
1.435000e+01 8.158961e-46
1.436000e+01 7.067924e-46
1.437000e+01 6.122172e-46
1.438000e+01 5.302439e-46
1.439000e+01 4.592006e-46
1.440000e+01 3.976360e-46
1.441000e+01 3.442909e-46
1.442000e+01 2.980726e-46
1.443000e+01 2.580329e-46
1.444000e+01 2.233493e-46
1.445000e+01 1.933084e-46
1.446000e+01 1.672914e-46
1.447000e+01 1.447614e-46
1.448000e+01 1.252532e-46
1.449000e+01 1.083630e-46
1.450000e+01 9.374113e-47
1.451000e+01 8.108411e-47
1.452000e+01 7.012905e-47
1.453000e+01 6.064802e-47
1.454000e+01 5.244353e-47
1.455000e+01 4.534442e-47
1.456000e+01 3.920236e-47
1.457000e+01 3.388888e-47
1.458000e+01 2.929266e-47
1.459000e+01 2.531728e-47
1.460000e+01 2.187921e-47
1.461000e+01 1.890615e-47
1.462000e+01 1.633544e-47
1.463000e+01 1.411287e-47
1.464000e+01 1.219148e-47
1.465000e+01 1.053062e-47
1.466000e+01 9.095111e-48
1.467000e+01 7.854503e-48
1.468000e+01 6.782441e-48
1.469000e+01 5.856119e-48
1.470000e+01 5.055805e-48
1.471000e+01 4.364428e-48
1.472000e+01 3.767219e-48
1.473000e+01 3.251404e-48
1.474000e+01 2.805936e-48
1.475000e+01 2.421258e-48
1.476000e+01 2.089108e-48
1.477000e+01 1.802342e-48
1.478000e+01 1.554785e-48
1.479000e+01 1.341096e-48
1.480000e+01 1.156661e-48
1.481000e+01 9.974902e-49
1.482000e+01 8.601376e-49
1.483000e+01 7.416240e-49
1.484000e+01 6.393758e-49
1.485000e+01 5.511695e-49
1.486000e+01 4.750843e-49
1.487000e+01 4.094613e-49
1.488000e+01 3.528674e-49
1.489000e+01 3.040653e-49
1.490000e+01 2.619863e-49
1.491000e+01 2.257080e-49
1.492000e+01 1.944339e-49
1.493000e+01 1.674764e-49
1.494000e+01 1.442420e-49
1.495000e+01 1.242185e-49
1.496000e+01 1.069640e-49
1.497000e+01 9.209700e-50
1.498000e+01 7.928844e-50
1.499000e+01 6.825443e-50
1.500000e+01 5.875007e-50
1.501000e+01 5.056412e-50
1.502000e+01 4.351442e-50
1.503000e+01 3.744384e-50
1.504000e+01 3.221694e-50
1.505000e+01 2.771690e-50
1.506000e+01 2.384304e-50
1.507000e+01 2.050856e-50
1.508000e+01 1.763865e-50
1.509000e+01 1.516882e-50
1.510000e+01 1.304353e-50
1.511000e+01 1.121489e-50
1.512000e+01 9.641651e-51
1.513000e+01 8.288279e-51
1.514000e+01 7.124164e-51
1.515000e+01 6.122940e-51
1.516000e+01 5.261901e-51
1.517000e+01 4.521493e-51
1.518000e+01 3.884881e-51
1.519000e+01 3.337568e-51
1.520000e+01 2.867075e-51
1.521000e+01 2.462661e-51
1.522000e+01 2.115079e-51
1.523000e+01 1.816374e-51
1.524000e+01 1.559698e-51
1.525000e+01 1.339160e-51
1.526000e+01 1.149690e-51
1.527000e+01 9.869285e-52
1.528000e+01 8.471244e-52
1.529000e+01 7.270517e-52
1.530000e+01 6.239359e-52
1.531000e+01 5.353912e-52
1.532000e+01 4.593662e-52
1.533000e+01 3.940972e-52
1.534000e+01 3.380682e-52
1.535000e+01 2.899758e-52
1.536000e+01 2.487001e-52
1.537000e+01 2.132782e-52
1.538000e+01 1.828832e-52
1.539000e+01 1.568042e-52
1.540000e+01 1.344305e-52
1.541000e+01 1.152378e-52
1.542000e+01 9.877530e-53
1.543000e+01 8.465614e-53
1.544000e+01 7.254794e-53
1.545000e+01 6.216534e-53
1.546000e+01 5.326330e-53
1.547000e+01 4.563147e-53
1.548000e+01 3.908925e-53
1.549000e+01 3.348165e-53
1.550000e+01 2.867563e-53
1.551000e+01 2.455702e-53
1.552000e+01 2.102785e-53
1.553000e+01 1.800407e-53
1.554000e+01 1.541356e-53
1.555000e+01 1.319447e-53
1.556000e+01 1.129373e-53
1.557000e+01 9.665836e-54
1.558000e+01 8.271763e-54
1.559000e+01 7.078044e-54
1.560000e+01 6.055988e-54
1.561000e+01 5.180998e-54
1.562000e+01 4.431985e-54
1.563000e+01 3.790878e-54
1.564000e+01 3.242185e-54
1.565000e+01 2.772634e-54
1.566000e+01 2.370848e-54
1.567000e+01 2.027083e-54
1.568000e+01 1.732989e-54
1.569000e+01 1.481415e-54
1.570000e+01 1.266235e-54
1.571000e+01 1.082202e-54
1.572000e+01 9.248235e-55
1.573000e+01 7.902528e-55
1.574000e+01 6.751959e-55
1.575000e+01 5.768331e-55
1.576000e+01 4.927505e-55
1.577000e+01 4.208822e-55
1.578000e+01 3.594600e-55
1.579000e+01 3.069709e-55
1.580000e+01 2.621201e-55
1.581000e+01 2.238000e-55
1.582000e+01 1.910629e-55
1.583000e+01 1.630983e-55
1.584000e+01 1.392127e-55
1.585000e+01 1.188132e-55
1.586000e+01 1.013929e-55
1.587000e+01 8.651803e-56
1.588000e+01 7.381802e-56
1.589000e+01 6.297595e-56
1.590000e+01 5.372094e-56
1.591000e+01 4.582148e-56
1.592000e+01 3.907969e-56
1.593000e+01 3.332650e-56
1.594000e+01 2.841744e-56
1.595000e+01 2.422906e-56
1.596000e+01 2.065594e-56
1.597000e+01 1.760799e-56
1.598000e+01 1.500829e-56
1.599000e+01 1.279114e-56
1.600000e+01 1.090044e-56
1.601000e+01 9.288275e-57
1.602000e+01 7.913759e-57
1.603000e+01 6.741975e-57
1.604000e+01 5.743122e-57
1.605000e+01 4.891764e-57
1.606000e+01 4.166194e-57
1.607000e+01 3.547889e-57
1.608000e+01 3.021045e-57
1.609000e+01 2.572178e-57
1.610000e+01 2.189784e-57
1.611000e+01 1.864053e-57
1.612000e+01 1.586615e-57
1.613000e+01 1.350335e-57
1.614000e+01 1.149127e-57
1.615000e+01 9.778029e-58
1.616000e+01 8.319382e-58
1.617000e+01 7.077622e-58
1.618000e+01 6.020606e-58
1.619000e+01 5.120940e-58
1.620000e+01 4.355276e-58
1.621000e+01 3.703721e-58
1.622000e+01 3.149324e-58
1.623000e+01 2.677646e-58
1.624000e+01 2.276383e-58
1.625000e+01 1.935059e-58
1.626000e+01 1.644749e-58
1.627000e+01 1.397854e-58
1.628000e+01 1.187901e-58
1.629000e+01 1.009382e-58
1.630000e+01 8.576047e-59
1.631000e+01 7.285770e-59
1.632000e+01 6.188997e-59
1.633000e+01 5.256803e-59
1.634000e+01 4.464571e-59
1.635000e+01 3.791353e-59
1.636000e+01 3.219329e-59
1.637000e+01 2.733337e-59
1.638000e+01 2.320478e-59
1.639000e+01 1.969782e-59
1.640000e+01 1.671921e-59
1.641000e+01 1.418958e-59
1.642000e+01 1.204149e-59
1.643000e+01 1.021756e-59
1.644000e+01 8.669041e-60
1.645000e+01 7.354469e-60
1.646000e+01 6.238615e-60
1.647000e+01 5.291534e-60
1.648000e+01 4.487780e-60
1.649000e+01 3.805731e-60
1.650000e+01 3.227017e-60
1.651000e+01 2.736031e-60
1.652000e+01 2.319515e-60
1.653000e+01 1.966211e-60
1.654000e+01 1.666554e-60
1.655000e+01 1.412425e-60
1.656000e+01 1.196928e-60
1.657000e+01 1.014208e-60
1.658000e+01 8.592960e-61
1.659000e+01 7.279726e-61
1.660000e+01 6.166573e-61
1.661000e+01 5.223111e-61
1.662000e+01 4.423553e-61
1.663000e+01 3.746017e-61
1.664000e+01 3.171940e-61
1.665000e+01 2.685571e-61
1.666000e+01 2.273552e-61
1.667000e+01 1.924552e-61
1.668000e+01 1.628962e-61
1.669000e+01 1.378634e-61
1.670000e+01 1.166658e-61
1.671000e+01 9.871762e-62
1.672000e+01 8.352228e-62
1.673000e+01 7.065886e-62
1.674000e+01 5.977057e-62
1.675000e+01 5.055508e-62
1.676000e+01 4.275617e-62
1.677000e+01 3.615674e-62
1.678000e+01 3.057288e-62
1.679000e+01 2.584878e-62
1.680000e+01 2.185246e-62
1.681000e+01 1.847214e-62
1.682000e+01 1.561315e-62
1.683000e+01 1.319534e-62
1.684000e+01 1.115082e-62
1.685000e+01 9.422151e-63
1.686000e+01 7.960672e-63
1.687000e+01 6.725212e-63
1.688000e+01 5.680921e-63
1.689000e+01 4.798308e-63
1.690000e+01 4.052417e-63
1.691000e+01 3.422131e-63
1.692000e+01 2.889587e-63
1.693000e+01 2.439672e-63
1.694000e+01 2.059603e-63
1.695000e+01 1.738571e-63
1.696000e+01 1.467431e-63
1.697000e+01 1.238454e-63
1.698000e+01 1.045101e-63
1.699000e+01 8.818471e-64
1.700000e+01 7.440206e-64
1.701000e+01 6.276726e-64
1.702000e+01 5.294659e-64
1.703000e+01 4.465801e-64
1.704000e+01 3.766321e-64
1.705000e+01 3.176083e-64
1.706000e+01 2.678076e-64
1.707000e+01 2.257930e-64
1.708000e+01 1.903508e-64
1.709000e+01 1.604558e-64
1.710000e+01 1.352424e-64
1.711000e+01 1.139795e-64
1.712000e+01 9.604998e-65
1.713000e+01 8.093276e-65
1.714000e+01 6.818801e-65
1.715000e+01 5.744447e-65
1.716000e+01 4.838882e-65
1.717000e+01 4.075664e-65
1.718000e+01 3.432482e-65
1.719000e+01 2.890512e-65
1.720000e+01 2.433873e-65
1.721000e+01 2.049168e-65
1.722000e+01 1.725098e-65
1.723000e+01 1.452133e-65
1.724000e+01 1.222238e-65
1.725000e+01 1.028636e-65
1.726000e+01 8.656139e-66
1.727000e+01 7.283552e-66
1.728000e+01 6.128002e-66
1.729000e+01 5.155266e-66
1.730000e+01 4.336505e-66
1.731000e+01 3.647415e-66
1.732000e+01 3.067518e-66
1.733000e+01 2.579560e-66
1.734000e+01 2.169005e-66
1.735000e+01 1.823611e-66
1.736000e+01 1.533065e-66
1.737000e+01 1.288680e-66
1.738000e+01 1.083145e-66
1.739000e+01 9.102998e-67
1.740000e+01 7.649603e-67
1.741000e+01 6.427617e-67
1.742000e+01 5.400296e-67
1.743000e+01 4.536718e-67
1.744000e+01 3.810856e-67
1.745000e+01 3.200810e-67
1.746000e+01 2.688152e-67
1.747000e+01 2.257378e-67
1.748000e+01 1.895445e-67
1.749000e+01 1.591384e-67
1.750000e+01 1.335965e-67
1.751000e+01 1.121429e-67
1.752000e+01 9.412503e-68
1.753000e+01 7.899417e-68
1.754000e+01 6.628900e-68
1.755000e+01 5.562173e-68
1.756000e+01 4.666638e-68
1.757000e+01 3.914897e-68
1.758000e+01 3.283924e-68
1.759000e+01 2.754370e-68
1.760000e+01 2.309980e-68
1.761000e+01 1.937094e-68
1.762000e+01 1.624238e-68
1.763000e+01 1.361775e-68
1.764000e+01 1.141609e-68
1.765000e+01 9.569433e-69
1.766000e+01 8.020686e-69
1.767000e+01 6.721921e-69
1.768000e+01 5.632898e-69
1.769000e+01 4.719836e-69
1.770000e+01 3.954381e-69
1.771000e+01 3.312735e-69
1.772000e+01 2.774926e-69
1.773000e+01 2.324196e-69
1.774000e+01 1.946483e-69
1.775000e+01 1.629990e-69
1.776000e+01 1.364822e-69
1.777000e+01 1.142677e-69
1.778000e+01 9.565942e-70
1.779000e+01 8.007344e-70
1.780000e+01 6.702021e-70
1.781000e+01 5.608925e-70
1.782000e+01 4.693643e-70
1.783000e+01 3.927327e-70
1.784000e+01 3.285797e-70
1.785000e+01 2.748785e-70
1.786000e+01 2.299310e-70
1.787000e+01 1.923140e-70
1.788000e+01 1.608350e-70
1.789000e+01 1.344953e-70
1.790000e+01 1.124579e-70
1.791000e+01 9.402205e-71
1.792000e+01 7.860060e-71
1.793000e+01 6.570199e-71
1.794000e+01 5.491460e-71
1.795000e+01 4.589377e-71
1.796000e+01 3.835095e-71
1.797000e+01 3.204462e-71
1.798000e+01 2.677261e-71
1.799000e+01 2.236572e-71
1.800000e+01 1.868235e-71
1.801000e+01 1.560403e-71
1.802000e+01 1.303163e-71
1.803000e+01 1.088221e-71
1.804000e+01 9.086404e-72
1.805000e+01 7.586188e-72
1.806000e+01 6.333033e-72
1.807000e+01 5.286357e-72
1.808000e+01 4.412226e-72
1.809000e+01 3.682270e-72
1.810000e+01 3.072770e-72
1.811000e+01 2.563899e-72
1.812000e+01 2.139087e-72
1.813000e+01 1.784484e-72
1.814000e+01 1.488515e-72
1.815000e+01 1.241511e-72
1.816000e+01 1.035391e-72
1.817000e+01 8.634056e-73
1.818000e+01 7.199160e-73
1.819000e+01 6.002130e-73
1.820000e+01 5.003634e-73
1.821000e+01 4.170827e-73
1.822000e+01 3.476286e-73
1.823000e+01 2.897112e-73
1.824000e+01 2.414191e-73
1.825000e+01 2.011568e-73
1.826000e+01 1.675924e-73
1.827000e+01 1.396144e-73
1.828000e+01 1.162955e-73
1.829000e+01 9.686174e-74
1.830000e+01 8.066740e-74
1.831000e+01 6.717389e-74
1.832000e+01 5.593188e-74
1.833000e+01 4.656665e-74
1.834000e+01 3.876565e-74
1.835000e+01 3.226828e-74
1.836000e+01 2.685722e-74
1.837000e+01 2.235130e-74
1.838000e+01 1.859950e-74
1.839000e+01 1.547591e-74
1.840000e+01 1.287561e-74
1.841000e+01 1.071114e-74
1.842000e+01 8.909646e-75
1.843000e+01 7.410401e-75
1.844000e+01 6.162821e-75
1.845000e+01 5.124764e-75
1.846000e+01 4.261131e-75
1.847000e+01 3.542684e-75
1.848000e+01 2.945076e-75
1.849000e+01 2.448032e-75
1.850000e+01 2.034672e-75
1.851000e+01 1.690940e-75
1.852000e+01 1.405137e-75
1.853000e+01 1.167523e-75
1.854000e+01 9.699940e-76
1.855000e+01 8.058034e-76
1.856000e+01 6.693385e-76
1.857000e+01 5.559286e-76
1.858000e+01 4.616882e-76
1.859000e+01 3.833851e-76
1.860000e+01 3.183304e-76
1.861000e+01 2.642881e-76
1.862000e+01 2.193985e-76
1.863000e+01 1.821153e-76
1.864000e+01 1.511526e-76
1.865000e+01 1.254415e-76
1.866000e+01 1.040935e-76
1.867000e+01 8.636995e-77
1.868000e+01 7.165693e-77
1.869000e+01 5.944431e-77
1.870000e+01 4.930817e-77
1.871000e+01 4.089631e-77
1.872000e+01 3.391610e-77
1.873000e+01 2.812447e-77
1.874000e+01 2.331950e-77
1.875000e+01 1.933351e-77
1.876000e+01 1.602724e-77
1.877000e+01 1.328506e-77
1.878000e+01 1.101095e-77
1.879000e+01 9.125200e-78
1.880000e+01 7.561653e-78
1.881000e+01 6.265384e-78
1.882000e+01 5.190810e-78
1.883000e+01 4.300107e-78
1.884000e+01 3.561885e-78
1.885000e+01 2.950102e-78
1.886000e+01 2.443154e-78
1.887000e+01 2.023118e-78
1.888000e+01 1.675128e-78
1.889000e+01 1.386857e-78
1.890000e+01 1.148079e-78
1.891000e+01 9.503165e-79
1.892000e+01 7.865412e-79
1.893000e+01 6.509254e-79
1.894000e+01 5.386387e-79
1.895000e+01 4.456773e-79
1.896000e+01 3.687228e-79
1.897000e+01 3.050254e-79
1.898000e+01 2.523066e-79
1.899000e+01 2.086786e-79
1.900000e+01 1.725773e-79
1.901000e+01 1.427072e-79
1.902000e+01 1.179953e-79
1.903000e+01 9.755293e-80
1.904000e+01 8.064406e-80
1.905000e+01 6.665934e-80
1.906000e+01 5.509424e-80
1.907000e+01 4.553108e-80
1.908000e+01 3.762411e-80
1.909000e+01 3.108717e-80
1.910000e+01 2.568341e-80
1.911000e+01 2.121684e-80
1.912000e+01 1.752529e-80
1.913000e+01 1.447460e-80
1.914000e+01 1.195375e-80
1.915000e+01 9.870940e-81
1.916000e+01 8.150222e-81
1.917000e+01 6.728789e-81
1.918000e+01 5.554704e-81
1.919000e+01 4.585023e-81
1.920000e+01 3.784240e-81
1.921000e+01 3.123003e-81
1.922000e+01 2.577049e-81
1.923000e+01 2.126325e-81
1.924000e+01 1.754256e-81
1.925000e+01 1.447149e-81
1.926000e+01 1.193685e-81
1.927000e+01 9.845162e-82
1.928000e+01 8.119189e-82
1.929000e+01 6.695129e-82
1.930000e+01 5.520289e-82
1.931000e+01 4.551151e-82
1.932000e+01 3.751779e-82
1.933000e+01 3.092501e-82
1.934000e+01 2.548819e-82
1.935000e+01 2.100510e-82
1.936000e+01 1.730880e-82
1.937000e+01 1.426152e-82
1.938000e+01 1.174955e-82
1.939000e+01 9.679065e-83
1.940000e+01 7.972637e-83
1.941000e+01 6.566397e-83
1.942000e+01 5.407654e-83
1.943000e+01 4.452943e-83
1.944000e+01 3.666419e-83
1.945000e+01 3.018516e-83
1.946000e+01 2.484857e-83
1.947000e+01 2.045343e-83
1.948000e+01 1.683400e-83
1.949000e+01 1.385367e-83
1.950000e+01 1.139985e-83
1.951000e+01 9.379725e-84
1.952000e+01 7.716805e-84
1.953000e+01 6.348067e-84
1.954000e+01 5.221582e-84
1.955000e+01 4.294566e-84
1.956000e+01 3.531774e-84
1.957000e+01 2.904178e-84
1.958000e+01 2.387867e-84
1.959000e+01 1.963150e-84
1.960000e+01 1.613814e-84
1.961000e+01 1.326509e-84
1.962000e+01 1.090243e-84
1.963000e+01 8.959689e-85
1.964000e+01 7.362396e-85
1.965000e+01 6.049257e-85
1.966000e+01 4.969829e-85
1.967000e+01 4.082606e-85
1.968000e+01 3.353436e-85
1.969000e+01 2.754223e-85
1.970000e+01 2.261855e-85
1.971000e+01 1.857322e-85
1.972000e+01 1.524986e-85
1.973000e+01 1.251992e-85
1.974000e+01 1.027764e-85
1.975000e+01 8.436104e-86
1.976000e+01 6.923840e-86
1.977000e+01 5.682098e-86
1.978000e+01 4.662588e-86
1.979000e+01 3.825620e-86
1.980000e+01 3.138580e-86
1.981000e+01 2.574668e-86
1.982000e+01 2.111863e-86
1.983000e+01 1.732076e-86
1.984000e+01 1.420446e-86
1.985000e+01 1.164766e-86
1.986000e+01 9.550139e-87
1.987000e+01 7.829555e-87
1.988000e+01 6.418315e-87
1.989000e+01 5.260919e-87
1.990000e+01 4.311801e-87
1.991000e+01 3.533559e-87
1.992000e+01 2.895494e-87
1.993000e+01 2.372408e-87
1.994000e+01 1.943627e-87
1.995000e+01 1.592182e-87
1.996000e+01 1.304155e-87
1.997000e+01 1.068126e-87
1.998000e+01 8.747262e-88
1.999000e+01 7.162727e-88
