0.000000e+00 1.737649e-01
1.000000e-02 1.737649e-01
2.000000e-02 1.737609e-01
3.000000e-02 1.737544e-01
4.000000e-02 1.737453e-01
5.000000e-02 1.737336e-01
6.000000e-02 1.737193e-01
7.000000e-02 1.737023e-01
8.000000e-02 1.736828e-01
9.000000e-02 1.736606e-01
1.000000e-01 1.736358e-01
1.100000e-01 1.736085e-01
1.200000e-01 1.735785e-01
1.300000e-01 1.735458e-01
1.400000e-01 1.735106e-01
1.500000e-01 1.734727e-01
1.600000e-01 1.734323e-01
1.700000e-01 1.733891e-01
1.800000e-01 1.733434e-01
1.900000e-01 1.732950e-01
2.000000e-01 1.732440e-01
2.100000e-01 1.731903e-01
2.200000e-01 1.731340e-01
2.300000e-01 1.730751e-01
2.400000e-01 1.730134e-01
2.500000e-01 1.729492e-01
2.600000e-01 1.728822e-01
2.700000e-01 1.728126e-01
2.800000e-01 1.727403e-01
2.900000e-01 1.726654e-01
3.000000e-01 1.725877e-01
3.100000e-01 1.725074e-01
3.200000e-01 1.724243e-01
3.300000e-01 1.723386e-01
3.400000e-01 1.722502e-01
3.500000e-01 1.721590e-01
3.600000e-01 1.720651e-01
3.700000e-01 1.719685e-01
3.800000e-01 1.718691e-01
3.900000e-01 1.717670e-01
4.000000e-01 1.716622e-01
4.100000e-01 1.715546e-01
4.200000e-01 1.714442e-01
4.300000e-01 1.713310e-01
4.400000e-01 1.712151e-01
4.500000e-01 1.710963e-01
4.600000e-01 1.709748e-01
4.700000e-01 1.708504e-01
4.800000e-01 1.707232e-01
4.900000e-01 1.705932e-01
5.000000e-01 1.704603e-01
5.100000e-01 1.703246e-01
5.200000e-01 1.701860e-01
5.300000e-01 1.700446e-01
5.400000e-01 1.699003e-01
5.500000e-01 1.697530e-01
5.600000e-01 1.696029e-01
5.700000e-01 1.694498e-01
5.800000e-01 1.692938e-01
5.900000e-01 1.691349e-01
6.000000e-01 1.689729e-01
6.100000e-01 1.688081e-01
6.200000e-01 1.686402e-01
6.300000e-01 1.684693e-01
6.400000e-01 1.682955e-01
6.500000e-01 1.681186e-01
6.600000e-01 1.679386e-01
6.700000e-01 1.677556e-01
6.800000e-01 1.675696e-01
6.900000e-01 1.673804e-01
7.000000e-01 1.671882e-01
7.100000e-01 1.669928e-01
7.200000e-01 1.667943e-01
7.300000e-01 1.665927e-01
7.400000e-01 1.663879e-01
7.500000e-01 1.661799e-01
7.600000e-01 1.659687e-01
7.700000e-01 1.657543e-01
7.800000e-01 1.655366e-01
7.900000e-01 1.653157e-01
8.000000e-01 1.650915e-01
8.100000e-01 1.648641e-01
8.200000e-01 1.646333e-01
8.300000e-01 1.643992e-01
8.400000e-01 1.641617e-01
8.500000e-01 1.639209e-01
8.600000e-01 1.636767e-01
8.700000e-01 1.634291e-01
8.800000e-01 1.631781e-01
8.900000e-01 1.629236e-01
9.000000e-01 1.626656e-01
9.100000e-01 1.624041e-01
9.200000e-01 1.621391e-01
9.300000e-01 1.618706e-01
9.400000e-01 1.615985e-01
9.500000e-01 1.613229e-01
9.600000e-01 1.610436e-01
9.700000e-01 1.607607e-01
9.800000e-01 1.604741e-01
9.900000e-01 1.601839e-01
1.000000e+00 1.598900e-01
1.010000e+00 1.595923e-01
1.020000e+00 1.592909e-01
1.030000e+00 1.589857e-01
1.040000e+00 1.586767e-01
1.050000e+00 1.583638e-01
1.060000e+00 1.580471e-01
1.070000e+00 1.577266e-01
1.080000e+00 1.574021e-01
1.090000e+00 1.570737e-01
1.100000e+00 1.567413e-01
1.110000e+00 1.564049e-01
1.120000e+00 1.560646e-01
1.130000e+00 1.557201e-01
1.140000e+00 1.553716e-01
1.150000e+00 1.550190e-01
1.160000e+00 1.546623e-01
1.170000e+00 1.543015e-01
1.180000e+00 1.539364e-01
1.190000e+00 1.535671e-01
1.200000e+00 1.531936e-01
1.210000e+00 1.528158e-01
1.220000e+00 1.524338e-01
1.230000e+00 1.520474e-01
1.240000e+00 1.516566e-01
1.250000e+00 1.512615e-01
1.260000e+00 1.508619e-01
1.270000e+00 1.504579e-01
1.280000e+00 1.500495e-01
1.290000e+00 1.496365e-01
1.300000e+00 1.492190e-01
1.310000e+00 1.487969e-01
1.320000e+00 1.483703e-01
1.330000e+00 1.479391e-01
1.340000e+00 1.475032e-01
1.350000e+00 1.470626e-01
1.360000e+00 1.466173e-01
1.370000e+00 1.461673e-01
1.380000e+00 1.457126e-01
1.390000e+00 1.452531e-01
1.400000e+00 1.447887e-01
1.410000e+00 1.443195e-01
1.420000e+00 1.438455e-01
1.430000e+00 1.433666e-01
1.440000e+00 1.428827e-01
1.450000e+00 1.423940e-01
1.460000e+00 1.419002e-01
1.470000e+00 1.414015e-01
1.480000e+00 1.408978e-01
1.490000e+00 1.403890e-01
1.500000e+00 1.398752e-01
1.510000e+00 1.393563e-01
1.520000e+00 1.388323e-01
1.530000e+00 1.383031e-01
1.540000e+00 1.377689e-01
1.550000e+00 1.372295e-01
1.560000e+00 1.366849e-01
1.570000e+00 1.361351e-01
1.580000e+00 1.355801e-01
1.590000e+00 1.350199e-01
1.600000e+00 1.344545e-01
1.610000e+00 1.338838e-01
1.620000e+00 1.333079e-01
1.630000e+00 1.327267e-01
1.640000e+00 1.321402e-01
1.650000e+00 1.315484e-01
1.660000e+00 1.309514e-01
1.670000e+00 1.303490e-01
1.680000e+00 1.297414e-01
1.690000e+00 1.291284e-01
1.700000e+00 1.285102e-01
1.710000e+00 1.278866e-01
1.720000e+00 1.272578e-01
1.730000e+00 1.266236e-01
1.740000e+00 1.259842e-01
1.750000e+00 1.253395e-01
1.760000e+00 1.246895e-01
1.770000e+00 1.240343e-01
1.780000e+00 1.233739e-01
1.790000e+00 1.227082e-01
1.800000e+00 1.220373e-01
1.810000e+00 1.213612e-01
1.820000e+00 1.206799e-01
1.830000e+00 1.199935e-01
1.840000e+00 1.193020e-01
1.850000e+00 1.186054e-01
1.860000e+00 1.179038e-01
1.870000e+00 1.171971e-01
1.880000e+00 1.164854e-01
1.890000e+00 1.157688e-01
1.900000e+00 1.150473e-01
1.910000e+00 1.143209e-01
1.920000e+00 1.135897e-01
1.930000e+00 1.128537e-01
1.940000e+00 1.121131e-01
1.950000e+00 1.113677e-01
1.960000e+00 1.106177e-01
1.970000e+00 1.098632e-01
1.980000e+00 1.091042e-01
1.990000e+00 1.083408e-01
2.000000e+00 1.075730e-01
2.010000e+00 1.068010e-01
2.020000e+00 1.060247e-01
2.030000e+00 1.052443e-01
2.040000e+00 1.044598e-01
2.050000e+00 1.036714e-01
2.060000e+00 1.028791e-01
2.070000e+00 1.020829e-01
2.080000e+00 1.012831e-01
2.090000e+00 1.004796e-01
2.100000e+00 9.967258e-02
2.110000e+00 9.886214e-02
2.120000e+00 9.804838e-02
2.130000e+00 9.723140e-02
2.140000e+00 9.641129e-02
2.150000e+00 9.558818e-02
2.160000e+00 9.476218e-02
2.170000e+00 9.393339e-02
2.180000e+00 9.310193e-02
2.190000e+00 9.226793e-02
2.200000e+00 9.143151e-02
2.210000e+00 9.059278e-02
2.220000e+00 8.975189e-02
2.230000e+00 8.890895e-02
2.240000e+00 8.806410e-02
2.250000e+00 8.721747e-02
2.260000e+00 8.636920e-02
2.270000e+00 8.551942e-02
2.280000e+00 8.466828e-02
2.290000e+00 8.381592e-02
2.300000e+00 8.296248e-02
2.310000e+00 8.210810e-02
2.320000e+00 8.125293e-02
2.330000e+00 8.039713e-02
2.340000e+00 7.954083e-02
2.350000e+00 7.868420e-02
2.360000e+00 7.782737e-02
2.370000e+00 7.697052e-02
2.380000e+00 7.611379e-02
2.390000e+00 7.525733e-02
2.400000e+00 7.440131e-02
2.410000e+00 7.354588e-02
2.420000e+00 7.269120e-02
2.430000e+00 7.183742e-02
2.440000e+00 7.098470e-02
2.450000e+00 7.013321e-02
2.460000e+00 6.928310e-02
2.470000e+00 6.843453e-02
2.480000e+00 6.758766e-02
2.490000e+00 6.674265e-02
2.500000e+00 6.589965e-02
2.510000e+00 6.505882e-02
2.520000e+00 6.422033e-02
2.530000e+00 6.338432e-02
2.540000e+00 6.255094e-02
2.550000e+00 6.172037e-02
2.560000e+00 6.089274e-02
2.570000e+00 6.006821e-02
2.580000e+00 5.924694e-02
2.590000e+00 5.842906e-02
2.600000e+00 5.761473e-02
2.610000e+00 5.680410e-02
2.620000e+00 5.599730e-02
2.630000e+00 5.519448e-02
2.640000e+00 5.439578e-02
2.650000e+00 5.360134e-02
2.660000e+00 5.281130e-02
2.670000e+00 5.202578e-02
2.680000e+00 5.124492e-02
2.690000e+00 5.046885e-02
2.700000e+00 4.969769e-02
2.710000e+00 4.893157e-02
2.720000e+00 4.817061e-02
2.730000e+00 4.741492e-02
2.740000e+00 4.666463e-02
2.750000e+00 4.591984e-02
2.760000e+00 4.518066e-02
2.770000e+00 4.444720e-02
2.780000e+00 4.371956e-02
2.790000e+00 4.299784e-02
2.800000e+00 4.228214e-02
2.810000e+00 4.157254e-02
2.820000e+00 4.086915e-02
2.830000e+00 4.017204e-02
2.840000e+00 3.948130e-02
2.850000e+00 3.879701e-02
2.860000e+00 3.811924e-02
2.870000e+00 3.744806e-02
2.880000e+00 3.678356e-02
2.890000e+00 3.612578e-02
2.900000e+00 3.547479e-02
2.910000e+00 3.483065e-02
2.920000e+00 3.419342e-02
2.930000e+00 3.356314e-02
2.940000e+00 3.293986e-02
2.950000e+00 3.232363e-02
2.960000e+00 3.171449e-02
2.970000e+00 3.111247e-02
2.980000e+00 3.051761e-02
2.990000e+00 2.992993e-02
3.000000e+00 2.934947e-02
3.010000e+00 2.877625e-02
3.020000e+00 2.821028e-02
3.030000e+00 2.765159e-02
3.040000e+00 2.710018e-02
3.050000e+00 2.655607e-02
3.060000e+00 2.601926e-02
3.070000e+00 2.548975e-02
3.080000e+00 2.496755e-02
3.090000e+00 2.445266e-02
3.100000e+00 2.394506e-02
3.110000e+00 2.344475e-02
3.120000e+00 2.295171e-02
3.130000e+00 2.246594e-02
3.140000e+00 2.198741e-02
3.150000e+00 2.151610e-02
3.160000e+00 2.105200e-02
3.170000e+00 2.059507e-02
3.180000e+00 2.014529e-02
3.190000e+00 1.970263e-02
3.200000e+00 1.926705e-02
3.210000e+00 1.883852e-02
3.220000e+00 1.841701e-02
3.230000e+00 1.800247e-02
3.240000e+00 1.759485e-02
3.250000e+00 1.719413e-02
3.260000e+00 1.680025e-02
3.270000e+00 1.641316e-02
3.280000e+00 1.603281e-02
3.290000e+00 1.565916e-02
3.300000e+00 1.529215e-02
3.310000e+00 1.493172e-02
3.320000e+00 1.457782e-02
3.330000e+00 1.423040e-02
3.340000e+00 1.388938e-02
3.350000e+00 1.355472e-02
3.360000e+00 1.322635e-02
3.370000e+00 1.290421e-02
3.380000e+00 1.258823e-02
3.390000e+00 1.227835e-02
3.400000e+00 1.197451e-02
3.410000e+00 1.167663e-02
3.420000e+00 1.138464e-02
3.430000e+00 1.109849e-02
3.440000e+00 1.081810e-02
3.450000e+00 1.054339e-02
3.460000e+00 1.027431e-02
3.470000e+00 1.001077e-02
3.480000e+00 9.752713e-03
3.490000e+00 9.500056e-03
3.500000e+00 9.252730e-03
3.510000e+00 9.010663e-03
3.520000e+00 8.773780e-03
3.530000e+00 8.542009e-03
3.540000e+00 8.315276e-03
3.550000e+00 8.093507e-03
3.560000e+00 7.876627e-03
3.570000e+00 7.664564e-03
3.580000e+00 7.457243e-03
3.590000e+00 7.254591e-03
3.600000e+00 7.056532e-03
3.610000e+00 6.862995e-03
3.620000e+00 6.673905e-03
3.630000e+00 6.489189e-03
3.640000e+00 6.308774e-03
3.650000e+00 6.132587e-03
3.660000e+00 5.960556e-03
3.670000e+00 5.792609e-03
3.680000e+00 5.628674e-03
3.690000e+00 5.468680e-03
3.700000e+00 5.312555e-03
3.710000e+00 5.160230e-03
3.720000e+00 5.011635e-03
3.730000e+00 4.866700e-03
3.740000e+00 4.725356e-03
3.750000e+00 4.587536e-03
3.760000e+00 4.453171e-03
3.770000e+00 4.322195e-03
3.780000e+00 4.194542e-03
3.790000e+00 4.070144e-03
3.800000e+00 3.948938e-03
3.810000e+00 3.830859e-03
3.820000e+00 3.715843e-03
3.830000e+00 3.603827e-03
3.840000e+00 3.494750e-03
3.850000e+00 3.388549e-03
3.860000e+00 3.285163e-03
3.870000e+00 3.184534e-03
3.880000e+00 3.086601e-03
3.890000e+00 2.991306e-03
3.900000e+00 2.898591e-03
3.910000e+00 2.808400e-03
3.920000e+00 2.720676e-03
3.930000e+00 2.635365e-03
3.940000e+00 2.552411e-03
3.950000e+00 2.471761e-03
3.960000e+00 2.393363e-03
3.970000e+00 2.317164e-03
3.980000e+00 2.243112e-03
3.990000e+00 2.171159e-03
4.000000e+00 2.101253e-03
4.010000e+00 2.033347e-03
4.020000e+00 1.967392e-03
4.030000e+00 1.903342e-03
4.040000e+00 1.841149e-03
4.050000e+00 1.780769e-03
4.060000e+00 1.722157e-03
4.070000e+00 1.665270e-03
4.080000e+00 1.610063e-03
4.090000e+00 1.556494e-03
4.100000e+00 1.504523e-03
4.110000e+00 1.454109e-03
4.120000e+00 1.405211e-03
4.130000e+00 1.357791e-03
4.140000e+00 1.311811e-03
4.150000e+00 1.267231e-03
4.160000e+00 1.224017e-03
4.170000e+00 1.182132e-03
4.180000e+00 1.141540e-03
4.190000e+00 1.102206e-03
4.200000e+00 1.064098e-03
4.210000e+00 1.027182e-03
4.220000e+00 9.914248e-04
4.230000e+00 9.567955e-04
4.240000e+00 9.232628e-04
4.250000e+00 8.907964e-04
4.260000e+00 8.593666e-04
4.270000e+00 8.289444e-04
4.280000e+00 7.995015e-04
4.290000e+00 7.710101e-04
4.300000e+00 7.434431e-04
4.310000e+00 7.167742e-04
4.320000e+00 6.909775e-04
4.330000e+00 6.660279e-04
4.340000e+00 6.419007e-04
4.350000e+00 6.185719e-04
4.360000e+00 5.960181e-04
4.370000e+00 5.742164e-04
4.380000e+00 5.531446e-04
4.390000e+00 5.327809e-04
4.400000e+00 5.131041e-04
4.410000e+00 4.940936e-04
4.420000e+00 4.757292e-04
4.430000e+00 4.579913e-04
4.440000e+00 4.408608e-04
4.450000e+00 4.243190e-04
4.460000e+00 4.083479e-04
4.470000e+00 3.929298e-04
4.480000e+00 3.780474e-04
4.490000e+00 3.636841e-04
4.500000e+00 3.498236e-04
4.510000e+00 3.364500e-04
4.520000e+00 3.235478e-04
4.530000e+00 3.111022e-04
4.540000e+00 2.990985e-04
4.550000e+00 2.875226e-04
4.560000e+00 2.763606e-04
4.570000e+00 2.655992e-04
4.580000e+00 2.552253e-04
4.590000e+00 2.452263e-04
4.600000e+00 2.355899e-04
4.610000e+00 2.263042e-04
4.620000e+00 2.173576e-04
4.630000e+00 2.087387e-04
4.640000e+00 2.004368e-04
4.650000e+00 1.924411e-04
4.660000e+00 1.847414e-04
4.670000e+00 1.773276e-04
4.680000e+00 1.701902e-04
4.690000e+00 1.633196e-04
4.700000e+00 1.567068e-04
4.710000e+00 1.503430e-04
4.720000e+00 1.442195e-04
4.730000e+00 1.383280e-04
4.740000e+00 1.326605e-04
4.750000e+00 1.272092e-04
4.760000e+00 1.219665e-04
4.770000e+00 1.169252e-04
4.780000e+00 1.120780e-04
4.790000e+00 1.074181e-04
4.800000e+00 1.029389e-04
4.810000e+00 9.863386e-05
4.820000e+00 9.449685e-05
4.830000e+00 9.052178e-05
4.840000e+00 8.670282e-05
4.850000e+00 8.303432e-05
4.860000e+00 7.951081e-05
4.870000e+00 7.612699e-05
4.880000e+00 7.287776e-05
4.890000e+00 6.975818e-05
4.900000e+00 6.676345e-05
4.910000e+00 6.388897e-05
4.920000e+00 6.113026e-05
4.930000e+00 5.848301e-05
4.940000e+00 5.594305e-05
4.950000e+00 5.350635e-05
4.960000e+00 5.116902e-05
4.970000e+00 4.892731e-05
4.980000e+00 4.677758e-05
4.990000e+00 4.471634e-05
5.000000e+00 4.274020e-05
5.010000e+00 4.084591e-05
5.020000e+00 3.903030e-05
5.030000e+00 3.729035e-05
5.040000e+00 3.562312e-05
5.050000e+00 3.402579e-05
5.060000e+00 3.249563e-05
5.070000e+00 3.103001e-05
5.080000e+00 2.962640e-05
5.090000e+00 2.828235e-05
5.100000e+00 2.699551e-05
5.110000e+00 2.576360e-05
5.120000e+00 2.458445e-05
5.130000e+00 2.345594e-05
5.140000e+00 2.237605e-05
5.150000e+00 2.134283e-05
5.160000e+00 2.035438e-05
5.170000e+00 1.940890e-05
5.180000e+00 1.850464e-05
5.190000e+00 1.763992e-05
5.200000e+00 1.681314e-05
5.210000e+00 1.602272e-05
5.220000e+00 1.526719e-05
5.230000e+00 1.454509e-05
5.240000e+00 1.385504e-05
5.250000e+00 1.319571e-05
5.260000e+00 1.256583e-05
5.270000e+00 1.196416e-05
5.280000e+00 1.138951e-05
5.290000e+00 1.084076e-05
5.300000e+00 1.031681e-05
5.310000e+00 9.816600e-06
5.320000e+00 9.339133e-06
5.330000e+00 8.883437e-06
5.340000e+00 8.448581e-06
5.350000e+00 8.033673e-06
5.360000e+00 7.637853e-06
5.370000e+00 7.260299e-06
5.380000e+00 6.900219e-06
5.390000e+00 6.556856e-06
5.400000e+00 6.229481e-06
5.410000e+00 5.917395e-06
5.420000e+00 5.619929e-06
5.430000e+00 5.336440e-06
5.440000e+00 5.066312e-06
5.450000e+00 4.808953e-06
5.460000e+00 4.563798e-06
5.470000e+00 4.330302e-06
5.480000e+00 4.107946e-06
5.490000e+00 3.896230e-06
5.500000e+00 3.694677e-06
5.510000e+00 3.502829e-06
5.520000e+00 3.320247e-06
5.530000e+00 3.146510e-06
5.540000e+00 2.981218e-06
5.550000e+00 2.823985e-06
5.560000e+00 2.674441e-06
5.570000e+00 2.532234e-06
5.580000e+00 2.397027e-06
5.590000e+00 2.268496e-06
5.600000e+00 2.146332e-06
5.610000e+00 2.030239e-06
5.620000e+00 1.919934e-06
5.630000e+00 1.815147e-06
5.640000e+00 1.715619e-06
5.650000e+00 1.621103e-06
5.660000e+00 1.531362e-06
5.670000e+00 1.446170e-06
5.680000e+00 1.365313e-06
5.690000e+00 1.288582e-06
5.700000e+00 1.215781e-06
5.710000e+00 1.146723e-06
5.720000e+00 1.081226e-06
5.730000e+00 1.019120e-06
5.740000e+00 9.602411e-07
5.750000e+00 9.044319e-07
5.760000e+00 8.515437e-07
5.770000e+00 8.014337e-07
5.780000e+00 7.539661e-07
5.790000e+00 7.090112e-07
5.800000e+00 6.664453e-07
5.810000e+00 6.261503e-07
5.820000e+00 5.880136e-07
5.830000e+00 5.519281e-07
5.840000e+00 5.177914e-07
5.850000e+00 4.855061e-07
5.860000e+00 4.549791e-07
5.870000e+00 4.261221e-07
5.880000e+00 3.988507e-07
5.890000e+00 3.730845e-07
5.900000e+00 3.487471e-07
5.910000e+00 3.257655e-07
5.920000e+00 3.040703e-07
5.930000e+00 2.835957e-07
5.940000e+00 2.642786e-07
5.950000e+00 2.460592e-07
5.960000e+00 2.288807e-07
5.970000e+00 2.126889e-07
5.980000e+00 1.974322e-07
5.990000e+00 1.830617e-07
6.000000e+00 1.695308e-07
6.010000e+00 1.567952e-07
6.020000e+00 1.448127e-07
6.030000e+00 1.335434e-07
6.040000e+00 1.229493e-07
6.050000e+00 1.129942e-07
6.060000e+00 1.036438e-07
6.070000e+00 9.486541e-08
6.080000e+00 8.662821e-08
6.090000e+00 7.890277e-08
6.100000e+00 7.166121e-08
6.110000e+00 6.487707e-08
6.120000e+00 5.852525e-08
6.130000e+00 5.258198e-08
6.140000e+00 4.702471e-08
6.150000e+00 4.183211e-08
6.160000e+00 3.698399e-08
6.170000e+00 3.246133e-08
6.180000e+00 2.824618e-08
6.190000e+00 2.432178e-08
6.200000e+00 2.067254e-08
6.210000e+00 1.728428e-08
6.220000e+00 1.414462e-08
6.230000e+00 1.124395e-08
6.240000e+00 8.577916e-09
6.250000e+00 6.154964e-09
6.260000e+00 4.024770e-09
6.270000e+00 2.416401e-09
6.280000e+00 2.123639e-09
6.290000e+00 3.203127e-09
6.300000e+00 4.630034e-09
6.310000e+00 6.053862e-09
6.320000e+00 7.397959e-09
6.330000e+00 8.643383e-09
6.340000e+00 9.786846e-09
6.350000e+00 1.083036e-08
6.360000e+00 1.177794e-08
6.370000e+00 1.263442e-08
6.380000e+00 1.340485e-08
6.390000e+00 1.409433e-08
6.400000e+00 1.470781e-08
6.410000e+00 1.525010e-08
6.420000e+00 1.572579e-08
6.430000e+00 1.613925e-08
6.440000e+00 1.649463e-08
6.450000e+00 1.679590e-08
6.460000e+00 1.704677e-08
6.470000e+00 1.725077e-08
6.480000e+00 1.741124e-08
6.490000e+00 1.753131e-08
6.500000e+00 1.761394e-08
6.510000e+00 1.766194e-08
6.520000e+00 1.767792e-08
6.530000e+00 1.766436e-08
6.540000e+00 1.762358e-08
6.550000e+00 1.755778e-08
6.560000e+00 1.746901e-08
6.570000e+00 1.735920e-08
6.580000e+00 1.723016e-08
6.590000e+00 1.708360e-08
6.600000e+00 1.692110e-08
6.610000e+00 1.674417e-08
6.620000e+00 1.655420e-08
6.630000e+00 1.635251e-08
6.640000e+00 1.614031e-08
6.650000e+00 1.591877e-08
6.660000e+00 1.568896e-08
6.670000e+00 1.545186e-08
6.680000e+00 1.520842e-08
6.690000e+00 1.495951e-08
6.700000e+00 1.470595e-08
6.710000e+00 1.444848e-08
6.720000e+00 1.418781e-08
6.730000e+00 1.392459e-08
6.740000e+00 1.365944e-08
6.750000e+00 1.339290e-08
6.760000e+00 1.312551e-08
6.770000e+00 1.285775e-08
6.780000e+00 1.259005e-08
6.790000e+00 1.232283e-08
6.800000e+00 1.205647e-08
6.810000e+00 1.179132e-08
6.820000e+00 1.152769e-08
6.830000e+00 1.126587e-08
6.840000e+00 1.100614e-08
6.850000e+00 1.074873e-08
6.860000e+00 1.049387e-08
6.870000e+00 1.024175e-08
6.880000e+00 9.992559e-09
6.890000e+00 9.746455e-09
6.900000e+00 9.503585e-09
6.910000e+00 9.264079e-09
6.920000e+00 9.028045e-09
6.930000e+00 8.795591e-09
6.940000e+00 8.566798e-09
6.950000e+00 8.341747e-09
6.960000e+00 8.120498e-09
6.970000e+00 7.903104e-09
6.980000e+00 7.689607e-09
6.990000e+00 7.480048e-09
7.000000e+00 7.274446e-09
7.010000e+00 7.072821e-09
7.020000e+00 6.875186e-09
7.030000e+00 6.681543e-09
7.040000e+00 6.491889e-09
7.050000e+00 6.306217e-09
7.060000e+00 6.124514e-09
7.070000e+00 5.946762e-09
7.080000e+00 5.772937e-09
7.090000e+00 5.603011e-09
7.100000e+00 5.436959e-09
7.110000e+00 5.274740e-09
7.120000e+00 5.116322e-09
7.130000e+00 4.961662e-09
7.140000e+00 4.810720e-09
7.150000e+00 4.663451e-09
7.160000e+00 4.519805e-09
7.170000e+00 4.379737e-09
7.180000e+00 4.243191e-09
7.190000e+00 4.110121e-09
7.200000e+00 3.980475e-09
7.210000e+00 3.854190e-09
7.220000e+00 3.731217e-09
7.230000e+00 3.611501e-09
7.240000e+00 3.494983e-09
7.250000e+00 3.381607e-09
7.260000e+00 3.271315e-09
7.270000e+00 3.164047e-09
7.280000e+00 3.059747e-09
7.290000e+00 2.958356e-09
7.300000e+00 2.859815e-09
7.310000e+00 2.764070e-09
7.320000e+00 2.671056e-09
7.330000e+00 2.580722e-09
7.340000e+00 2.493007e-09
7.350000e+00 2.407852e-09
7.360000e+00 2.325208e-09
7.370000e+00 2.245008e-09
7.380000e+00 2.167200e-09
7.390000e+00 2.091731e-09
7.400000e+00 2.018546e-09
7.410000e+00 1.947590e-09
7.420000e+00 1.878807e-09
7.430000e+00 1.812148e-09
7.440000e+00 1.747558e-09
7.450000e+00 1.684986e-09
7.460000e+00 1.624381e-09
7.470000e+00 1.565693e-09
7.480000e+00 1.508874e-09
7.490000e+00 1.453877e-09
7.500000e+00 1.400650e-09
7.510000e+00 1.349148e-09
7.520000e+00 1.299324e-09
7.530000e+00 1.251134e-09
7.540000e+00 1.204535e-09
7.550000e+00 1.159480e-09
7.560000e+00 1.115928e-09
7.570000e+00 1.073836e-09
7.580000e+00 1.033165e-09
7.590000e+00 9.938713e-10
7.600000e+00 9.559187e-10
7.610000e+00 9.192651e-10
7.620000e+00 8.838760e-10
7.630000e+00 8.497139e-10
7.640000e+00 8.167397e-10
7.650000e+00 7.849202e-10
7.660000e+00 7.542189e-10
7.670000e+00 7.246051e-10
7.680000e+00 6.960443e-10
7.690000e+00 6.685026e-10
7.700000e+00 6.419504e-10
7.710000e+00 6.163555e-10
7.720000e+00 5.916869e-10
7.730000e+00 5.679192e-10
7.740000e+00 5.450220e-10
7.750000e+00 5.229672e-10
7.760000e+00 5.017246e-10
7.770000e+00 4.812732e-10
7.780000e+00 4.615837e-10
7.790000e+00 4.426324e-10
7.800000e+00 4.243938e-10
7.810000e+00 4.068446e-10
7.820000e+00 3.899643e-10
7.830000e+00 3.737263e-10
7.840000e+00 3.581098e-10
7.850000e+00 3.430933e-10
7.860000e+00 3.286598e-10
7.870000e+00 3.147853e-10
7.880000e+00 3.014527e-10
7.890000e+00 2.886420e-10
7.900000e+00 2.763339e-10
7.910000e+00 2.645117e-10
7.920000e+00 2.531594e-10
7.930000e+00 2.422569e-10
7.940000e+00 2.317908e-10
7.950000e+00 2.217440e-10
7.960000e+00 2.121014e-10
7.970000e+00 2.028509e-10
7.980000e+00 1.939728e-10
7.990000e+00 1.854567e-10
8.000000e+00 1.772896e-10
8.010000e+00 1.694583e-10
8.020000e+00 1.619487e-10
8.030000e+00 1.547501e-10
8.040000e+00 1.478499e-10
8.050000e+00 1.412375e-10
8.060000e+00 1.349000e-10
8.070000e+00 1.288280e-10
8.080000e+00 1.230129e-10
8.090000e+00 1.174415e-10
8.100000e+00 1.121075e-10
8.110000e+00 1.069996e-10
8.120000e+00 1.021103e-10
8.130000e+00 9.743026e-11
8.140000e+00 9.295046e-11
8.150000e+00 8.866397e-11
8.160000e+00 8.456161e-11
8.170000e+00 8.063801e-11
8.180000e+00 7.688501e-11
8.190000e+00 7.329660e-11
8.200000e+00 6.986227e-11
8.210000e+00 6.658114e-11
8.220000e+00 6.344523e-11
8.230000e+00 6.044483e-11
8.240000e+00 5.758080e-11
8.250000e+00 5.484137e-11
8.260000e+00 5.222369e-11
8.270000e+00 4.972474e-11
8.280000e+00 4.733710e-11
8.290000e+00 4.505623e-11
8.300000e+00 4.287989e-11
8.310000e+00 4.080136e-11
8.320000e+00 3.881589e-11
8.330000e+00 3.692273e-11
8.340000e+00 3.511502e-11
8.350000e+00 3.338942e-11
8.360000e+00 3.174379e-11
8.370000e+00 3.017432e-11
8.380000e+00 2.867789e-11
8.390000e+00 2.725122e-11
8.400000e+00 2.589033e-11
8.410000e+00 2.459141e-11
8.420000e+00 2.335409e-11
8.430000e+00 2.217548e-11
8.440000e+00 2.105231e-11
8.450000e+00 1.998170e-11
8.460000e+00 1.896223e-11
8.470000e+00 1.799267e-11
8.480000e+00 1.706666e-11
8.490000e+00 1.618679e-11
8.500000e+00 1.534917e-11
8.510000e+00 1.455116e-11
8.520000e+00 1.379283e-11
8.530000e+00 1.307145e-11
8.540000e+00 1.238542e-11
8.550000e+00 1.173117e-11
8.560000e+00 1.111099e-11
8.570000e+00 1.052105e-11
8.580000e+00 9.959522e-12
8.590000e+00 9.426558e-12
8.600000e+00 8.919020e-12
8.610000e+00 8.438037e-12
8.620000e+00 7.982483e-12
8.630000e+00 7.548098e-12
8.640000e+00 7.136224e-12
8.650000e+00 6.745558e-12
8.660000e+00 6.375852e-12
8.670000e+00 6.024687e-12
8.680000e+00 5.690747e-12
8.690000e+00 5.375298e-12
8.700000e+00 5.074967e-12
8.710000e+00 4.792025e-12
8.720000e+00 4.523400e-12
8.730000e+00 4.268446e-12
8.740000e+00 4.028436e-12
8.750000e+00 3.801216e-12
8.760000e+00 3.584264e-12
8.770000e+00 3.378273e-12
8.780000e+00 3.185433e-12
8.790000e+00 3.003510e-12
8.800000e+00 2.831293e-12
8.810000e+00 2.668434e-12
8.820000e+00 2.514059e-12
8.830000e+00 2.368158e-12
8.840000e+00 2.231703e-12
8.850000e+00 2.102739e-12
8.860000e+00 1.981196e-12
8.870000e+00 1.865393e-12
8.880000e+00 1.756169e-12
8.890000e+00 1.654714e-12
8.900000e+00 1.559611e-12
8.910000e+00 1.468197e-12
8.920000e+00 1.382697e-12
8.930000e+00 1.302782e-12
8.940000e+00 1.226507e-12
8.950000e+00 1.156149e-12
8.960000e+00 1.089183e-12
8.970000e+00 1.027413e-12
8.980000e+00 9.677102e-13
8.990000e+00 9.133070e-13
9.000000e+00 8.622804e-13
9.010000e+00 8.120439e-13
9.020000e+00 7.672216e-13
9.030000e+00 7.244708e-13
9.040000e+00 6.843097e-13
9.050000e+00 6.471195e-13
9.060000e+00 6.101817e-13
9.070000e+00 5.765566e-13
9.080000e+00 5.461676e-13
9.090000e+00 5.166724e-13
9.100000e+00 4.888387e-13
9.110000e+00 4.623081e-13
9.120000e+00 4.404869e-13
9.130000e+00 4.163447e-13
9.140000e+00 3.950111e-13
9.150000e+00 3.765941e-13
9.160000e+00 3.573573e-13
9.170000e+00 3.400012e-13
9.180000e+00 3.228379e-13
9.190000e+00 3.071723e-13
9.200000e+00 2.916952e-13
9.210000e+00 2.781990e-13
9.220000e+00 2.648302e-13
9.230000e+00 2.533521e-13
9.240000e+00 2.423649e-13
9.250000e+00 2.318872e-13
9.260000e+00 2.198075e-13
9.270000e+00 2.087379e-13
9.280000e+00 1.994424e-13
9.290000e+00 1.920146e-13
9.300000e+00 1.829415e-13
9.310000e+00 1.740542e-13
9.320000e+00 1.672919e-13
9.330000e+00 1.586343e-13
9.340000e+00 1.529240e-13
9.350000e+00 1.459980e-13
9.360000e+00 1.389174e-13
9.370000e+00 1.315457e-13
9.380000e+00 1.271450e-13
9.390000e+00 1.214738e-13
9.400000e+00 1.171735e-13
9.410000e+00 1.114418e-13
9.420000e+00 1.060045e-13
9.430000e+00 1.012684e-13
9.440000e+00 9.635195e-14
9.450000e+00 9.362327e-14
9.460000e+00 8.720205e-14
9.470000e+00 8.506130e-14
9.480000e+00 8.078428e-14
9.490000e+00 7.743517e-14
9.500000e+00 7.368620e-14
9.510000e+00 6.991136e-14
9.520000e+00 6.674096e-14
9.530000e+00 6.393409e-14
9.540000e+00 6.154982e-14
9.550000e+00 5.835090e-14
9.560000e+00 5.607457e-14
9.570000e+00 5.369793e-14
9.580000e+00 5.094373e-14
9.590000e+00 4.792202e-14
9.600000e+00 4.695844e-14
9.610000e+00 4.568619e-14
9.620000e+00 4.401704e-14
9.630000e+00 4.141216e-14
9.640000e+00 3.890776e-14
9.650000e+00 3.661441e-14
9.660000e+00 3.641469e-14
9.670000e+00 3.366069e-14
9.680000e+00 3.235739e-14
9.690000e+00 3.131220e-14
9.700000e+00 2.997745e-14
9.710000e+00 2.780948e-14
9.720000e+00 2.663482e-14
9.730000e+00 2.612280e-14
9.740000e+00 2.450040e-14
9.750000e+00 2.575005e-14
9.760000e+00 2.493964e-14
9.770000e+00 2.224528e-14
9.780000e+00 2.079560e-14
9.790000e+00 2.037432e-14
9.800000e+00 1.940731e-14
9.810000e+00 2.039628e-14
9.820000e+00 1.896598e-14
9.830000e+00 1.891893e-14
9.840000e+00 1.733112e-14
9.850000e+00 1.634128e-14
9.860000e+00 1.635809e-14
9.870000e+00 1.660881e-14
9.880000e+00 1.543556e-14
9.890000e+00 1.505265e-14
9.900000e+00 1.570974e-14
9.910000e+00 1.400161e-14
9.920000e+00 1.332834e-14
9.930000e+00 1.305941e-14
9.940000e+00 1.422767e-14
9.950000e+00 1.219376e-14
9.960000e+00 1.241535e-14
9.970000e+00 1.147980e-14
9.980000e+00 1.081351e-14
9.990000e+00 1.161459e-14
1.000000e+01 1.076384e-14
1.001000e+01 9.329042e-15
1.002000e+01 1.119727e-14
1.003000e+01 1.101685e-14
1.004000e+01 9.213172e-15
1.005000e+01 9.728212e-15
1.006000e+01 9.148880e-15
1.007000e+01 9.800249e-15
1.008000e+01 1.023201e-14
1.009000e+01 1.004962e-14
1.010000e+01 9.103144e-15
1.011000e+01 9.381930e-15
1.012000e+01 7.414898e-15
1.013000e+01 7.495340e-15
1.014000e+01 7.991513e-15
1.015000e+01 7.710318e-15
1.016000e+01 8.199093e-15
1.017000e+01 7.394904e-15
1.018000e+01 7.561959e-15
1.019000e+01 6.882325e-15
1.020000e+01 6.888467e-15
1.021000e+01 7.152549e-15
1.022000e+01 7.776289e-15
1.023000e+01 6.737891e-15
1.024000e+01 6.058864e-15
1.025000e+01 8.279034e-15
1.026000e+01 5.909002e-15
1.027000e+01 5.645085e-15
1.028000e+01 5.997747e-15
1.029000e+01 5.662547e-15
1.030000e+01 5.980969e-15
1.031000e+01 6.122344e-15
1.032000e+01 7.184050e-15
1.033000e+01 5.062562e-15
1.034000e+01 4.707251e-15
1.035000e+01 4.386028e-15
1.036000e+01 4.454627e-15
1.037000e+01 5.900821e-15
1.038000e+01 6.033222e-15
1.039000e+01 5.462004e-15
1.040000e+01 4.418676e-15
1.041000e+01 4.517145e-15
1.042000e+01 5.549285e-15
1.043000e+01 4.563328e-15
1.044000e+01 3.887971e-15
1.045000e+01 4.596705e-15
1.046000e+01 3.912828e-15
1.047000e+01 4.236144e-15
1.048000e+01 4.332540e-15
1.049000e+01 4.794601e-15
1.050000e+01 4.707482e-15
1.051000e+01 3.630540e-15
1.052000e+01 2.883195e-15
1.053000e+01 3.216658e-15
1.054000e+01 3.093440e-15
1.055000e+01 4.292426e-15
1.056000e+01 3.489471e-15
1.057000e+01 2.358622e-15
1.058000e+01 2.886068e-15
1.059000e+01 3.449014e-15
1.060000e+01 3.465564e-15
1.061000e+01 1.828424e-15
1.062000e+01 2.570937e-15
1.063000e+01 1.798405e-15
1.064000e+01 2.797074e-15
1.065000e+01 3.251747e-15
1.066000e+01 2.173242e-15
1.067000e+01 3.139331e-15
1.068000e+01 3.239029e-15
1.069000e+01 3.785053e-15
1.070000e+01 3.210279e-15
1.071000e+01 2.773000e-15
1.072000e+01 2.388654e-15
1.073000e+01 2.247990e-15
1.074000e+01 3.213899e-15
1.075000e+01 2.706650e-15
1.076000e+01 1.683332e-15
1.077000e+01 2.392122e-15
1.078000e+01 2.382853e-15
1.079000e+01 2.028115e-15
1.080000e+01 1.522505e-15
1.081000e+01 1.250647e-15
1.082000e+01 1.591636e-15
1.083000e+01 1.751089e-15
1.084000e+01 1.549331e-15
1.085000e+01 8.731544e-16
1.086000e+01 1.854617e-15
1.087000e+01 7.574587e-16
1.088000e+01 1.599350e-15
1.089000e+01 2.160321e-15
1.090000e+01 1.119601e-15
1.091000e+01 1.941024e-15
1.092000e+01 1.737842e-15
1.093000e+01 1.530741e-15
1.094000e+01 2.486192e-16
1.095000e+01 1.923390e-15
1.096000e+01 2.358377e-15
1.097000e+01 1.097312e-15
1.098000e+01 1.470013e-15
1.099000e+01 7.525597e-16
1.100000e+01 1.138630e-15
1.101000e+01 1.241554e-15
1.102000e+01 1.062846e-15
1.103000e+01 1.456054e-15
1.104000e+01 7.992519e-16
1.105000e+01 1.177917e-15
1.106000e+01 2.125630e-15
1.107000e+01 1.179756e-15
1.108000e+01 1.016422e-15
1.109000e+01 1.601568e-15
1.110000e+01 1.109286e-15
1.111000e+01 9.892663e-16
1.112000e+01 1.269336e-15
1.113000e+01 1.463603e-15
1.114000e+01 1.104221e-15
1.115000e+01 1.320594e-15
1.116000e+01 1.292001e-15
1.117000e+01 7.095227e-16
1.118000e+01 1.046333e-15
1.119000e+01 1.420680e-15
1.120000e+01 1.056637e-15
1.121000e+01 1.618072e-15
1.122000e+01 1.568557e-15
1.123000e+01 1.053257e-15
1.124000e+01 8.037456e-16
1.125000e+01 5.560891e-16
1.126000e+01 9.483876e-16
1.127000e+01 6.249867e-16
1.128000e+01 7.847914e-16
1.129000e+01 4.430287e-16
1.130000e+01 1.137403e-15
1.131000e+01 1.519670e-15
1.132000e+01 3.848512e-16
1.133000e+01 8.695561e-16
1.134000e+01 6.702119e-16
1.135000e+01 8.890117e-16
1.136000e+01 9.262617e-16
1.137000e+01 9.518056e-16
1.138000e+01 1.319504e-15
1.139000e+01 7.432417e-16
1.140000e+01 6.941882e-16
1.141000e+01 5.989242e-16
1.142000e+01 6.054520e-16
1.143000e+01 1.019805e-15
1.144000e+01 1.511124e-15
1.145000e+01 1.116774e-15
1.146000e+01 9.848341e-16
1.147000e+01 3.612800e-16
1.148000e+01 6.663055e-16
1.149000e+01 6.592018e-16
1.150000e+01 9.562704e-16
1.151000e+01 2.582058e-16
1.152000e+01 4.038395e-16
1.153000e+01 7.090444e-16
1.154000e+01 8.447413e-16
1.155000e+01 8.107210e-16
1.156000e+01 6.219580e-16
1.157000e+01 9.136940e-16
1.158000e+01 1.398106e-15
1.159000e+01 1.300559e-16
1.160000e+01 2.956630e-16
1.161000e+01 1.297052e-15
1.162000e+01 4.178773e-16
1.163000e+01 3.586016e-16
1.164000e+01 9.423359e-16
1.165000e+01 9.787096e-16
1.166000e+01 4.820112e-16
1.167000e+01 7.444477e-16
1.168000e+01 6.791960e-16
1.169000e+01 9.575963e-16
1.170000e+01 5.005344e-16
1.171000e+01 1.785328e-16
1.172000e+01 9.796472e-16
1.173000e+01 3.683144e-16
1.174000e+01 6.332476e-16
1.175000e+01 8.116908e-16
1.176000e+01 8.778512e-16
1.177000e+01 8.757462e-16
1.178000e+01 4.269733e-16
1.179000e+01 9.827612e-16
1.180000e+01 3.823848e-16
1.181000e+01 5.848514e-16
1.182000e+01 3.981597e-16
1.183000e+01 1.371413e-15
1.184000e+01 1.562065e-16
1.185000e+01 5.001721e-16
1.186000e+01 7.193779e-16
1.187000e+01 3.441794e-16
1.188000e+01 5.429538e-16
1.189000e+01 3.396511e-16
1.190000e+01 5.664173e-16
1.191000e+01 6.096842e-16
1.192000e+01 1.544510e-17
1.193000e+01 4.201423e-16
1.194000e+01 8.599433e-16
1.195000e+01 5.053548e-16
1.196000e+01 8.662541e-16
1.197000e+01 7.124412e-17
1.198000e+01 8.531745e-16
1.199000e+01 5.396669e-16
1.200000e+01 8.899350e-17
1.201000e+01 7.129054e-16
1.202000e+01 8.401823e-16
1.203000e+01 4.944664e-16
1.204000e+01 3.512797e-16
1.205000e+01 6.337705e-16
1.206000e+01 6.329046e-16
1.207000e+01 1.071880e-16
1.208000e+01 8.068448e-16
1.209000e+01 7.519725e-16
1.210000e+01 1.178013e-15
1.211000e+01 4.059998e-16
1.212000e+01 4.051657e-16
1.213000e+01 4.649365e-16
1.214000e+01 1.253307e-16
1.215000e+01 2.119824e-16
1.216000e+01 5.211935e-16
1.217000e+01 2.052020e-16
1.218000e+01 5.394428e-16
1.219000e+01 4.608871e-16
1.220000e+01 7.732597e-16
1.221000e+01 5.506484e-16
1.222000e+01 3.815287e-16
1.223000e+01 6.975043e-16
1.224000e+01 6.554222e-16
1.225000e+01 1.016696e-15
1.226000e+01 8.342990e-17
1.227000e+01 4.005905e-16
1.228000e+01 9.901328e-16
1.229000e+01 7.079017e-16
1.230000e+01 2.944039e-16
1.231000e+01 9.411235e-16
1.232000e+01 4.750272e-16
1.233000e+01 4.354201e-16
1.234000e+01 1.223461e-15
1.235000e+01 2.718379e-16
1.236000e+01 1.001237e-15
1.237000e+01 7.513997e-16
1.238000e+01 7.406798e-16
1.239000e+01 3.939968e-16
1.240000e+01 5.362283e-16
1.241000e+01 3.338703e-16
1.242000e+01 1.760234e-16
1.243000e+01 2.746469e-16
1.244000e+01 5.401888e-16
1.245000e+01 1.822982e-16
1.246000e+01 1.720769e-16
1.247000e+01 5.751428e-16
1.248000e+01 5.761203e-16
1.249000e+01 7.973623e-16
1.250000e+01 6.575193e-16
1.251000e+01 1.256103e-15
1.252000e+01 1.070788e-15
1.253000e+01 6.445542e-16
1.254000e+01 3.365328e-16
1.255000e+01 5.117439e-16
1.256000e+01 1.952464e-16
1.257000e+01 1.242984e-15
1.258000e+01 2.544636e-16
1.259000e+01 5.428772e-16
1.260000e+01 2.580379e-16
1.261000e+01 2.349193e-16
1.262000e+01 6.467001e-16
1.263000e+01 6.656931e-17
1.264000e+01 1.070320e-15
1.265000e+01 4.299976e-16
1.266000e+01 2.758109e-16
1.267000e+01 3.528182e-16
1.268000e+01 3.206641e-16
1.269000e+01 4.452665e-16
1.270000e+01 1.256696e-15
1.271000e+01 2.963062e-16
1.272000e+01 6.697061e-16
1.273000e+01 4.036864e-16
1.274000e+01 7.713632e-16
1.275000e+01 3.964129e-16
1.276000e+01 1.259934e-16
1.277000e+01 4.095398e-16
1.278000e+01 5.519666e-16
1.279000e+01 4.376400e-16
1.280000e+01 7.819608e-16
1.281000e+01 4.826420e-16
1.282000e+01 5.594807e-16
1.283000e+01 7.284309e-16
1.284000e+01 6.607962e-16
1.285000e+01 4.080914e-16
1.286000e+01 2.317929e-16
1.287000e+01 4.327123e-16
1.288000e+01 7.745658e-16
1.289000e+01 5.893427e-16
1.290000e+01 3.188984e-16
1.291000e+01 2.203612e-16
1.292000e+01 7.216216e-16
1.293000e+01 1.114021e-15
1.294000e+01 1.055498e-15
1.295000e+01 6.864284e-16
1.296000e+01 9.072256e-16
1.297000e+01 2.697822e-16
1.298000e+01 7.486012e-16
1.299000e+01 4.626856e-16
1.300000e+01 2.529469e-16
1.301000e+01 5.087287e-16
1.302000e+01 5.288719e-16
1.303000e+01 7.157514e-16
1.304000e+01 7.820704e-17
1.305000e+01 7.472274e-16
1.306000e+01 1.748922e-16
1.307000e+01 7.370068e-16
1.308000e+01 8.918485e-16
1.309000e+01 5.055496e-16
1.310000e+01 5.313854e-16
1.311000e+01 1.193467e-15
1.312000e+01 6.711670e-16
1.313000e+01 4.878856e-16
1.314000e+01 4.839104e-16
1.315000e+01 1.684685e-16
1.316000e+01 1.122886e-16
1.317000e+01 4.647583e-16
1.318000e+01 7.311249e-16
1.319000e+01 1.098304e-15
1.320000e+01 2.942172e-16
1.321000e+01 7.372110e-17
1.322000e+01 4.859572e-16
1.323000e+01 2.641684e-16
1.324000e+01 2.789597e-16
1.325000e+01 1.296119e-15
1.326000e+01 5.233467e-17
1.327000e+01 4.939209e-16
1.328000e+01 5.543576e-16
1.329000e+01 8.355456e-16
1.330000e+01 1.631391e-16
1.331000e+01 5.571412e-16
1.332000e+01 1.124560e-15
1.333000e+01 3.626512e-16
1.334000e+01 5.984111e-16
1.335000e+01 1.582703e-16
1.336000e+01 6.577089e-16
1.337000e+01 5.370687e-16
1.338000e+01 3.276509e-16
1.339000e+01 6.881362e-16
1.340000e+01 6.205895e-16
1.341000e+01 9.197660e-17
1.342000e+01 6.412113e-16
1.343000e+01 1.946312e-16
1.344000e+01 2.915698e-16
1.345000e+01 7.913013e-16
1.346000e+01 5.376331e-16
1.347000e+01 1.886496e-16
1.348000e+01 1.679984e-16
1.349000e+01 9.345343e-17
1.350000e+01 1.968844e-16
1.351000e+01 5.276331e-16
1.352000e+01 2.292121e-16
1.353000e+01 5.892660e-16
1.354000e+01 8.635378e-16
1.355000e+01 2.922609e-16
1.356000e+01 4.172926e-16
1.357000e+01 1.137745e-15
1.358000e+01 1.225703e-15
1.359000e+01 1.470837e-16
1.360000e+01 8.748752e-16
1.361000e+01 1.568182e-16
1.362000e+01 4.445343e-16
1.363000e+01 7.194777e-16
1.364000e+01 8.192417e-17
1.365000e+01 4.485770e-16
1.366000e+01 1.014423e-15
1.367000e+01 1.286142e-15
1.368000e+01 9.008936e-16
1.369000e+01 1.187792e-15
1.370000e+01 5.712750e-16
1.371000e+01 8.542303e-16
1.372000e+01 3.572866e-16
1.373000e+01 4.421792e-16
1.374000e+01 8.653729e-16
1.375000e+01 1.313609e-15
1.376000e+01 6.150478e-16
1.377000e+01 5.174398e-16
1.378000e+01 7.457710e-16
1.379000e+01 3.107670e-16
1.380000e+01 5.878144e-16
1.381000e+01 5.686329e-16
1.382000e+01 7.803372e-16
1.383000e+01 8.720939e-16
1.384000e+01 6.554380e-16
1.385000e+01 1.610948e-15
1.386000e+01 5.797308e-16
1.387000e+01 6.168486e-16
1.388000e+01 1.030509e-15
1.389000e+01 7.107561e-16
1.390000e+01 5.920525e-16
1.391000e+01 7.153988e-16
1.392000e+01 8.218086e-16
1.393000e+01 4.210921e-16
1.394000e+01 7.473790e-16
1.395000e+01 6.680539e-16
1.396000e+01 4.936114e-16
1.397000e+01 5.920666e-16
1.398000e+01 3.326919e-16
1.399000e+01 6.532615e-16
1.400000e+01 1.586343e-16
1.401000e+01 9.602793e-16
1.402000e+01 9.808493e-16
1.403000e+01 5.124141e-16
1.404000e+01 5.592929e-16
1.405000e+01 5.084115e-16
1.406000e+01 6.725244e-16
1.407000e+01 9.035425e-16
1.408000e+01 1.996269e-16
1.409000e+01 2.307695e-16
1.410000e+01 6.667619e-16
1.411000e+01 6.328441e-16
1.412000e+01 9.981167e-16
1.413000e+01 2.798518e-16
1.414000e+01 5.776856e-16
1.415000e+01 8.517040e-17
1.416000e+01 7.991184e-16
1.417000e+01 1.567551e-16
1.418000e+01 1.129985e-15
1.419000e+01 5.261110e-16
1.420000e+01 6.931033e-16
1.421000e+01 5.979997e-16
1.422000e+01 8.052906e-17
1.423000e+01 4.650976e-16
1.424000e+01 7.560772e-16
1.425000e+01 2.444203e-16
1.426000e+01 8.255278e-16
1.427000e+01 6.678121e-16
1.428000e+01 9.271531e-16
1.429000e+01 9.157613e-16
1.430000e+01 2.530221e-16
1.431000e+01 9.531615e-16
1.432000e+01 6.052961e-17
1.433000e+01 4.120349e-16
1.434000e+01 7.507464e-16
1.435000e+01 7.367362e-16
1.436000e+01 4.532516e-16
1.437000e+01 9.548484e-16
1.438000e+01 6.402891e-16
1.439000e+01 1.635340e-16
1.440000e+01 4.984719e-16
1.441000e+01 3.346022e-16
1.442000e+01 4.615087e-16
1.443000e+01 1.015640e-15
1.444000e+01 2.200294e-16
1.445000e+01 3.445501e-16
1.446000e+01 7.216761e-16
1.447000e+01 9.328743e-16
1.448000e+01 4.739938e-16
1.449000e+01 2.049040e-16
1.450000e+01 1.300693e-16
1.451000e+01 3.223395e-16
1.452000e+01 1.280860e-16
1.453000e+01 4.823123e-16
1.454000e+01 9.649692e-17
1.455000e+01 2.988273e-16
1.456000e+01 5.917907e-16
1.457000e+01 2.153630e-16
1.458000e+01 9.112747e-16
1.459000e+01 6.443096e-16
1.460000e+01 2.090824e-16
1.461000e+01 3.130261e-16
1.462000e+01 3.447750e-16
1.463000e+01 6.076103e-16
1.464000e+01 6.155395e-16
1.465000e+01 7.164765e-16
1.466000e+01 7.428627e-16
1.467000e+01 7.624246e-16
1.468000e+01 3.807372e-16
1.469000e+01 2.369672e-16
1.470000e+01 8.126670e-17
1.471000e+01 1.099271e-15
1.472000e+01 8.308600e-16
1.473000e+01 7.344817e-16
1.474000e+01 9.328168e-16
1.475000e+01 3.308371e-16
1.476000e+01 6.143504e-16
1.477000e+01 4.342972e-17
1.478000e+01 2.045005e-16
1.479000e+01 4.814173e-17
1.480000e+01 3.932911e-16
1.481000e+01 8.005570e-16
1.482000e+01 4.889910e-16
1.483000e+01 6.886134e-16
1.484000e+01 2.994012e-16
1.485000e+01 3.556504e-16
1.486000e+01 5.969871e-16
1.487000e+01 1.949940e-16
1.488000e+01 1.983977e-16
1.489000e+01 6.120424e-16
1.490000e+01 7.240032e-16
1.491000e+01 3.199231e-16
1.492000e+01 7.451171e-16
1.493000e+01 8.545181e-16
1.494000e+01 5.423795e-16
1.495000e+01 1.428650e-15
1.496000e+01 5.255535e-16
1.497000e+01 2.748976e-16
1.498000e+01 6.231993e-16
1.499000e+01 1.658439e-16
1.500000e+01 6.258751e-16
1.501000e+01 6.608163e-16
1.502000e+01 7.478941e-16
1.503000e+01 4.837098e-16
1.504000e+01 4.537673e-16
1.505000e+01 2.955155e-16
1.506000e+01 3.926605e-16
1.507000e+01 2.452150e-16
1.508000e+01 1.144897e-15
1.509000e+01 4.530325e-16
1.510000e+01 1.353630e-16
1.511000e+01 2.710694e-16
1.512000e+01 4.505271e-16
1.513000e+01 4.508703e-16
1.514000e+01 7.085631e-16
1.515000e+01 7.664940e-16
1.516000e+01 6.439312e-16
1.517000e+01 4.999377e-16
1.518000e+01 6.467708e-16
1.519000e+01 2.507664e-16
1.520000e+01 4.592122e-16
1.521000e+01 8.283001e-16
1.522000e+01 1.236228e-16
1.523000e+01 7.261123e-16
1.524000e+01 3.603932e-16
1.525000e+01 8.827498e-16
1.526000e+01 4.162514e-16
1.527000e+01 9.783947e-16
1.528000e+01 1.250993e-16
1.529000e+01 1.197624e-16
1.530000e+01 3.269703e-16
1.531000e+01 4.584925e-16
1.532000e+01 6.700020e-16
1.533000e+01 4.950971e-16
1.534000e+01 2.477855e-16
1.535000e+01 2.092848e-16
1.536000e+01 3.622074e-17
1.537000e+01 8.265882e-16
1.538000e+01 1.506557e-16
1.539000e+01 5.322296e-16
1.540000e+01 1.087315e-16
1.541000e+01 1.941356e-16
1.542000e+01 6.509202e-16
1.543000e+01 5.313854e-16
1.544000e+01 4.244458e-16
1.545000e+01 3.428780e-16
1.546000e+01 4.009107e-16
1.547000e+01 2.484949e-16
1.548000e+01 9.318822e-16
1.549000e+01 7.554980e-16
1.550000e+01 5.031969e-16
1.551000e+01 8.917146e-16
1.552000e+01 6.417377e-16
1.553000e+01 2.891132e-16
1.554000e+01 2.951665e-16
1.555000e+01 5.521090e-16
1.556000e+01 7.917267e-16
1.557000e+01 2.845200e-16
1.558000e+01 3.850487e-16
1.559000e+01 8.345357e-16
1.560000e+01 5.965166e-16
1.561000e+01 1.265056e-16
1.562000e+01 2.114893e-16
1.563000e+01 1.611966e-16
1.564000e+01 2.106497e-16
1.565000e+01 5.893107e-16
1.566000e+01 2.132087e-16
1.567000e+01 5.606531e-16
1.568000e+01 4.870660e-16
1.569000e+01 5.373639e-16
1.570000e+01 1.727566e-16
1.571000e+01 6.191905e-16
1.572000e+01 6.160596e-16
1.573000e+01 7.104405e-16
1.574000e+01 1.580189e-16
1.575000e+01 4.923418e-16
1.576000e+01 1.894387e-16
1.577000e+01 9.520671e-16
1.578000e+01 9.222143e-16
1.579000e+01 1.906474e-16
1.580000e+01 6.503875e-16
1.581000e+01 2.549577e-16
1.582000e+01 6.898558e-16
1.583000e+01 2.472233e-16
1.584000e+01 7.579593e-16
1.585000e+01 5.326001e-16
1.586000e+01 4.918303e-16
1.587000e+01 3.121773e-16
1.588000e+01 2.663149e-16
1.589000e+01 3.527666e-16
1.590000e+01 1.009448e-16
1.591000e+01 6.524381e-16
1.592000e+01 8.782604e-16
1.593000e+01 2.799864e-16
1.594000e+01 1.883462e-16
1.595000e+01 5.026459e-16
1.596000e+01 8.454974e-16
1.597000e+01 5.172592e-16
1.598000e+01 2.573658e-16
1.599000e+01 8.090893e-16
1.600000e+01 6.702711e-16
1.601000e+01 2.087341e-16
1.602000e+01 4.656108e-16
1.603000e+01 3.026042e-16
1.604000e+01 2.640803e-16
1.605000e+01 3.895071e-16
1.606000e+01 2.171547e-16
1.607000e+01 3.259127e-16
1.608000e+01 8.034028e-16
1.609000e+01 2.844317e-16
1.610000e+01 3.491437e-16
1.611000e+01 8.505296e-16
1.612000e+01 5.953255e-16
1.613000e+01 2.219501e-16
1.614000e+01 6.145768e-16
1.615000e+01 4.136261e-16
1.616000e+01 6.540958e-16
1.617000e+01 1.166006e-16
1.618000e+01 1.298855e-16
1.619000e+01 2.858329e-16
1.620000e+01 9.134378e-16
1.621000e+01 4.812900e-16
1.622000e+01 3.102510e-16
1.623000e+01 4.691351e-16
1.624000e+01 6.566157e-16
1.625000e+01 2.243727e-16
1.626000e+01 1.920016e-16
1.627000e+01 5.424158e-16
1.628000e+01 8.423561e-16
1.629000e+01 3.484761e-16
1.630000e+01 1.040084e-15
1.631000e+01 8.787942e-16
1.632000e+01 3.730955e-16
1.633000e+01 1.731402e-16
1.634000e+01 5.080601e-16
1.635000e+01 2.749504e-16
1.636000e+01 4.516458e-16
1.637000e+01 5.792949e-16
1.638000e+01 9.473231e-16
1.639000e+01 8.150244e-16
1.640000e+01 4.976656e-16
1.641000e+01 4.743766e-16
1.642000e+01 1.085915e-16
1.643000e+01 7.403381e-16
1.644000e+01 4.428871e-16
1.645000e+01 4.851406e-16
1.646000e+01 1.136228e-16
1.647000e+01 8.420674e-16
1.648000e+01 4.740323e-16
1.649000e+01 4.169618e-16
1.650000e+01 9.667520e-16
1.651000e+01 2.303779e-16
1.652000e+01 7.126886e-16
1.653000e+01 5.093094e-16
1.654000e+01 3.789661e-16
1.655000e+01 4.894896e-16
1.656000e+01 6.621704e-16
1.657000e+01 4.570912e-16
1.658000e+01 3.489402e-16
1.659000e+01 3.528804e-16
1.660000e+01 5.674796e-16
1.661000e+01 1.938002e-16
1.662000e+01 2.531776e-16
1.663000e+01 7.783419e-16
1.664000e+01 4.341605e-16
1.665000e+01 3.105516e-16
1.666000e+01 7.565442e-16
1.667000e+01 3.634690e-16
1.668000e+01 4.314101e-16
1.669000e+01 2.953816e-16
1.670000e+01 2.464093e-16
1.671000e+01 9.448345e-16
1.672000e+01 8.091768e-16
1.673000e+01 4.890202e-16
1.674000e+01 7.993975e-16
1.675000e+01 9.478715e-16
1.676000e+01 4.612034e-16
1.677000e+01 4.017274e-16
1.678000e+01 2.622701e-16
1.679000e+01 7.269957e-16
1.680000e+01 2.356942e-16
1.681000e+01 2.713993e-16
1.682000e+01 1.129833e-16
1.683000e+01 2.364449e-16
1.684000e+01 7.221754e-16
1.685000e+01 4.646351e-16
1.686000e+01 5.253963e-16
1.687000e+01 5.548234e-16
1.688000e+01 1.772293e-16
1.689000e+01 3.375706e-16
1.690000e+01 6.655844e-16
1.691000e+01 5.296215e-16
1.692000e+01 1.026283e-15
1.693000e+01 3.863314e-16
1.694000e+01 5.896806e-16
1.695000e+01 5.764037e-16
1.696000e+01 6.338661e-16
1.697000e+01 4.266200e-16
1.698000e+01 7.749188e-16
1.699000e+01 6.992816e-16
1.700000e+01 4.092652e-16
1.701000e+01 5.213172e-16
1.702000e+01 8.691750e-16
1.703000e+01 6.156495e-16
1.704000e+01 4.780420e-16
1.705000e+01 3.935967e-16
1.706000e+01 6.727001e-16
1.707000e+01 9.654105e-16
1.708000e+01 5.019678e-17
1.709000e+01 5.228574e-16
1.710000e+01 1.931020e-16
1.711000e+01 3.654806e-16
1.712000e+01 5.299020e-16
1.713000e+01 4.545902e-16
1.714000e+01 2.071397e-16
1.715000e+01 2.975948e-16
1.716000e+01 4.923587e-16
1.717000e+01 5.655234e-16
1.718000e+01 5.051303e-16
1.719000e+01 6.741620e-16
1.720000e+01 2.543619e-16
1.721000e+01 4.096731e-16
1.722000e+01 4.803193e-16
1.723000e+01 6.559399e-16
1.724000e+01 4.623365e-16
1.725000e+01 2.653236e-16
1.726000e+01 7.940150e-17
1.727000e+01 1.364584e-16
1.728000e+01 1.783296e-16
1.729000e+01 3.987534e-16
1.730000e+01 3.273646e-16
1.731000e+01 6.132833e-16
1.732000e+01 2.285425e-16
1.733000e+01 5.276573e-16
1.734000e+01 3.723734e-16
1.735000e+01 1.479967e-16
1.736000e+01 7.515282e-16
1.737000e+01 1.088316e-16
1.738000e+01 6.011157e-16
1.739000e+01 5.531124e-16
1.740000e+01 4.569215e-16
1.741000e+01 6.037960e-16
1.742000e+01 2.771251e-16
1.743000e+01 3.341264e-16
1.744000e+01 8.566894e-16
1.745000e+01 2.229744e-16
1.746000e+01 6.901951e-16
1.747000e+01 9.618653e-16
1.748000e+01 3.155433e-16
1.749000e+01 4.716622e-16
1.750000e+01 4.595538e-16
1.751000e+01 6.590601e-17
1.752000e+01 6.315837e-17
1.753000e+01 2.052751e-16
1.754000e+01 2.476940e-16
1.755000e+01 5.134731e-16
1.756000e+01 8.401875e-16
1.757000e+01 5.748525e-16
1.758000e+01 1.712007e-16
1.759000e+01 4.512252e-16
1.760000e+01 3.449478e-16
1.761000e+01 3.367577e-16
1.762000e+01 3.316743e-16
1.763000e+01 5.303880e-16
1.764000e+01 7.754982e-16
1.765000e+01 3.680551e-16
1.766000e+01 3.259853e-16
1.767000e+01 3.043880e-16
1.768000e+01 2.970073e-16
1.769000e+01 5.632169e-16
1.770000e+01 3.244957e-16
1.771000e+01 6.187699e-16
1.772000e+01 1.766142e-16
1.773000e+01 5.544331e-16
1.774000e+01 5.150522e-16
1.775000e+01 3.298302e-16
1.776000e+01 3.906085e-16
1.777000e+01 3.832425e-16
1.778000e+01 6.585968e-16
1.779000e+01 5.758951e-16
1.780000e+01 5.414862e-16
1.781000e+01 7.433635e-16
1.782000e+01 2.279523e-16
1.783000e+01 1.643990e-16
1.784000e+01 1.310764e-16
1.785000e+01 9.668000e-16
1.786000e+01 4.801992e-16
1.787000e+01 4.837191e-16
1.788000e+01 3.054627e-16
1.789000e+01 3.923425e-16
1.790000e+01 2.613020e-16
1.791000e+01 1.852659e-16
1.792000e+01 4.175026e-16
1.793000e+01 4.120450e-16
1.794000e+01 5.684131e-16
1.795000e+01 3.792426e-16
1.796000e+01 2.690932e-16
1.797000e+01 2.770581e-16
1.798000e+01 5.913643e-16
1.799000e+01 1.905466e-16
1.800000e+01 1.598308e-16
1.801000e+01 4.644877e-16
1.802000e+01 3.182227e-17
1.803000e+01 6.189303e-16
1.804000e+01 1.704630e-16
1.805000e+01 7.612131e-16
1.806000e+01 4.356124e-16
1.807000e+01 5.048959e-16
1.808000e+01 7.734701e-16
1.809000e+01 8.491056e-16
1.810000e+01 6.035215e-16
1.811000e+01 2.828845e-16
1.812000e+01 2.196526e-16
1.813000e+01 3.110160e-16
1.814000e+01 5.101284e-16
1.815000e+01 2.807869e-16
1.816000e+01 5.381727e-16
1.817000e+01 5.917972e-16
1.818000e+01 1.199082e-16
1.819000e+01 3.256303e-16
1.820000e+01 4.765671e-16
1.821000e+01 4.625749e-16
1.822000e+01 4.226620e-16
1.823000e+01 3.342887e-16
1.824000e+01 4.142535e-16
1.825000e+01 1.026912e-15
1.826000e+01 4.132574e-18
1.827000e+01 2.645971e-16
1.828000e+01 6.577186e-16
1.829000e+01 5.578083e-16
1.830000e+01 1.994746e-16
1.831000e+01 4.812635e-16
1.832000e+01 3.380077e-16
1.833000e+01 9.882670e-16
1.834000e+01 1.807265e-16
1.835000e+01 8.136232e-16
1.836000e+01 7.701604e-16
1.837000e+01 2.955997e-16
1.838000e+01 1.736144e-16
1.839000e+01 2.538512e-16
1.840000e+01 5.864008e-16
1.841000e+01 2.435638e-16
1.842000e+01 5.061744e-16
1.843000e+01 2.609641e-16
1.844000e+01 8.847671e-16
1.845000e+01 2.455599e-16
1.846000e+01 3.775084e-16
1.847000e+01 5.670232e-16
1.848000e+01 7.112065e-16
1.849000e+01 2.468891e-16
1.850000e+01 2.206358e-16
1.851000e+01 9.321948e-16
1.852000e+01 9.477488e-16
1.853000e+01 7.608015e-16
1.854000e+01 2.360366e-16
1.855000e+01 6.921610e-16
1.856000e+01 4.345677e-16
1.857000e+01 6.117367e-16
1.858000e+01 2.435322e-16
1.859000e+01 4.440118e-16
1.860000e+01 2.375055e-16
1.861000e+01 1.054177e-16
1.862000e+01 1.237730e-16
1.863000e+01 5.040707e-16
1.864000e+01 4.664098e-16
1.865000e+01 5.254180e-16
1.866000e+01 3.308513e-16
1.867000e+01 2.729872e-16
1.868000e+01 2.870994e-16
1.869000e+01 2.858498e-16
1.870000e+01 5.897518e-16
1.871000e+01 6.253715e-17
1.872000e+01 2.934219e-16
1.873000e+01 2.436541e-16
1.874000e+01 4.222990e-16
1.875000e+01 4.015989e-16
1.876000e+01 4.719580e-16
1.877000e+01 1.386221e-16
1.878000e+01 6.102062e-16
1.879000e+01 3.517063e-16
1.880000e+01 4.247196e-16
1.881000e+01 6.061016e-17
1.882000e+01 5.528046e-16
1.883000e+01 3.619072e-16
1.884000e+01 2.264642e-16
1.885000e+01 3.007304e-16
1.886000e+01 2.562770e-16
1.887000e+01 3.035980e-16
1.888000e+01 6.699634e-16
1.889000e+01 2.747014e-16
1.890000e+01 2.831189e-16
1.891000e+01 2.809336e-16
1.892000e+01 2.983496e-16
1.893000e+01 1.784300e-16
1.894000e+01 3.632507e-16
1.895000e+01 4.848695e-16
1.896000e+01 4.846071e-16
1.897000e+01 3.084293e-16
1.898000e+01 2.007608e-16
1.899000e+01 6.270988e-16
1.900000e+01 2.424471e-16
1.901000e+01 6.450952e-16
1.902000e+01 4.482514e-16
1.903000e+01 3.479107e-16
1.904000e+01 4.187487e-16
1.905000e+01 6.628015e-16
1.906000e+01 3.947901e-16
1.907000e+01 3.568981e-16
1.908000e+01 1.081643e-16
1.909000e+01 5.850361e-16
1.910000e+01 3.090221e-16
1.911000e+01 5.558143e-16
1.912000e+01 3.451734e-17
1.913000e+01 1.836331e-16
1.914000e+01 1.017806e-16
1.915000e+01 1.448778e-16
1.916000e+01 2.603440e-16
1.917000e+01 7.957682e-17
1.918000e+01 3.902252e-16
1.919000e+01 2.900155e-16
1.920000e+01 7.031183e-16
1.921000e+01 8.248650e-16
1.922000e+01 1.029458e-16
1.923000e+01 4.372657e-16
1.924000e+01 6.074515e-16
1.925000e+01 2.610131e-16
1.926000e+01 1.547607e-16
1.927000e+01 2.737393e-16
1.928000e+01 6.105845e-16
1.929000e+01 1.831992e-16
1.930000e+01 5.891043e-16
1.931000e+01 5.761280e-16
1.932000e+01 2.831244e-16
1.933000e+01 3.731683e-16
1.934000e+01 2.259711e-16
1.935000e+01 4.967947e-16
1.936000e+01 4.670293e-16
1.937000e+01 2.962233e-16
1.938000e+01 6.818231e-16
1.939000e+01 5.259237e-16
1.940000e+01 6.456210e-16
1.941000e+01 5.252771e-16
1.942000e+01 7.321381e-16
1.943000e+01 7.708820e-16
1.944000e+01 1.577741e-16
1.945000e+01 4.236819e-16
1.946000e+01 7.559238e-17
1.947000e+01 1.346011e-16
1.948000e+01 4.158180e-16
1.949000e+01 8.032742e-16
1.950000e+01 8.560793e-17
1.951000e+01 2.801235e-16
1.952000e+01 6.901720e-16
1.953000e+01 4.118154e-16
1.954000e+01 7.314184e-16
1.955000e+01 6.656976e-16
1.956000e+01 5.279113e-16
1.957000e+01 3.328144e-16
1.958000e+01 3.761493e-16
1.959000e+01 2.124138e-16
1.960000e+01 2.511299e-16
1.961000e+01 4.628830e-16
1.962000e+01 2.681782e-16
1.963000e+01 1.411473e-16
1.964000e+01 4.853538e-17
1.965000e+01 5.634314e-16
1.966000e+01 2.638741e-16
1.967000e+01 1.212303e-16
1.968000e+01 8.989280e-16
1.969000e+01 7.330395e-17
1.970000e+01 3.913051e-16
1.971000e+01 2.346451e-16
1.972000e+01 1.988951e-16
1.973000e+01 3.025531e-16
1.974000e+01 1.730413e-16
1.975000e+01 7.620057e-17
1.976000e+01 2.365362e-16
1.977000e+01 2.278232e-16
1.978000e+01 7.160181e-16
1.979000e+01 5.143539e-16
1.980000e+01 2.605128e-16
1.981000e+01 4.207640e-16
1.982000e+01 1.227908e-16
1.983000e+01 2.360302e-16
1.984000e+01 5.050653e-16
1.985000e+01 3.780800e-16
1.986000e+01 3.856731e-16
1.987000e+01 4.691104e-16
1.988000e+01 4.281750e-16
1.989000e+01 2.614730e-16
1.990000e+01 2.907327e-16
1.991000e+01 9.051575e-17
1.992000e+01 5.864062e-16
1.993000e+01 5.557588e-16
1.994000e+01 3.368382e-16
1.995000e+01 9.826142e-17
1.996000e+01 1.084964e-16
1.997000e+01 2.858102e-16
1.998000e+01 8.318760e-17
1.999000e+01 7.162727e-88
