2.000000e-02 1.884299e+00
4.000000e-02 1.884115e+00
6.000000e-02 1.883628e+00
8.000000e-02 1.882838e+00
1.000000e-01 1.881747e+00
1.200000e-01 1.880356e+00
1.400000e-01 1.878666e+00
1.600000e-01 1.876681e+00
1.800000e-01 1.874402e+00
2.000000e-01 1.871833e+00
2.200000e-01 1.868977e+00
2.400000e-01 1.865837e+00
2.600000e-01 1.862420e+00
2.800000e-01 1.858728e+00
3.000000e-01 1.854767e+00
3.200000e-01 1.850542e+00
3.400000e-01 1.846060e+00
3.600000e-01 1.841326e+00
3.800000e-01 1.836348e+00
4.000000e-01 1.831132e+00
4.200000e-01 1.825686e+00
4.400000e-01 1.820018e+00
4.600000e-01 1.814135e+00
4.800000e-01 1.808048e+00
5.000000e-01 1.801765e+00
5.200000e-01 1.795296e+00
5.400000e-01 1.788650e+00
5.600000e-01 1.781838e+00
5.800000e-01 1.774870e+00
6.000000e-01 1.767759e+00
6.200000e-01 1.760515e+00
6.400000e-01 1.753151e+00
6.600000e-01 1.745678e+00
6.800000e-01 1.738110e+00
7.000000e-01 1.730460e+00
7.200000e-01 1.722740e+00
7.400000e-01 1.714965e+00
7.600000e-01 1.707149e+00
7.800000e-01 1.699305e+00
8.000000e-01 1.691450e+00
8.200000e-01 1.683596e+00
8.400000e-01 1.675761e+00
8.600000e-01 1.667958e+00
8.800000e-01 1.660204e+00
9.000000e-01 1.652514e+00
9.200000e-01 1.644903e+00
9.400000e-01 1.637388e+00
9.600000e-01 1.629985e+00
9.800000e-01 1.622709e+00
1.000000e+00 1.615576e+00
1.020000e+00 1.608601e+00
1.040000e+00 1.601801e+00
1.060000e+00 1.595190e+00
1.080000e+00 1.588784e+00
1.100000e+00 1.582598e+00
1.120000e+00 1.576645e+00
1.140000e+00 1.570941e+00
1.160000e+00 1.565499e+00
1.180000e+00 1.560332e+00
1.200000e+00 1.555452e+00
1.220000e+00 1.550872e+00
1.240000e+00 1.546602e+00
1.260000e+00 1.542655e+00
1.280000e+00 1.539039e+00
1.300000e+00 1.535763e+00
1.320000e+00 1.532837e+00
1.340000e+00 1.530266e+00
1.360000e+00 1.528059e+00
1.380000e+00 1.526220e+00
1.400000e+00 1.524754e+00
1.420000e+00 1.523664e+00
1.440000e+00 1.522954e+00
1.460000e+00 1.522624e+00
1.480000e+00 1.522676e+00
1.500000e+00 1.523109e+00
1.520000e+00 1.523921e+00
1.540000e+00 1.525111e+00
1.560000e+00 1.526674e+00
1.580000e+00 1.528606e+00
1.600000e+00 1.530903e+00
1.620000e+00 1.533557e+00
1.640000e+00 1.536561e+00
1.660000e+00 1.539908e+00
1.680000e+00 1.543589e+00
1.700000e+00 1.547594e+00
1.720000e+00 1.551913e+00
1.740000e+00 1.556535e+00
1.760000e+00 1.561449e+00
1.780000e+00 1.566642e+00
1.800000e+00 1.572101e+00
1.820000e+00 1.577814e+00
1.840000e+00 1.583767e+00
1.860000e+00 1.589946e+00
1.880000e+00 1.596337e+00
1.900000e+00 1.602925e+00
1.920000e+00 1.609695e+00
1.940000e+00 1.616633e+00
1.960000e+00 1.623724e+00
1.980000e+00 1.630952e+00
2.000000e+00 1.638301e+00
2.020000e+00 1.645758e+00
2.040000e+00 1.653305e+00
2.060000e+00 1.660929e+00
2.080000e+00 1.668615e+00
2.100000e+00 1.676346e+00
2.120000e+00 1.684108e+00
2.140000e+00 1.691887e+00
2.160000e+00 1.699668e+00
2.180000e+00 1.707437e+00
2.200000e+00 1.715179e+00
2.220000e+00 1.722881e+00
2.240000e+00 1.730529e+00
2.260000e+00 1.738110e+00
2.280000e+00 1.745610e+00
2.300000e+00 1.753018e+00
2.320000e+00 1.760321e+00
2.340000e+00 1.767507e+00
2.360000e+00 1.774564e+00
2.380000e+00 1.781481e+00
2.400000e+00 1.788246e+00
2.420000e+00 1.794850e+00
2.440000e+00 1.801282e+00
2.460000e+00 1.807532e+00
2.480000e+00 1.813591e+00
2.500000e+00 1.819449e+00
2.520000e+00 1.825098e+00
2.540000e+00 1.830530e+00
2.560000e+00 1.835736e+00
2.580000e+00 1.840709e+00
2.600000e+00 1.845441e+00
2.620000e+00 1.849927e+00
2.640000e+00 1.854160e+00
2.660000e+00 1.858133e+00
2.680000e+00 1.861841e+00
2.700000e+00 1.865279e+00
2.720000e+00 1.868443e+00
2.740000e+00 1.871327e+00
2.760000e+00 1.873927e+00
2.780000e+00 1.876241e+00
2.800000e+00 1.878265e+00
2.820000e+00 1.879996e+00
2.840000e+00 1.881431e+00
2.860000e+00 1.882569e+00
2.880000e+00 1.883408e+00
2.900000e+00 1.883947e+00
2.920000e+00 1.884185e+00
2.940000e+00 1.884121e+00
2.960000e+00 1.883755e+00
2.980000e+00 1.883088e+00
3.000000e+00 1.882120e+00
3.020000e+00 1.880853e+00
3.040000e+00 1.879288e+00
3.060000e+00 1.877426e+00
3.080000e+00 1.875271e+00
3.100000e+00 1.872824e+00
3.120000e+00 1.870090e+00
3.140000e+00 1.867070e+00
3.160000e+00 1.863770e+00
3.180000e+00 1.860193e+00
3.200000e+00 1.856345e+00
3.220000e+00 1.852230e+00
3.240000e+00 1.847853e+00
3.260000e+00 1.843221e+00
3.280000e+00 1.838340e+00
3.300000e+00 1.833217e+00
3.320000e+00 1.827858e+00
3.340000e+00 1.822272e+00
3.360000e+00 1.816466e+00
3.380000e+00 1.810448e+00
3.400000e+00 1.804228e+00
3.420000e+00 1.797814e+00
3.440000e+00 1.791217e+00
3.460000e+00 1.784445e+00
3.480000e+00 1.777510e+00
3.500000e+00 1.770423e+00
3.520000e+00 1.763194e+00
3.540000e+00 1.755836e+00
3.560000e+00 1.748360e+00
3.580000e+00 1.740779e+00
3.600000e+00 1.733106e+00
3.620000e+00 1.725353e+00
3.640000e+00 1.717535e+00
3.660000e+00 1.709666e+00
3.680000e+00 1.701759e+00
3.700000e+00 1.693830e+00
3.720000e+00 1.685893e+00
3.740000e+00 1.677964e+00
3.760000e+00 1.670058e+00
3.780000e+00 1.662190e+00
3.800000e+00 1.654378e+00
3.820000e+00 1.646637e+00
3.840000e+00 1.638983e+00
3.860000e+00 1.631433e+00
3.880000e+00 1.624003e+00
3.900000e+00 1.616711e+00
3.920000e+00 1.609571e+00
3.940000e+00 1.602601e+00
3.960000e+00 1.595818e+00
3.980000e+00 1.589236e+00
4.000000e+00 1.582873e+00
4.020000e+00 1.576743e+00
4.040000e+00 1.570862e+00
4.060000e+00 1.565245e+00
4.080000e+00 1.559905e+00
4.100000e+00 1.554857e+00
4.120000e+00 1.550114e+00
4.140000e+00 1.545687e+00
4.160000e+00 1.541589e+00
4.180000e+00 1.537830e+00
4.200000e+00 1.534420e+00
4.220000e+00 1.531368e+00
4.240000e+00 1.528682e+00
4.260000e+00 1.526369e+00
4.280000e+00 1.524435e+00
4.300000e+00 1.522885e+00
4.320000e+00 1.521723e+00
4.340000e+00 1.520951e+00
4.360000e+00 1.520571e+00
4.380000e+00 1.520583e+00
4.400000e+00 1.520987e+00
4.420000e+00 1.521781e+00
4.440000e+00 1.522961e+00
4.460000e+00 1.524525e+00
4.480000e+00 1.526467e+00
4.500000e+00 1.528782e+00
4.520000e+00 1.531461e+00
4.540000e+00 1.534498e+00
4.560000e+00 1.537884e+00
4.580000e+00 1.541608e+00
4.600000e+00 1.545662e+00
4.620000e+00 1.550034e+00
4.640000e+00 1.554711e+00
4.660000e+00 1.559683e+00
4.680000e+00 1.564935e+00
4.700000e+00 1.570455e+00
4.720000e+00 1.576229e+00
4.740000e+00 1.582243e+00
4.760000e+00 1.588481e+00
4.780000e+00 1.594930e+00
4.800000e+00 1.601575e+00
4.820000e+00 1.608399e+00
4.840000e+00 1.615388e+00
4.860000e+00 1.622527e+00
4.880000e+00 1.629800e+00
4.900000e+00 1.637191e+00
4.920000e+00 1.644685e+00
4.940000e+00 1.652267e+00
4.960000e+00 1.659921e+00
4.980000e+00 1.667632e+00
5.000000e+00 1.675386e+00
5.020000e+00 1.683168e+00
5.040000e+00 1.690962e+00
5.060000e+00 1.698755e+00
5.080000e+00 1.706532e+00
5.100000e+00 1.714280e+00
5.120000e+00 1.721984e+00
5.140000e+00 1.729633e+00
5.160000e+00 1.737212e+00
5.180000e+00 1.744709e+00
5.200000e+00 1.752112e+00
5.220000e+00 1.759408e+00
5.240000e+00 1.766586e+00
5.260000e+00 1.773635e+00
5.280000e+00 1.780544e+00
5.300000e+00 1.787301e+00
5.320000e+00 1.793897e+00
5.340000e+00 1.800322e+00
5.360000e+00 1.806567e+00
5.380000e+00 1.812621e+00
5.400000e+00 1.818476e+00
5.420000e+00 1.824125e+00
5.440000e+00 1.829558e+00
5.460000e+00 1.834768e+00
5.480000e+00 1.839749e+00
5.500000e+00 1.844492e+00
5.520000e+00 1.848991e+00
5.540000e+00 1.853240e+00
5.560000e+00 1.857234e+00
5.580000e+00 1.860967e+00
5.600000e+00 1.864433e+00
5.620000e+00 1.867629e+00
5.640000e+00 1.870549e+00
5.660000e+00 1.873190e+00
5.680000e+00 1.875549e+00
5.700000e+00 1.877622e+00
5.720000e+00 1.879406e+00
5.740000e+00 1.880899e+00
5.760000e+00 1.882098e+00
5.780000e+00 1.883003e+00
5.800000e+00 1.883612e+00
5.820000e+00 1.883924e+00
5.840000e+00 1.883938e+00
5.860000e+00 1.883654e+00
5.880000e+00 1.883073e+00
5.900000e+00 1.882194e+00
5.920000e+00 1.881020e+00
5.940000e+00 1.879550e+00
5.960000e+00 1.877788e+00
5.980000e+00 1.875735e+00
6.000000e+00 1.873393e+00
6.020000e+00 1.870765e+00
6.040000e+00 1.867856e+00
6.060000e+00 1.864667e+00
6.080000e+00 1.861204e+00
6.100000e+00 1.857471e+00
6.120000e+00 1.853472e+00
6.140000e+00 1.849213e+00
6.160000e+00 1.844699e+00
6.180000e+00 1.839937e+00
6.200000e+00 1.834932e+00
6.220000e+00 1.829692e+00
6.240000e+00 1.824224e+00
6.260000e+00 1.818534e+00
6.280000e+00 1.812632e+00
6.300000e+00 1.806526e+00
6.320000e+00 1.800224e+00
6.340000e+00 1.793736e+00
6.360000e+00 1.787071e+00
6.380000e+00 1.780239e+00
6.400000e+00 1.773250e+00
6.420000e+00 1.766116e+00
6.440000e+00 1.758847e+00
6.460000e+00 1.751455e+00
6.480000e+00 1.743951e+00
6.500000e+00 1.736349e+00
6.520000e+00 1.728661e+00
6.540000e+00 1.720900e+00
6.560000e+00 1.713079e+00
6.580000e+00 1.705212e+00
6.600000e+00 1.697313e+00
6.620000e+00 1.689396e+00
6.640000e+00 1.681477e+00
6.660000e+00 1.673570e+00
6.680000e+00 1.665690e+00
6.700000e+00 1.657854e+00
6.720000e+00 1.650076e+00
6.740000e+00 1.642373e+00
6.760000e+00 1.634761e+00
6.780000e+00 1.627255e+00
6.800000e+00 1.619874e+00
6.820000e+00 1.612631e+00
6.840000e+00 1.605546e+00
6.860000e+00 1.598632e+00
6.880000e+00 1.591908e+00
6.900000e+00 1.585388e+00
6.920000e+00 1.579090e+00
6.940000e+00 1.573028e+00
6.960000e+00 1.567219e+00
6.980000e+00 1.561676e+00
7.000000e+00 1.556415e+00
7.020000e+00 1.551450e+00
7.040000e+00 1.546794e+00
7.060000e+00 1.542459e+00
7.080000e+00 1.538459e+00
7.100000e+00 1.534804e+00
7.120000e+00 1.531505e+00
7.140000e+00 1.528571e+00
7.160000e+00 1.526010e+00
7.180000e+00 1.523831e+00
7.200000e+00 1.522038e+00
7.220000e+00 1.520639e+00
7.240000e+00 1.519636e+00
7.260000e+00 1.519033e+00
7.280000e+00 1.518831e+00
7.300000e+00 1.519030e+00
7.320000e+00 1.519631e+00
7.340000e+00 1.520630e+00
7.360000e+00 1.522025e+00
7.380000e+00 1.523811e+00
7.400000e+00 1.525983e+00
7.420000e+00 1.528535e+00
7.440000e+00 1.531458e+00
7.460000e+00 1.534744e+00
7.480000e+00 1.538383e+00
7.500000e+00 1.542365e+00
7.520000e+00 1.546679e+00
7.540000e+00 1.551313e+00
7.560000e+00 1.556253e+00
7.580000e+00 1.561487e+00
7.600000e+00 1.567000e+00
7.620000e+00 1.572778e+00
7.640000e+00 1.578807e+00
7.660000e+00 1.585071e+00
7.680000e+00 1.591555e+00
7.700000e+00 1.598243e+00
7.720000e+00 1.605119e+00
7.740000e+00 1.612167e+00
7.760000e+00 1.619370e+00
7.780000e+00 1.626714e+00
7.800000e+00 1.634180e+00
7.820000e+00 1.641755e+00
7.840000e+00 1.649421e+00
7.860000e+00 1.657162e+00
7.880000e+00 1.664963e+00
7.900000e+00 1.672808e+00
7.920000e+00 1.680683e+00
7.940000e+00 1.688571e+00
7.960000e+00 1.696458e+00
7.980000e+00 1.704329e+00
8.000000e+00 1.712170e+00
