0.000000e+00 1.740390e-01
1.000000e-02 1.740390e-01
2.000000e-02 1.740351e-01
3.000000e-02 1.740286e-01
4.000000e-02 1.740195e-01
5.000000e-02 1.740078e-01
6.000000e-02 1.739935e-01
7.000000e-02 1.739765e-01
8.000000e-02 1.739570e-01
9.000000e-02 1.739349e-01
1.000000e-01 1.739101e-01
1.100000e-01 1.738827e-01
1.200000e-01 1.738528e-01
1.300000e-01 1.738202e-01
1.400000e-01 1.737850e-01
1.500000e-01 1.737471e-01
1.600000e-01 1.737067e-01
1.700000e-01 1.736636e-01
1.800000e-01 1.736178e-01
1.900000e-01 1.735695e-01
2.000000e-01 1.735185e-01
2.100000e-01 1.734649e-01
2.200000e-01 1.734086e-01
2.300000e-01 1.733497e-01
2.400000e-01 1.732881e-01
2.500000e-01 1.732238e-01
2.600000e-01 1.731569e-01
2.700000e-01 1.730873e-01
2.800000e-01 1.730151e-01
2.900000e-01 1.729402e-01
3.000000e-01 1.728625e-01
3.100000e-01 1.727822e-01
3.200000e-01 1.726992e-01
3.300000e-01 1.726135e-01
3.400000e-01 1.725251e-01
3.500000e-01 1.724339e-01
3.600000e-01 1.723401e-01
3.700000e-01 1.722435e-01
3.800000e-01 1.721441e-01
3.900000e-01 1.720421e-01
4.000000e-01 1.719372e-01
4.100000e-01 1.718296e-01
4.200000e-01 1.717192e-01
4.300000e-01 1.716061e-01
4.400000e-01 1.714901e-01
4.500000e-01 1.713714e-01
4.600000e-01 1.712498e-01
4.700000e-01 1.711254e-01
4.800000e-01 1.709982e-01
4.900000e-01 1.708682e-01
5.000000e-01 1.707353e-01
5.100000e-01 1.705996e-01
5.200000e-01 1.704610e-01
5.300000e-01 1.703195e-01
5.400000e-01 1.701751e-01
5.500000e-01 1.700278e-01
5.600000e-01 1.698776e-01
5.700000e-01 1.697244e-01
5.800000e-01 1.695684e-01
5.900000e-01 1.694093e-01
6.000000e-01 1.692473e-01
6.100000e-01 1.690824e-01
6.200000e-01 1.689144e-01
6.300000e-01 1.687434e-01
6.400000e-01 1.685694e-01
6.500000e-01 1.683924e-01
6.600000e-01 1.682123e-01
6.700000e-01 1.680292e-01
6.800000e-01 1.678429e-01
6.900000e-01 1.676536e-01
7.000000e-01 1.674612e-01
7.100000e-01 1.672656e-01
7.200000e-01 1.670669e-01
7.300000e-01 1.668651e-01
7.400000e-01 1.666600e-01
7.500000e-01 1.664518e-01
7.600000e-01 1.662403e-01
7.700000e-01 1.660257e-01
7.800000e-01 1.658077e-01
7.900000e-01 1.655865e-01
8.000000e-01 1.653621e-01
8.100000e-01 1.651343e-01
8.200000e-01 1.649032e-01
8.300000e-01 1.646687e-01
8.400000e-01 1.644309e-01
8.500000e-01 1.641897e-01
8.600000e-01 1.639451e-01
8.700000e-01 1.636971e-01
8.800000e-01 1.634457e-01
8.900000e-01 1.631907e-01
9.000000e-01 1.629323e-01
9.100000e-01 1.626704e-01
9.200000e-01 1.624049e-01
9.300000e-01 1.621359e-01
9.400000e-01 1.618633e-01
9.500000e-01 1.615871e-01
9.600000e-01 1.613072e-01
9.700000e-01 1.610237e-01
9.800000e-01 1.607366e-01
9.900000e-01 1.604457e-01
1.000000e+00 1.601511e-01
1.010000e+00 1.598528e-01
1.020000e+00 1.595507e-01
1.030000e+00 1.592448e-01
1.040000e+00 1.589351e-01
1.050000e+00 1.586215e-01
1.060000e+00 1.583041e-01
1.070000e+00 1.579827e-01
1.080000e+00 1.576574e-01
1.090000e+00 1.573282e-01
1.100000e+00 1.569949e-01
1.110000e+00 1.566577e-01
1.120000e+00 1.563164e-01
1.130000e+00 1.559711e-01
1.140000e+00 1.556216e-01
1.150000e+00 1.552681e-01
1.160000e+00 1.549103e-01
1.170000e+00 1.545485e-01
1.180000e+00 1.541823e-01
1.190000e+00 1.538120e-01
1.200000e+00 1.534374e-01
1.210000e+00 1.530585e-01
1.220000e+00 1.526752e-01
1.230000e+00 1.522877e-01
1.240000e+00 1.518957e-01
1.250000e+00 1.514993e-01
1.260000e+00 1.510985e-01
1.270000e+00 1.506932e-01
1.280000e+00 1.502834e-01
1.290000e+00 1.498691e-01
1.300000e+00 1.494502e-01
1.310000e+00 1.490267e-01
1.320000e+00 1.485986e-01
1.330000e+00 1.481659e-01
1.340000e+00 1.477285e-01
1.350000e+00 1.472864e-01
1.360000e+00 1.468395e-01
1.370000e+00 1.463879e-01
1.380000e+00 1.459315e-01
1.390000e+00 1.454703e-01
1.400000e+00 1.450043e-01
1.410000e+00 1.445333e-01
1.420000e+00 1.440575e-01
1.430000e+00 1.435768e-01
1.440000e+00 1.430911e-01
1.450000e+00 1.426004e-01
1.460000e+00 1.421048e-01
1.470000e+00 1.416041e-01
1.480000e+00 1.410984e-01
1.490000e+00 1.405876e-01
1.500000e+00 1.400717e-01
1.510000e+00 1.395507e-01
1.520000e+00 1.390245e-01
1.530000e+00 1.384932e-01
1.540000e+00 1.379568e-01
1.550000e+00 1.374151e-01
1.560000e+00 1.368682e-01
1.570000e+00 1.363161e-01
1.580000e+00 1.357588e-01
1.590000e+00 1.351962e-01
1.600000e+00 1.346283e-01
1.610000e+00 1.340551e-01
1.620000e+00 1.334767e-01
1.630000e+00 1.328929e-01
1.640000e+00 1.323038e-01
1.650000e+00 1.317094e-01
1.660000e+00 1.311097e-01
1.670000e+00 1.305046e-01
1.680000e+00 1.298942e-01
1.690000e+00 1.292784e-01
1.700000e+00 1.286574e-01
1.710000e+00 1.280309e-01
1.720000e+00 1.273992e-01
1.730000e+00 1.267621e-01
1.740000e+00 1.261196e-01
1.750000e+00 1.254719e-01
1.760000e+00 1.248189e-01
1.770000e+00 1.241605e-01
1.780000e+00 1.234969e-01
1.790000e+00 1.228280e-01
1.800000e+00 1.221539e-01
1.810000e+00 1.214745e-01
1.820000e+00 1.207900e-01
1.830000e+00 1.201002e-01
1.840000e+00 1.194054e-01
1.850000e+00 1.187053e-01
1.860000e+00 1.180002e-01
1.870000e+00 1.172901e-01
1.880000e+00 1.165749e-01
1.890000e+00 1.158547e-01
1.900000e+00 1.151296e-01
1.910000e+00 1.143996e-01
1.920000e+00 1.136648e-01
1.930000e+00 1.129251e-01
1.940000e+00 1.121807e-01
1.950000e+00 1.114317e-01
1.960000e+00 1.106779e-01
1.970000e+00 1.099196e-01
1.980000e+00 1.091568e-01
1.990000e+00 1.083895e-01
2.000000e+00 1.076179e-01
2.010000e+00 1.068419e-01
2.020000e+00 1.060617e-01
2.030000e+00 1.052774e-01
2.040000e+00 1.044890e-01
2.050000e+00 1.036965e-01
2.060000e+00 1.029002e-01
2.070000e+00 1.021001e-01
2.080000e+00 1.012962e-01
2.090000e+00 1.004887e-01
2.100000e+00 9.967760e-02
2.110000e+00 9.886311e-02
2.120000e+00 9.804527e-02
2.130000e+00 9.722421e-02
2.140000e+00 9.640002e-02
2.150000e+00 9.557281e-02
2.160000e+00 9.474271e-02
2.170000e+00 9.390982e-02
2.180000e+00 9.307427e-02
2.190000e+00 9.223618e-02
2.200000e+00 9.139566e-02
2.210000e+00 9.055285e-02
2.220000e+00 8.970788e-02
2.230000e+00 8.886087e-02
2.240000e+00 8.801196e-02
2.250000e+00 8.716128e-02
2.260000e+00 8.630898e-02
2.270000e+00 8.545518e-02
2.280000e+00 8.460005e-02
2.290000e+00 8.374370e-02
2.300000e+00 8.288630e-02
2.310000e+00 8.202799e-02
2.320000e+00 8.116891e-02
2.330000e+00 8.030923e-02
2.340000e+00 7.944908e-02
2.350000e+00 7.858862e-02
2.360000e+00 7.772801e-02
2.370000e+00 7.686740e-02
2.380000e+00 7.600695e-02
2.390000e+00 7.514682e-02
2.400000e+00 7.428716e-02
2.410000e+00 7.342813e-02
2.420000e+00 7.256989e-02
2.430000e+00 7.171260e-02
2.440000e+00 7.085643e-02
2.450000e+00 7.000152e-02
2.460000e+00 6.914805e-02
2.470000e+00 6.829617e-02
2.480000e+00 6.744605e-02
2.490000e+00 6.659783e-02
2.500000e+00 6.575169e-02
2.510000e+00 6.490778e-02
2.520000e+00 6.406625e-02
2.530000e+00 6.322728e-02
2.540000e+00 6.239100e-02
2.550000e+00 6.155759e-02
2.560000e+00 6.072719e-02
2.570000e+00 5.989995e-02
2.580000e+00 5.907603e-02
2.590000e+00 5.825559e-02
2.600000e+00 5.743875e-02
2.610000e+00 5.662569e-02
2.620000e+00 5.581653e-02
2.630000e+00 5.501142e-02
2.640000e+00 5.421051e-02
2.650000e+00 5.341393e-02
2.660000e+00 5.262182e-02
2.670000e+00 5.183431e-02
2.680000e+00 5.105154e-02
2.690000e+00 5.027363e-02
2.700000e+00 4.950071e-02
2.710000e+00 4.873291e-02
2.720000e+00 4.797034e-02
2.730000e+00 4.721313e-02
2.740000e+00 4.646138e-02
2.750000e+00 4.571522e-02
2.760000e+00 4.497475e-02
2.770000e+00 4.424008e-02
2.780000e+00 4.351130e-02
2.790000e+00 4.278852e-02
2.800000e+00 4.207184e-02
2.810000e+00 4.136135e-02
2.820000e+00 4.065713e-02
2.830000e+00 3.995927e-02
2.840000e+00 3.926786e-02
2.850000e+00 3.858298e-02
2.860000e+00 3.790469e-02
2.870000e+00 3.723308e-02
2.880000e+00 3.656820e-02
2.890000e+00 3.591013e-02
2.900000e+00 3.525893e-02
2.910000e+00 3.461464e-02
2.920000e+00 3.397733e-02
2.930000e+00 3.334705e-02
2.940000e+00 3.272384e-02
2.950000e+00 3.210775e-02
2.960000e+00 3.149882e-02
2.970000e+00 3.089707e-02
2.980000e+00 3.030255e-02
2.990000e+00 2.971528e-02
3.000000e+00 2.913529e-02
3.010000e+00 2.856259e-02
3.020000e+00 2.799722e-02
3.030000e+00 2.743918e-02
3.040000e+00 2.688849e-02
3.050000e+00 2.634514e-02
3.060000e+00 2.580916e-02
3.070000e+00 2.528054e-02
3.080000e+00 2.475928e-02
3.090000e+00 2.424537e-02
3.100000e+00 2.373881e-02
3.110000e+00 2.323959e-02
3.120000e+00 2.274770e-02
3.130000e+00 2.226311e-02
3.140000e+00 2.178581e-02
3.150000e+00 2.131579e-02
3.160000e+00 2.085300e-02
3.170000e+00 2.039744e-02
3.180000e+00 1.994906e-02
3.190000e+00 1.950784e-02
3.200000e+00 1.907374e-02
3.210000e+00 1.864672e-02
3.220000e+00 1.822676e-02
3.230000e+00 1.781380e-02
3.240000e+00 1.740780e-02
3.250000e+00 1.700871e-02
3.260000e+00 1.661650e-02
3.270000e+00 1.623111e-02
3.280000e+00 1.585249e-02
3.290000e+00 1.548059e-02
3.300000e+00 1.511535e-02
3.310000e+00 1.475672e-02
3.320000e+00 1.440463e-02
3.330000e+00 1.405904e-02
3.340000e+00 1.371988e-02
3.350000e+00 1.338709e-02
3.360000e+00 1.306060e-02
3.370000e+00 1.274036e-02
3.380000e+00 1.242629e-02
3.390000e+00 1.211833e-02
3.400000e+00 1.181642e-02
3.410000e+00 1.152048e-02
3.420000e+00 1.123045e-02
3.430000e+00 1.094625e-02
3.440000e+00 1.066782e-02
3.450000e+00 1.039508e-02
3.460000e+00 1.012797e-02
3.470000e+00 9.866405e-03
3.480000e+00 9.610319e-03
3.490000e+00 9.359638e-03
3.500000e+00 9.114288e-03
3.510000e+00 8.874195e-03
3.520000e+00 8.639284e-03
3.530000e+00 8.409482e-03
3.540000e+00 8.184714e-03
3.550000e+00 7.964905e-03
3.560000e+00 7.749981e-03
3.570000e+00 7.539866e-03
3.580000e+00 7.334487e-03
3.590000e+00 7.133768e-03
3.600000e+00 6.937635e-03
3.610000e+00 6.746013e-03
3.620000e+00 6.558829e-03
3.630000e+00 6.376008e-03
3.640000e+00 6.197477e-03
3.650000e+00 6.023163e-03
3.660000e+00 5.852992e-03
3.670000e+00 5.686892e-03
3.680000e+00 5.524791e-03
3.690000e+00 5.366617e-03
3.700000e+00 5.212298e-03
3.710000e+00 5.061764e-03
3.720000e+00 4.914944e-03
3.730000e+00 4.771769e-03
3.740000e+00 4.632170e-03
3.750000e+00 4.496077e-03
3.760000e+00 4.363423e-03
3.770000e+00 4.234141e-03
3.780000e+00 4.108163e-03
3.790000e+00 3.985425e-03
3.800000e+00 3.865860e-03
3.810000e+00 3.749403e-03
3.820000e+00 3.635992e-03
3.830000e+00 3.525562e-03
3.840000e+00 3.418051e-03
3.850000e+00 3.313398e-03
3.860000e+00 3.211542e-03
3.870000e+00 3.112422e-03
3.880000e+00 3.015979e-03
3.890000e+00 2.922155e-03
3.900000e+00 2.830892e-03
3.910000e+00 2.742132e-03
3.920000e+00 2.655820e-03
3.930000e+00 2.571901e-03
3.940000e+00 2.490319e-03
3.950000e+00 2.411022e-03
3.960000e+00 2.333956e-03
3.970000e+00 2.259069e-03
3.980000e+00 2.186311e-03
3.990000e+00 2.115630e-03
4.000000e+00 2.046978e-03
4.010000e+00 1.980305e-03
4.020000e+00 1.915564e-03
4.030000e+00 1.852708e-03
4.040000e+00 1.791690e-03
4.050000e+00 1.732465e-03
4.060000e+00 1.674988e-03
4.070000e+00 1.619217e-03
4.080000e+00 1.565107e-03
4.090000e+00 1.512617e-03
4.100000e+00 1.461705e-03
4.110000e+00 1.412331e-03
4.120000e+00 1.364455e-03
4.130000e+00 1.318038e-03
4.140000e+00 1.273042e-03
4.150000e+00 1.229429e-03
4.160000e+00 1.187163e-03
4.170000e+00 1.146208e-03
4.180000e+00 1.106528e-03
4.190000e+00 1.068090e-03
4.200000e+00 1.030859e-03
4.210000e+00 9.948032e-04
4.220000e+00 9.598895e-04
4.230000e+00 9.260866e-04
4.240000e+00 8.933637e-04
4.250000e+00 8.616905e-04
4.260000e+00 8.310377e-04
4.270000e+00 8.013764e-04
4.280000e+00 7.726784e-04
4.290000e+00 7.449162e-04
4.300000e+00 7.180631e-04
4.310000e+00 6.920927e-04
4.320000e+00 6.669794e-04
4.330000e+00 6.426983e-04
4.340000e+00 6.192250e-04
4.350000e+00 5.965356e-04
4.360000e+00 5.746070e-04
4.370000e+00 5.534165e-04
4.380000e+00 5.329420e-04
4.390000e+00 5.131620e-04
4.400000e+00 4.940556e-04
4.410000e+00 4.756022e-04
4.420000e+00 4.577819e-04
4.430000e+00 4.405754e-04
4.440000e+00 4.239637e-04
4.450000e+00 4.079284e-04
4.460000e+00 3.924516e-04
4.470000e+00 3.775159e-04
4.480000e+00 3.631042e-04
4.490000e+00 3.492000e-04
4.500000e+00 3.357873e-04
4.510000e+00 3.228503e-04
4.520000e+00 3.103739e-04
4.530000e+00 2.983434e-04
4.540000e+00 2.867442e-04
4.550000e+00 2.755625e-04
4.560000e+00 2.647845e-04
4.570000e+00 2.543973e-04
4.580000e+00 2.443878e-04
4.590000e+00 2.347436e-04
4.600000e+00 2.254527e-04
4.610000e+00 2.165033e-04
4.620000e+00 2.078839e-04
4.630000e+00 1.995836e-04
4.640000e+00 1.915915e-04
4.650000e+00 1.838972e-04
4.660000e+00 1.764906e-04
4.670000e+00 1.693619e-04
4.680000e+00 1.625016e-04
4.690000e+00 1.559004e-04
4.700000e+00 1.495493e-04
4.710000e+00 1.434398e-04
4.720000e+00 1.375633e-04
4.730000e+00 1.319118e-04
4.740000e+00 1.264774e-04
4.750000e+00 1.212523e-04
4.760000e+00 1.162292e-04
4.770000e+00 1.114009e-04
4.780000e+00 1.067605e-04
4.790000e+00 1.023012e-04
4.800000e+00 9.801656e-05
4.810000e+00 9.390023e-05
4.820000e+00 8.994613e-05
4.830000e+00 8.614836e-05
4.840000e+00 8.250121e-05
4.850000e+00 7.899918e-05
4.860000e+00 7.563692e-05
4.870000e+00 7.240927e-05
4.880000e+00 6.931125e-05
4.890000e+00 6.633803e-05
4.900000e+00 6.348497e-05
4.910000e+00 6.074755e-05
4.920000e+00 5.812144e-05
4.930000e+00 5.560243e-05
4.940000e+00 5.318646e-05
4.950000e+00 5.086962e-05
4.960000e+00 4.864814e-05
4.970000e+00 4.651835e-05
4.980000e+00 4.447674e-05
4.990000e+00 4.251990e-05
5.000000e+00 4.064457e-05
5.010000e+00 3.884757e-05
5.020000e+00 3.712585e-05
5.030000e+00 3.547647e-05
5.040000e+00 3.389660e-05
5.050000e+00 3.238349e-05
5.060000e+00 3.093450e-05
5.070000e+00 2.954711e-05
5.080000e+00 2.821886e-05
5.090000e+00 2.694738e-05
5.100000e+00 2.573041e-05
5.110000e+00 2.456575e-05
5.120000e+00 2.345130e-05
5.130000e+00 2.238503e-05
5.140000e+00 2.136498e-05
5.150000e+00 2.038927e-05
5.160000e+00 1.945610e-05
5.170000e+00 1.856370e-05
5.180000e+00 1.771042e-05
5.190000e+00 1.689464e-05
5.200000e+00 1.611480e-05
5.210000e+00 1.536942e-05
5.220000e+00 1.465705e-05
5.230000e+00 1.397633e-05
5.240000e+00 1.332592e-05
5.250000e+00 1.270455e-05
5.260000e+00 1.211099e-05
5.270000e+00 1.154407e-05
5.280000e+00 1.100267e-05
5.290000e+00 1.048568e-05
5.300000e+00 9.992079e-06
5.310000e+00 9.520853e-06
5.320000e+00 9.071046e-06
5.330000e+00 8.641733e-06
5.340000e+00 8.232029e-06
5.350000e+00 7.841085e-06
5.360000e+00 7.468084e-06
5.370000e+00 7.112244e-06
5.380000e+00 6.772816e-06
5.390000e+00 6.449078e-06
5.400000e+00 6.140341e-06
5.410000e+00 5.845943e-06
5.420000e+00 5.565249e-06
5.430000e+00 5.297652e-06
5.440000e+00 5.042568e-06
5.450000e+00 4.799439e-06
5.460000e+00 4.567731e-06
5.470000e+00 4.346930e-06
5.480000e+00 4.136545e-06
5.490000e+00 3.936107e-06
5.500000e+00 3.745166e-06
5.510000e+00 3.563289e-06
5.520000e+00 3.390066e-06
5.530000e+00 3.225101e-06
5.540000e+00 3.068016e-06
5.550000e+00 2.918450e-06
5.560000e+00 2.776057e-06
5.570000e+00 2.640506e-06
5.580000e+00 2.511481e-06
5.590000e+00 2.388679e-06
5.600000e+00 2.271811e-06
5.610000e+00 2.160601e-06
5.620000e+00 2.054783e-06
5.630000e+00 1.954107e-06
5.640000e+00 1.858329e-06
5.650000e+00 1.767220e-06
5.660000e+00 1.680560e-06
5.670000e+00 1.598137e-06
5.680000e+00 1.519752e-06
5.690000e+00 1.445211e-06
5.700000e+00 1.374332e-06
5.710000e+00 1.306941e-06
5.720000e+00 1.242870e-06
5.730000e+00 1.181959e-06
5.740000e+00 1.124057e-06
5.750000e+00 1.069020e-06
5.760000e+00 1.016707e-06
5.770000e+00 9.669888e-07
5.780000e+00 9.197380e-07
5.790000e+00 8.748350e-07
5.800000e+00 8.321654e-07
5.810000e+00 7.916203e-07
5.820000e+00 7.530956e-07
5.830000e+00 7.164924e-07
5.840000e+00 6.817162e-07
5.850000e+00 6.486772e-07
5.860000e+00 6.172897e-07
5.870000e+00 5.874721e-07
5.880000e+00 5.591467e-07
5.890000e+00 5.322396e-07
5.900000e+00 5.066803e-07
5.910000e+00 4.824017e-07
5.920000e+00 4.593400e-07
5.930000e+00 4.374345e-07
5.940000e+00 4.166273e-07
5.950000e+00 3.968635e-07
5.960000e+00 3.780907e-07
5.970000e+00 3.602591e-07
5.980000e+00 3.433214e-07
5.990000e+00 3.272326e-07
6.000000e+00 3.119498e-07
6.010000e+00 2.974323e-07
6.020000e+00 2.836415e-07
6.030000e+00 2.705406e-07
6.040000e+00 2.580945e-07
6.050000e+00 2.462701e-07
6.060000e+00 2.350357e-07
6.070000e+00 2.243614e-07
6.080000e+00 2.142187e-07
6.090000e+00 2.045805e-07
6.100000e+00 1.954211e-07
6.110000e+00 1.867160e-07
6.120000e+00 1.784421e-07
6.130000e+00 1.705773e-07
6.140000e+00 1.631007e-07
6.150000e+00 1.559926e-07
6.160000e+00 1.492339e-07
6.170000e+00 1.428068e-07
6.180000e+00 1.366944e-07
6.190000e+00 1.308806e-07
6.200000e+00 1.253499e-07
6.210000e+00 1.200880e-07
6.220000e+00 1.150810e-07
6.230000e+00 1.103158e-07
6.240000e+00 1.057801e-07
6.250000e+00 1.014622e-07
6.260000e+00 9.735074e-08
6.270000e+00 9.343526e-08
6.280000e+00 8.970567e-08
6.290000e+00 8.615247e-08
6.300000e+00 8.276660e-08
6.310000e+00 7.953951e-08
6.320000e+00 7.646305e-08
6.330000e+00 7.352952e-08
6.340000e+00 7.073161e-08
6.350000e+00 6.806238e-08
6.360000e+00 6.551526e-08
6.370000e+00 6.308402e-08
6.380000e+00 6.076273e-08
6.390000e+00 5.854580e-08
6.400000e+00 5.642792e-08
6.410000e+00 5.440403e-08
6.420000e+00 5.246938e-08
6.430000e+00 5.061942e-08
6.440000e+00 4.884987e-08
6.450000e+00 4.715666e-08
6.460000e+00 4.553593e-08
6.470000e+00 4.398404e-08
6.480000e+00 4.249751e-08
6.490000e+00 4.107307e-08
6.500000e+00 3.970761e-08
6.510000e+00 3.839818e-08
6.520000e+00 3.714199e-08
6.530000e+00 3.593639e-08
6.540000e+00 3.477890e-08
6.550000e+00 3.366713e-08
6.560000e+00 3.259884e-08
6.570000e+00 3.157191e-08
6.580000e+00 3.058431e-08
6.590000e+00 2.963416e-08
6.600000e+00 2.871963e-08
6.610000e+00 2.783902e-08
6.620000e+00 2.699073e-08
6.630000e+00 2.617321e-08
6.640000e+00 2.538502e-08
6.650000e+00 2.462480e-08
6.660000e+00 2.389123e-08
6.670000e+00 2.318311e-08
6.680000e+00 2.249926e-08
6.690000e+00 2.183860e-08
6.700000e+00 2.120008e-08
6.710000e+00 2.058272e-08
6.720000e+00 1.998558e-08
6.730000e+00 1.940780e-08
6.740000e+00 1.884854e-08
6.750000e+00 1.830701e-08
6.760000e+00 1.778246e-08
6.770000e+00 1.727420e-08
6.780000e+00 1.678155e-08
6.790000e+00 1.630388e-08
6.800000e+00 1.584060e-08
6.810000e+00 1.539113e-08
6.820000e+00 1.495494e-08
6.830000e+00 1.453153e-08
6.840000e+00 1.412041e-08
6.850000e+00 1.372112e-08
6.860000e+00 1.333323e-08
6.870000e+00 1.295634e-08
6.880000e+00 1.259004e-08
6.890000e+00 1.223398e-08
6.900000e+00 1.188779e-08
6.910000e+00 1.155114e-08
6.920000e+00 1.122373e-08
6.930000e+00 1.090524e-08
6.940000e+00 1.059538e-08
6.950000e+00 1.029389e-08
6.960000e+00 1.000050e-08
6.970000e+00 9.714969e-09
6.980000e+00 9.437048e-09
6.990000e+00 9.166516e-09
7.000000e+00 8.903155e-09
7.010000e+00 8.646759e-09
7.020000e+00 8.397131e-09
7.030000e+00 8.154076e-09
7.040000e+00 7.917414e-09
7.050000e+00 7.686973e-09
7.060000e+00 7.462580e-09
7.070000e+00 7.244077e-09
7.080000e+00 7.031307e-09
7.090000e+00 6.824121e-09
7.100000e+00 6.622375e-09
7.110000e+00 6.425929e-09
7.120000e+00 6.234651e-09
7.130000e+00 6.048411e-09
7.140000e+00 5.867083e-09
7.150000e+00 5.690543e-09
7.160000e+00 5.518679e-09
7.170000e+00 5.351375e-09
7.180000e+00 5.188521e-09
7.190000e+00 5.030008e-09
7.200000e+00 4.875733e-09
7.210000e+00 4.725596e-09
7.220000e+00 4.579497e-09
7.230000e+00 4.437341e-09
7.240000e+00 4.299035e-09
7.250000e+00 4.164489e-09
7.260000e+00 4.033613e-09
7.270000e+00 3.906319e-09
7.280000e+00 3.782525e-09
7.290000e+00 3.662152e-09
7.300000e+00 3.545112e-09
7.310000e+00 3.431331e-09
7.320000e+00 3.320732e-09
7.330000e+00 3.213239e-09
7.340000e+00 3.108779e-09
7.350000e+00 3.007276e-09
7.360000e+00 2.908667e-09
7.370000e+00 2.812878e-09
7.380000e+00 2.719840e-09
7.390000e+00 2.629492e-09
7.400000e+00 2.541766e-09
7.410000e+00 2.456597e-09
7.420000e+00 2.373926e-09
7.430000e+00 2.293689e-09
7.440000e+00 2.215828e-09
7.450000e+00 2.140283e-09
7.460000e+00 2.066999e-09
7.470000e+00 1.995916e-09
7.480000e+00 1.926981e-09
7.490000e+00 1.860140e-09
7.500000e+00 1.795339e-09
7.510000e+00 1.732527e-09
7.520000e+00 1.671650e-09
7.530000e+00 1.612662e-09
7.540000e+00 1.555510e-09
7.550000e+00 1.500149e-09
7.560000e+00 1.446530e-09
7.570000e+00 1.394608e-09
7.580000e+00 1.344339e-09
7.590000e+00 1.295676e-09
7.600000e+00 1.248576e-09
7.610000e+00 1.203000e-09
7.620000e+00 1.158904e-09
7.630000e+00 1.116245e-09
7.640000e+00 1.074985e-09
7.650000e+00 1.035086e-09
7.660000e+00 9.965110e-10
7.670000e+00 9.592160e-10
7.680000e+00 9.231735e-10
7.690000e+00 8.883414e-10
7.700000e+00 8.546885e-10
7.710000e+00 8.221801e-10
7.720000e+00 7.907808e-10
7.730000e+00 7.604578e-10
7.740000e+00 7.311805e-10
7.750000e+00 7.029201e-10
7.760000e+00 6.756421e-10
7.770000e+00 6.493199e-10
7.780000e+00 6.239236e-10
7.790000e+00 5.994256e-10
7.800000e+00 5.757967e-10
7.810000e+00 5.530116e-10
7.820000e+00 5.310446e-10
7.830000e+00 5.098665e-10
7.840000e+00 4.894560e-10
7.850000e+00 4.697888e-10
7.860000e+00 4.508387e-10
7.870000e+00 4.325845e-10
7.880000e+00 4.150035e-10
7.890000e+00 3.980742e-10
7.900000e+00 3.817750e-10
7.910000e+00 3.660846e-10
7.920000e+00 3.509842e-10
7.930000e+00 3.364535e-10
7.940000e+00 3.224723e-10
7.950000e+00 3.090243e-10
7.960000e+00 2.960917e-10
7.970000e+00 2.836554e-10
7.980000e+00 2.716964e-10
7.990000e+00 2.602030e-10
8.000000e+00 2.491563e-10
8.010000e+00 2.385415e-10
8.020000e+00 2.283425e-10
8.030000e+00 2.185452e-10
8.040000e+00 2.091375e-10
8.050000e+00 2.001008e-10
8.060000e+00 1.914286e-10
8.070000e+00 1.831017e-10
8.080000e+00 1.751102e-10
8.090000e+00 1.674411e-10
8.100000e+00 1.600835e-10
8.110000e+00 1.530266e-10
8.120000e+00 1.462563e-10
8.130000e+00 1.397657e-10
8.140000e+00 1.335409e-10
8.150000e+00 1.275747e-10
8.160000e+00 1.218558e-10
8.170000e+00 1.163762e-10
8.180000e+00 1.111262e-10
8.190000e+00 1.060946e-10
8.200000e+00 1.012788e-10
8.210000e+00 9.666549e-11
8.220000e+00 9.224597e-11
8.230000e+00 8.801738e-11
8.240000e+00 8.397011e-11
8.250000e+00 8.009607e-11
8.260000e+00 7.638878e-11
8.270000e+00 7.284473e-11
8.280000e+00 6.945111e-11
8.290000e+00 6.620546e-11
8.300000e+00 6.310254e-11
8.310000e+00 6.013697e-11
8.320000e+00 5.730235e-11
8.330000e+00 5.459118e-11
8.340000e+00 5.200260e-11
8.350000e+00 4.952573e-11
8.360000e+00 4.716351e-11
8.370000e+00 4.490561e-11
8.380000e+00 4.274919e-11
8.390000e+00 4.069105e-11
8.400000e+00 3.872469e-11
8.410000e+00 3.684939e-11
8.420000e+00 3.505839e-11
8.430000e+00 3.334787e-11
8.440000e+00 3.171655e-11
8.450000e+00 3.016291e-11
8.460000e+00 2.867797e-11
8.470000e+00 2.726415e-11
8.480000e+00 2.591575e-11
8.490000e+00 2.462962e-11
8.500000e+00 2.340235e-11
8.510000e+00 2.223308e-11
8.520000e+00 2.112128e-11
8.530000e+00 2.005978e-11
8.540000e+00 1.905105e-11
8.550000e+00 1.808890e-11
8.560000e+00 1.717105e-11
8.570000e+00 1.629938e-11
8.580000e+00 1.546905e-11
8.590000e+00 1.467708e-11
8.600000e+00 1.392421e-11
8.610000e+00 1.320854e-11
8.620000e+00 1.252706e-11
8.630000e+00 1.187983e-11
8.640000e+00 1.126317e-11
8.650000e+00 1.067674e-11
8.660000e+00 1.012024e-11
8.670000e+00 9.589326e-12
8.680000e+00 9.086334e-12
8.690000e+00 8.607681e-12
8.700000e+00 8.154372e-12
8.710000e+00 7.723518e-12
8.720000e+00 7.311828e-12
8.730000e+00 6.922932e-12
8.740000e+00 6.552385e-12
8.750000e+00 6.201624e-12
8.760000e+00 5.868754e-12
8.770000e+00 5.551941e-12
8.780000e+00 5.252020e-12
8.790000e+00 4.968043e-12
8.800000e+00 4.698937e-12
8.810000e+00 4.442505e-12
8.820000e+00 4.199170e-12
8.830000e+00 3.970459e-12
8.840000e+00 3.752684e-12
8.850000e+00 3.545275e-12
8.860000e+00 3.350625e-12
8.870000e+00 3.165091e-12
8.880000e+00 2.988858e-12
8.890000e+00 2.822712e-12
8.900000e+00 2.664568e-12
8.910000e+00 2.515947e-12
8.920000e+00 2.375496e-12
8.930000e+00 2.241614e-12
8.940000e+00 2.114983e-12
8.950000e+00 1.995498e-12
8.960000e+00 1.882762e-12
8.970000e+00 1.774274e-12
8.980000e+00 1.674162e-12
8.990000e+00 1.578507e-12
9.000000e+00 1.487887e-12
9.010000e+00 1.404708e-12
9.020000e+00 1.323734e-12
9.030000e+00 1.247649e-12
9.040000e+00 1.175419e-12
9.050000e+00 1.106994e-12
9.060000e+00 1.043166e-12
9.070000e+00 9.841816e-13
9.080000e+00 9.268068e-13
9.090000e+00 8.729818e-13
9.100000e+00 8.231677e-13
9.110000e+00 7.748750e-13
9.120000e+00 7.294785e-13
9.130000e+00 6.864709e-13
9.140000e+00 6.464866e-13
9.150000e+00 6.081509e-13
9.160000e+00 5.731936e-13
9.170000e+00 5.399819e-13
9.180000e+00 5.077617e-13
9.190000e+00 4.774864e-13
9.200000e+00 4.496771e-13
9.210000e+00 4.230081e-13
9.220000e+00 3.985612e-13
9.230000e+00 3.763266e-13
9.240000e+00 3.531560e-13
9.250000e+00 3.327460e-13
9.260000e+00 3.125263e-13
9.270000e+00 2.940185e-13
9.280000e+00 2.778688e-13
9.290000e+00 2.612251e-13
9.300000e+00 2.449362e-13
9.310000e+00 2.312424e-13
9.320000e+00 2.186228e-13
9.330000e+00 2.035981e-13
9.340000e+00 1.918828e-13
9.350000e+00 1.823702e-13
9.360000e+00 1.714098e-13
9.370000e+00 1.605582e-13
9.380000e+00 1.511628e-13
9.390000e+00 1.426033e-13
9.400000e+00 1.345380e-13
9.410000e+00 1.253554e-13
9.420000e+00 1.180270e-13
9.430000e+00 1.117563e-13
9.440000e+00 1.048782e-13
9.450000e+00 9.966648e-14
9.460000e+00 9.258406e-14
9.470000e+00 8.731763e-14
9.480000e+00 8.194447e-14
9.490000e+00 7.686943e-14
9.500000e+00 7.247939e-14
9.510000e+00 6.763368e-14
9.520000e+00 6.397177e-14
9.530000e+00 5.989835e-14
9.540000e+00 5.686810e-14
9.550000e+00 5.349266e-14
9.560000e+00 4.955132e-14
9.570000e+00 4.619669e-14
9.580000e+00 4.419530e-14
9.590000e+00 4.068226e-14
9.600000e+00 3.764109e-14
9.610000e+00 3.611266e-14
9.620000e+00 3.286055e-14
9.630000e+00 2.975858e-14
9.640000e+00 2.869732e-14
9.650000e+00 2.704527e-14
9.660000e+00 2.521184e-14
9.670000e+00 2.384713e-14
9.680000e+00 2.195182e-14
9.690000e+00 2.088511e-14
9.700000e+00 1.959187e-14
9.710000e+00 1.877314e-14
9.720000e+00 1.601403e-14
9.730000e+00 1.527343e-14
9.740000e+00 1.502279e-14
9.750000e+00 1.332386e-14
9.760000e+00 1.206519e-14
9.770000e+00 1.057297e-14
9.780000e+00 1.056966e-14
9.790000e+00 9.872443e-15
9.800000e+00 8.720864e-15
9.810000e+00 7.918332e-15
9.820000e+00 7.513585e-15
9.830000e+00 6.814654e-15
9.840000e+00 6.466415e-15
9.850000e+00 6.508789e-15
9.860000e+00 5.825331e-15
9.870000e+00 4.212356e-15
9.880000e+00 4.594244e-15
9.890000e+00 2.844199e-15
9.900000e+00 3.339849e-15
9.910000e+00 4.588207e-15
9.920000e+00 3.166877e-15
9.930000e+00 2.838494e-15
9.940000e+00 1.250871e-15
9.950000e+00 2.183870e-15
9.960000e+00 8.776807e-16
9.970000e+00 1.896665e-15
9.980000e+00 1.998284e-15
9.990000e+00 1.019236e-15
1.000000e+01 3.403595e-16
1.001000e+01 1.208575e-15
1.002000e+01 6.556256e-16
1.003000e+01 4.843066e-16
1.004000e+01 2.166830e-16
1.005000e+01 9.612825e-16
1.006000e+01 4.404810e-16
1.007000e+01 3.694657e-16
1.008000e+01 4.827075e-16
1.009000e+01 9.130711e-16
1.010000e+01 8.780534e-16
1.011000e+01 1.349666e-15
1.012000e+01 4.719718e-16
1.013000e+01 8.000490e-16
1.014000e+01 9.412670e-16
1.015000e+01 1.567315e-15
1.016000e+01 3.075777e-16
1.017000e+01 9.274488e-16
1.018000e+01 1.153537e-15
1.019000e+01 1.443898e-15
1.020000e+01 1.194488e-15
1.021000e+01 4.726940e-16
1.022000e+01 5.809503e-16
1.023000e+01 3.756400e-16
1.024000e+01 1.333465e-15
1.025000e+01 1.416959e-15
1.026000e+01 1.560790e-15
1.027000e+01 1.431648e-15
1.028000e+01 1.309683e-15
1.029000e+01 8.604434e-16
1.030000e+01 1.247196e-15
1.031000e+01 1.088045e-15
1.032000e+01 7.820452e-16
1.033000e+01 6.080865e-16
1.034000e+01 1.543878e-15
1.035000e+01 1.357110e-15
1.036000e+01 5.353724e-16
1.037000e+01 1.939007e-15
1.038000e+01 7.105924e-16
1.039000e+01 8.213521e-16
1.040000e+01 9.188372e-16
1.041000e+01 7.556765e-16
1.042000e+01 4.424361e-16
1.043000e+01 1.600791e-15
1.044000e+01 1.915482e-15
1.045000e+01 8.901970e-16
1.046000e+01 1.299338e-15
1.047000e+01 5.320852e-16
1.048000e+01 4.355985e-16
1.049000e+01 1.261770e-15
1.050000e+01 1.120849e-15
1.051000e+01 7.560489e-16
1.052000e+01 1.419022e-15
1.053000e+01 5.118138e-16
1.054000e+01 2.979692e-16
1.055000e+01 6.216372e-16
1.056000e+01 1.060714e-15
1.057000e+01 1.411827e-15
1.058000e+01 1.099201e-15
1.059000e+01 8.698992e-16
1.060000e+01 6.918233e-16
1.061000e+01 1.116171e-15
1.062000e+01 1.184884e-15
1.063000e+01 9.084407e-16
1.064000e+01 1.910255e-16
1.065000e+01 5.478922e-16
1.066000e+01 7.717334e-16
1.067000e+01 9.062421e-16
1.068000e+01 6.463084e-16
1.069000e+01 1.141184e-15
1.070000e+01 2.174078e-16
1.071000e+01 4.785190e-16
1.072000e+01 1.601399e-15
1.073000e+01 1.185421e-15
1.074000e+01 4.169202e-16
1.075000e+01 1.433895e-15
1.076000e+01 1.481136e-15
1.077000e+01 5.680314e-16
1.078000e+01 3.406365e-16
1.079000e+01 1.293108e-15
1.080000e+01 2.152502e-16
1.081000e+01 1.520612e-15
1.082000e+01 7.726927e-16
1.083000e+01 8.313362e-16
1.084000e+01 2.125972e-16
1.085000e+01 6.393113e-16
1.086000e+01 1.069753e-15
1.087000e+01 8.155121e-16
1.088000e+01 3.061576e-16
1.089000e+01 5.238387e-16
1.090000e+01 4.541129e-16
1.091000e+01 4.038052e-16
1.092000e+01 7.372852e-16
1.093000e+01 1.427237e-15
1.094000e+01 8.460801e-16
1.095000e+01 1.221971e-15
1.096000e+01 6.872972e-16
1.097000e+01 3.795951e-16
1.098000e+01 2.806280e-16
1.099000e+01 9.625459e-16
1.100000e+01 9.116683e-16
1.101000e+01 4.340477e-16
1.102000e+01 1.212933e-15
1.103000e+01 4.505675e-16
1.104000e+01 7.250081e-16
1.105000e+01 2.829139e-16
1.106000e+01 7.971118e-16
1.107000e+01 7.258737e-16
1.108000e+01 8.390827e-16
1.109000e+01 5.287032e-16
1.110000e+01 7.579769e-17
1.111000e+01 9.856569e-16
1.112000e+01 7.913504e-16
1.113000e+01 6.985338e-16
1.114000e+01 9.165183e-16
1.115000e+01 1.802641e-16
1.116000e+01 1.195879e-15
1.117000e+01 1.006919e-15
1.118000e+01 8.090288e-16
1.119000e+01 1.420728e-16
1.120000e+01 1.304366e-15
1.121000e+01 1.286520e-15
1.122000e+01 1.255788e-15
1.123000e+01 6.914679e-16
1.124000e+01 8.159957e-16
1.125000e+01 1.213388e-15
1.126000e+01 5.681823e-16
1.127000e+01 4.652708e-16
1.128000e+01 6.631409e-16
1.129000e+01 3.424357e-16
1.130000e+01 1.206476e-15
1.131000e+01 5.194150e-16
1.132000e+01 1.394098e-15
1.133000e+01 8.892642e-16
1.134000e+01 1.813538e-16
1.135000e+01 1.139649e-15
1.136000e+01 6.768939e-16
1.137000e+01 2.728839e-16
1.138000e+01 8.616145e-16
1.139000e+01 6.968480e-16
1.140000e+01 8.977279e-16
1.141000e+01 6.941026e-16
1.142000e+01 4.258241e-16
1.143000e+01 8.496686e-16
1.144000e+01 1.123016e-15
1.145000e+01 4.155155e-17
1.146000e+01 7.004637e-16
1.147000e+01 7.122172e-16
1.148000e+01 6.316545e-16
1.149000e+01 7.300917e-16
1.150000e+01 9.631569e-16
1.151000e+01 3.074184e-16
1.152000e+01 9.937945e-16
1.153000e+01 6.469350e-16
1.154000e+01 7.919750e-16
1.155000e+01 5.427115e-16
1.156000e+01 8.456701e-16
1.157000e+01 4.269140e-16
1.158000e+01 5.214906e-17
1.159000e+01 8.464966e-16
1.160000e+01 6.628905e-16
1.161000e+01 7.380889e-16
1.162000e+01 7.183261e-16
1.163000e+01 9.581884e-16
1.164000e+01 7.565643e-16
1.165000e+01 2.537037e-16
1.166000e+01 3.286961e-16
1.167000e+01 6.008832e-17
1.168000e+01 6.576230e-16
1.169000e+01 1.763348e-16
1.170000e+01 5.077276e-16
1.171000e+01 2.271676e-16
1.172000e+01 1.044871e-15
1.173000e+01 6.035328e-16
1.174000e+01 9.907531e-16
1.175000e+01 6.982198e-16
1.176000e+01 7.729607e-16
1.177000e+01 3.620563e-16
1.178000e+01 3.564441e-16
1.179000e+01 6.331589e-16
1.180000e+01 1.196039e-15
1.181000e+01 5.274410e-16
1.182000e+01 1.196062e-15
1.183000e+01 7.997755e-16
1.184000e+01 8.389539e-16
1.185000e+01 5.195958e-17
1.186000e+01 4.887753e-16
1.187000e+01 1.066093e-15
1.188000e+01 2.774123e-16
1.189000e+01 2.155777e-16
1.190000e+01 4.231826e-16
1.191000e+01 7.330446e-16
1.192000e+01 7.659395e-16
1.193000e+01 1.802551e-16
1.194000e+01 2.887583e-16
1.195000e+01 2.331150e-16
1.196000e+01 2.257111e-16
1.197000e+01 8.131974e-16
1.198000e+01 1.458187e-15
1.199000e+01 7.554806e-16
1.200000e+01 2.633654e-16
1.201000e+01 3.255650e-16
1.202000e+01 8.277770e-16
1.203000e+01 8.977017e-16
1.204000e+01 4.781788e-16
1.205000e+01 6.745243e-16
1.206000e+01 6.429245e-16
1.207000e+01 1.102118e-15
1.208000e+01 7.343096e-16
1.209000e+01 2.498383e-16
1.210000e+01 7.933680e-16
1.211000e+01 2.183048e-16
1.212000e+01 3.161399e-16
1.213000e+01 5.920789e-16
1.214000e+01 9.586349e-16
1.215000e+01 8.700781e-16
1.216000e+01 8.680469e-16
1.217000e+01 6.088033e-16
1.218000e+01 3.166457e-16
1.219000e+01 5.128171e-16
1.220000e+01 5.995895e-16
1.221000e+01 5.639840e-16
1.222000e+01 1.495826e-15
1.223000e+01 1.948179e-16
1.224000e+01 6.038958e-16
1.225000e+01 1.145635e-15
1.226000e+01 6.640651e-16
1.227000e+01 7.917285e-16
1.228000e+01 3.735686e-16
1.229000e+01 4.716828e-16
1.230000e+01 4.388214e-16
1.231000e+01 6.944306e-16
1.232000e+01 2.604395e-16
1.233000e+01 7.849450e-16
1.234000e+01 1.084775e-15
1.235000e+01 9.817136e-16
1.236000e+01 1.201229e-15
1.237000e+01 1.461456e-16
1.238000e+01 6.201536e-16
1.239000e+01 9.321995e-16
1.240000e+01 4.664215e-16
1.241000e+01 2.619335e-16
1.242000e+01 2.632300e-16
1.243000e+01 9.602199e-16
1.244000e+01 6.446461e-16
1.245000e+01 4.885936e-16
1.246000e+01 9.072672e-16
1.247000e+01 4.530625e-16
1.248000e+01 3.958347e-16
1.249000e+01 3.964387e-16
1.250000e+01 2.737627e-16
1.251000e+01 5.737343e-16
1.252000e+01 7.452994e-17
1.253000e+01 7.895667e-16
1.254000e+01 1.035733e-15
1.255000e+01 2.565696e-16
1.256000e+01 8.277113e-16
1.257000e+01 6.978705e-16
1.258000e+01 1.264783e-15
1.259000e+01 7.773201e-16
1.260000e+01 2.566037e-16
1.261000e+01 6.253540e-16
1.262000e+01 2.347190e-16
1.263000e+01 8.952796e-16
1.264000e+01 6.900873e-16
1.265000e+01 5.311011e-16
1.266000e+01 7.258089e-17
1.267000e+01 9.480539e-16
1.268000e+01 2.427085e-16
1.269000e+01 7.349258e-16
1.270000e+01 7.752478e-16
1.271000e+01 7.321126e-16
1.272000e+01 6.311965e-16
1.273000e+01 5.067770e-16
1.274000e+01 5.207801e-16
1.275000e+01 3.396301e-16
1.276000e+01 2.605510e-16
1.277000e+01 4.935832e-16
1.278000e+01 3.126823e-16
1.279000e+01 4.929775e-16
1.280000e+01 1.031266e-15
1.281000e+01 8.658199e-16
1.282000e+01 5.324291e-16
1.283000e+01 2.074449e-16
1.284000e+01 5.441444e-16
1.285000e+01 8.961184e-16
1.286000e+01 1.123827e-15
1.287000e+01 5.591017e-16
1.288000e+01 2.281689e-16
1.289000e+01 8.622403e-16
1.290000e+01 6.473695e-16
1.291000e+01 9.708521e-16
1.292000e+01 1.384503e-15
1.293000e+01 4.843897e-16
1.294000e+01 5.008527e-16
1.295000e+01 1.379405e-15
1.296000e+01 8.358838e-16
1.297000e+01 3.928545e-16
1.298000e+01 2.848269e-16
1.299000e+01 7.168693e-16
1.300000e+01 8.102512e-16
1.301000e+01 2.549881e-16
1.302000e+01 5.439359e-16
1.303000e+01 4.068667e-16
1.304000e+01 5.321045e-16
1.305000e+01 2.901709e-16
1.306000e+01 1.041534e-16
1.307000e+01 1.431128e-15
1.308000e+01 5.610395e-16
1.309000e+01 4.348912e-16
1.310000e+01 8.565221e-16
1.311000e+01 2.517380e-16
1.312000e+01 6.476366e-16
1.313000e+01 2.668077e-16
1.314000e+01 7.040888e-16
1.315000e+01 7.269712e-16
1.316000e+01 6.179795e-16
1.317000e+01 2.440919e-16
1.318000e+01 6.775456e-17
1.319000e+01 6.628279e-16
1.320000e+01 4.270490e-16
1.321000e+01 2.440020e-16
1.322000e+01 3.242548e-16
1.323000e+01 5.491753e-16
1.324000e+01 7.954938e-16
1.325000e+01 9.487222e-16
1.326000e+01 5.060848e-16
1.327000e+01 1.069096e-15
1.328000e+01 8.166355e-16
1.329000e+01 3.646499e-16
1.330000e+01 5.253146e-16
1.331000e+01 4.156955e-16
1.332000e+01 1.247767e-15
1.333000e+01 8.814813e-16
1.334000e+01 3.156254e-16
1.335000e+01 5.481168e-16
1.336000e+01 8.915027e-16
1.337000e+01 3.406781e-16
1.338000e+01 8.745124e-16
1.339000e+01 6.399805e-16
1.340000e+01 2.448635e-16
1.341000e+01 8.212057e-16
1.342000e+01 2.882949e-16
1.343000e+01 4.788818e-16
1.344000e+01 4.703248e-17
1.345000e+01 1.498924e-16
1.346000e+01 3.426444e-16
1.347000e+01 6.371763e-16
1.348000e+01 3.271752e-16
1.349000e+01 2.216137e-16
1.350000e+01 1.835432e-15
1.351000e+01 1.173410e-15
1.352000e+01 6.658758e-16
1.353000e+01 5.755226e-16
1.354000e+01 4.004510e-16
1.355000e+01 3.840350e-16
1.356000e+01 3.818094e-16
1.357000e+01 7.110684e-16
1.358000e+01 6.280095e-16
1.359000e+01 4.597288e-16
1.360000e+01 5.936722e-16
1.361000e+01 5.252758e-16
1.362000e+01 2.547509e-16
1.363000e+01 8.273140e-16
1.364000e+01 5.416477e-16
1.365000e+01 8.210622e-16
1.366000e+01 3.407565e-16
1.367000e+01 1.678536e-15
1.368000e+01 4.017680e-16
1.369000e+01 4.074661e-16
1.370000e+01 1.148024e-15
1.371000e+01 2.086700e-16
1.372000e+01 8.023712e-16
1.373000e+01 9.142223e-16
1.374000e+01 4.891344e-16
1.375000e+01 8.750099e-16
1.376000e+01 4.319033e-16
1.377000e+01 5.404177e-16
1.378000e+01 3.667122e-16
1.379000e+01 4.769899e-16
1.380000e+01 5.138209e-16
1.381000e+01 4.046528e-16
1.382000e+01 7.089484e-16
1.383000e+01 3.581428e-16
1.384000e+01 5.467700e-16
1.385000e+01 9.757897e-16
1.386000e+01 1.009737e-15
1.387000e+01 2.368089e-16
1.388000e+01 2.656694e-16
1.389000e+01 7.790162e-16
1.390000e+01 1.354653e-15
1.391000e+01 4.947266e-16
1.392000e+01 3.661219e-16
1.393000e+01 7.906351e-16
1.394000e+01 3.599925e-16
1.395000e+01 1.009726e-15
1.396000e+01 3.501506e-16
1.397000e+01 2.531917e-16
1.398000e+01 4.126813e-16
1.399000e+01 3.767922e-16
1.400000e+01 5.620429e-16
1.401000e+01 3.140956e-16
1.402000e+01 7.861914e-16
1.403000e+01 5.454685e-16
1.404000e+01 4.382985e-16
1.405000e+01 6.997802e-16
1.406000e+01 3.179841e-16
1.407000e+01 4.655090e-16
1.408000e+01 3.247132e-16
1.409000e+01 5.061578e-16
1.410000e+01 6.600980e-16
1.411000e+01 7.088150e-16
1.412000e+01 4.476616e-16
1.413000e+01 6.020755e-16
1.414000e+01 3.609885e-16
1.415000e+01 3.149548e-16
1.416000e+01 1.579041e-16
1.417000e+01 1.061848e-15
1.418000e+01 5.079291e-16
1.419000e+01 6.859001e-16
1.420000e+01 1.980968e-16
1.421000e+01 6.135126e-16
1.422000e+01 5.607744e-16
1.423000e+01 3.926759e-16
1.424000e+01 4.240426e-16
1.425000e+01 1.138930e-15
1.426000e+01 6.085522e-16
1.427000e+01 3.412580e-16
1.428000e+01 4.146141e-16
1.429000e+01 4.849059e-16
1.430000e+01 3.580352e-16
1.431000e+01 1.617358e-16
1.432000e+01 1.960568e-16
1.433000e+01 9.404225e-16
1.434000e+01 1.949035e-16
1.435000e+01 2.927443e-16
1.436000e+01 6.721643e-16
1.437000e+01 4.956859e-16
1.438000e+01 1.195523e-16
1.439000e+01 7.173585e-16
1.440000e+01 3.742186e-16
1.441000e+01 3.447584e-16
1.442000e+01 1.295199e-16
1.443000e+01 4.891000e-16
1.444000e+01 2.436946e-16
1.445000e+01 4.675637e-16
1.446000e+01 1.027303e-15
1.447000e+01 6.498288e-16
1.448000e+01 1.692927e-16
1.449000e+01 5.313298e-16
1.450000e+01 5.308119e-16
1.451000e+01 5.914435e-16
1.452000e+01 4.499358e-16
1.453000e+01 3.244940e-16
1.454000e+01 6.233806e-16
1.455000e+01 3.872830e-17
1.456000e+01 4.269068e-16
1.457000e+01 6.782328e-16
1.458000e+01 2.867059e-16
1.459000e+01 6.000777e-16
1.460000e+01 1.393709e-16
1.461000e+01 1.796047e-16
1.462000e+01 1.977043e-16
1.463000e+01 8.482656e-16
1.464000e+01 2.048712e-16
1.465000e+01 6.861258e-16
1.466000e+01 9.177002e-16
1.467000e+01 6.279781e-16
1.468000e+01 7.597037e-16
1.469000e+01 5.792664e-16
1.470000e+01 4.352486e-16
1.471000e+01 6.154675e-16
1.472000e+01 1.088329e-15
1.473000e+01 2.264207e-16
1.474000e+01 3.039198e-16
1.475000e+01 2.344399e-16
1.476000e+01 4.749006e-16
1.477000e+01 5.643009e-16
1.478000e+01 4.348883e-16
1.479000e+01 4.992459e-17
1.480000e+01 3.078334e-16
1.481000e+01 3.287002e-16
1.482000e+01 2.129307e-16
1.483000e+01 5.619095e-16
1.484000e+01 8.121254e-16
1.485000e+01 8.703998e-16
1.486000e+01 3.927140e-16
1.487000e+01 7.101420e-16
1.488000e+01 3.508868e-16
1.489000e+01 6.540451e-16
1.490000e+01 1.287867e-16
1.491000e+01 4.848476e-16
1.492000e+01 7.548819e-16
1.493000e+01 2.587738e-16
1.494000e+01 4.923467e-16
1.495000e+01 6.945947e-16
1.496000e+01 5.989891e-16
1.497000e+01 5.597360e-16
1.498000e+01 5.500188e-16
1.499000e+01 3.055058e-16
1.500000e+01 3.963629e-16
1.501000e+01 4.790423e-16
1.502000e+01 2.612001e-16
1.503000e+01 3.932601e-16
1.504000e+01 3.401310e-16
1.505000e+01 4.822480e-16
1.506000e+01 7.789175e-16
1.507000e+01 3.035484e-16
1.508000e+01 2.460930e-16
1.509000e+01 1.091648e-15
1.510000e+01 4.291206e-16
1.511000e+01 8.338647e-16
1.512000e+01 1.700349e-16
1.513000e+01 4.765896e-16
1.514000e+01 1.631890e-16
1.515000e+01 6.158844e-16
1.516000e+01 3.635360e-16
1.517000e+01 3.351782e-16
1.518000e+01 6.130145e-16
1.519000e+01 4.966982e-16
1.520000e+01 2.734589e-16
1.521000e+01 1.644800e-16
1.522000e+01 6.686554e-16
1.523000e+01 6.661122e-16
1.524000e+01 5.622520e-16
1.525000e+01 2.640378e-16
1.526000e+01 4.890101e-16
1.527000e+01 1.996939e-16
1.528000e+01 7.553944e-16
1.529000e+01 2.434375e-16
1.530000e+01 5.307883e-16
1.531000e+01 3.723348e-16
1.532000e+01 1.851824e-16
1.533000e+01 5.255035e-16
1.534000e+01 3.647655e-16
1.535000e+01 2.444585e-16
1.536000e+01 4.004053e-16
1.537000e+01 6.468173e-16
1.538000e+01 6.743202e-16
1.539000e+01 2.629652e-16
1.540000e+01 5.722493e-16
1.541000e+01 1.232200e-15
1.542000e+01 5.358350e-16
1.543000e+01 5.351503e-16
1.544000e+01 1.801028e-16
1.545000e+01 3.213559e-16
1.546000e+01 5.604675e-16
1.547000e+01 5.553741e-16
1.548000e+01 2.065215e-16
1.549000e+01 4.721365e-16
1.550000e+01 3.769592e-16
1.551000e+01 5.219881e-16
1.552000e+01 2.120947e-16
1.553000e+01 4.611907e-16
1.554000e+01 1.116511e-15
1.555000e+01 6.567891e-16
1.556000e+01 5.406391e-16
1.557000e+01 4.896683e-16
1.558000e+01 4.789601e-16
1.559000e+01 2.396876e-16
1.560000e+01 3.056110e-16
1.561000e+01 2.848960e-16
1.562000e+01 6.980531e-16
1.563000e+01 3.836887e-16
1.564000e+01 3.842964e-16
1.565000e+01 1.207074e-15
1.566000e+01 8.115297e-16
1.567000e+01 6.051131e-16
1.568000e+01 1.132274e-16
1.569000e+01 4.834663e-16
1.570000e+01 2.999663e-16
1.571000e+01 1.063591e-16
1.572000e+01 1.484970e-16
1.573000e+01 7.639832e-16
1.574000e+01 2.533763e-16
1.575000e+01 8.634647e-16
1.576000e+01 5.058323e-16
1.577000e+01 1.021253e-15
1.578000e+01 4.881934e-16
1.579000e+01 7.460709e-17
1.580000e+01 9.121575e-16
1.581000e+01 5.172332e-16
1.582000e+01 1.147446e-15
1.583000e+01 1.796727e-16
1.584000e+01 7.862194e-16
1.585000e+01 6.788700e-16
1.586000e+01 1.156290e-15
1.587000e+01 4.439541e-16
1.588000e+01 4.209687e-16
1.589000e+01 6.028914e-16
1.590000e+01 3.874910e-16
1.591000e+01 2.736357e-16
1.592000e+01 6.549355e-16
1.593000e+01 5.179050e-16
1.594000e+01 3.261765e-16
1.595000e+01 1.113796e-15
1.596000e+01 3.915640e-16
1.597000e+01 4.451767e-16
1.598000e+01 5.539124e-16
1.599000e+01 2.486995e-17
1.600000e+01 6.757171e-16
1.601000e+01 3.337014e-16
1.602000e+01 3.400100e-16
1.603000e+01 3.511965e-16
1.604000e+01 7.374547e-16
1.605000e+01 4.307056e-16
1.606000e+01 5.433564e-17
1.607000e+01 7.351285e-16
1.608000e+01 8.747478e-16
1.609000e+01 4.348036e-16
1.610000e+01 1.210701e-16
1.611000e+01 2.805157e-16
1.612000e+01 4.726731e-16
1.613000e+01 1.067647e-15
1.614000e+01 1.036926e-15
1.615000e+01 6.928036e-16
1.616000e+01 2.418195e-16
1.617000e+01 1.149526e-16
1.618000e+01 3.845144e-16
1.619000e+01 2.898113e-16
1.620000e+01 8.276779e-16
1.621000e+01 2.103192e-16
1.622000e+01 5.107327e-16
1.623000e+01 4.208393e-16
1.624000e+01 3.233309e-16
1.625000e+01 7.106904e-17
1.626000e+01 1.800741e-16
1.627000e+01 2.251078e-16
1.628000e+01 4.434472e-16
1.629000e+01 1.388599e-16
1.630000e+01 1.639210e-16
1.631000e+01 4.362775e-16
1.632000e+01 2.373331e-16
1.633000e+01 4.302270e-16
1.634000e+01 3.440062e-16
1.635000e+01 1.266303e-16
1.636000e+01 4.100722e-16
1.637000e+01 7.891667e-16
1.638000e+01 7.928728e-16
1.639000e+01 8.815398e-16
1.640000e+01 1.031385e-15
1.641000e+01 5.110881e-16
1.642000e+01 6.832505e-16
1.643000e+01 5.703213e-16
1.644000e+01 1.519797e-16
1.645000e+01 2.485808e-17
1.646000e+01 3.350787e-16
1.647000e+01 1.677360e-16
1.648000e+01 1.025026e-15
1.649000e+01 1.808969e-16
1.650000e+01 1.772365e-16
1.651000e+01 4.588790e-16
1.652000e+01 5.409781e-16
1.653000e+01 1.085897e-15
1.654000e+01 7.759353e-16
1.655000e+01 1.990868e-16
1.656000e+01 3.510823e-16
1.657000e+01 6.052812e-16
1.658000e+01 8.193760e-16
1.659000e+01 6.799041e-16
1.660000e+01 1.065275e-16
1.661000e+01 5.435407e-16
1.662000e+01 9.953467e-16
1.663000e+01 3.165881e-16
1.664000e+01 9.366607e-16
1.665000e+01 6.068729e-16
1.666000e+01 9.759485e-17
1.667000e+01 3.888439e-16
1.668000e+01 6.761931e-16
1.669000e+01 4.480644e-16
1.670000e+01 4.175046e-16
1.671000e+01 2.813567e-16
1.672000e+01 4.087591e-16
1.673000e+01 5.327510e-16
1.674000e+01 2.407884e-16
1.675000e+01 5.482465e-16
1.676000e+01 3.633393e-16
1.677000e+01 2.207447e-16
1.678000e+01 4.727834e-16
1.679000e+01 6.323855e-16
1.680000e+01 3.905316e-16
1.681000e+01 2.188745e-16
1.682000e+01 6.517718e-16
1.683000e+01 3.752087e-16
1.684000e+01 1.809897e-16
1.685000e+01 4.565016e-16
1.686000e+01 4.197218e-16
1.687000e+01 5.637074e-16
1.688000e+01 5.255035e-17
1.689000e+01 5.783818e-16
1.690000e+01 3.755060e-16
1.691000e+01 1.094049e-16
1.692000e+01 2.419176e-16
1.693000e+01 3.475651e-16
1.694000e+01 3.127067e-16
1.695000e+01 1.477157e-16
1.696000e+01 7.054156e-16
1.697000e+01 7.071760e-16
1.698000e+01 4.368142e-16
1.699000e+01 3.114755e-16
1.700000e+01 3.302992e-16
1.701000e+01 9.791784e-17
1.702000e+01 3.465095e-16
1.703000e+01 2.813163e-16
1.704000e+01 4.534992e-16
1.705000e+01 4.540851e-16
1.706000e+01 7.180190e-16
1.707000e+01 5.779887e-16
1.708000e+01 1.883117e-16
1.709000e+01 6.462480e-16
1.710000e+01 8.477713e-16
1.711000e+01 9.704650e-17
1.712000e+01 1.198159e-16
1.713000e+01 1.959208e-16
1.714000e+01 1.650582e-16
1.715000e+01 3.940897e-16
1.716000e+01 4.963326e-16
1.717000e+01 4.382487e-16
1.718000e+01 6.074454e-16
1.719000e+01 2.991408e-16
1.720000e+01 4.252576e-16
1.721000e+01 5.849739e-16
1.722000e+01 8.248902e-16
1.723000e+01 2.346620e-16
1.724000e+01 1.243436e-15
1.725000e+01 4.189484e-16
1.726000e+01 5.632124e-16
1.727000e+01 6.236747e-16
1.728000e+01 8.148395e-16
1.729000e+01 3.184942e-16
1.730000e+01 7.076218e-16
1.731000e+01 1.728115e-16
1.732000e+01 2.314781e-16
1.733000e+01 2.924995e-16
1.734000e+01 6.952104e-16
1.735000e+01 4.050902e-16
1.736000e+01 1.059043e-17
1.737000e+01 9.047067e-17
1.738000e+01 8.745966e-16
1.739000e+01 5.915270e-16
1.740000e+01 1.094217e-16
1.741000e+01 1.805555e-16
1.742000e+01 3.540628e-16
1.743000e+01 2.597783e-16
1.744000e+01 2.530381e-16
1.745000e+01 3.638586e-16
1.746000e+01 3.072269e-16
1.747000e+01 4.030404e-16
1.748000e+01 6.240090e-16
1.749000e+01 2.691768e-16
1.750000e+01 8.013252e-16
1.751000e+01 1.343658e-16
1.752000e+01 2.014987e-16
1.753000e+01 7.455079e-16
1.754000e+01 1.418453e-16
1.755000e+01 4.473200e-16
1.756000e+01 6.635340e-16
1.757000e+01 5.913526e-16
1.758000e+01 4.316233e-16
1.759000e+01 1.675653e-16
1.760000e+01 5.548230e-16
1.761000e+01 5.148119e-16
1.762000e+01 3.092713e-16
1.763000e+01 5.672194e-16
1.764000e+01 4.816181e-16
1.765000e+01 4.124484e-16
1.766000e+01 7.780807e-16
1.767000e+01 5.094980e-16
1.768000e+01 5.626828e-16
1.769000e+01 3.902935e-16
1.770000e+01 9.714641e-17
1.771000e+01 5.180777e-16
1.772000e+01 1.555874e-16
1.773000e+01 7.134516e-16
1.774000e+01 4.716213e-16
1.775000e+01 2.620495e-16
1.776000e+01 3.836647e-16
1.777000e+01 2.726217e-16
1.778000e+01 1.020237e-16
1.779000e+01 6.446969e-16
1.780000e+01 5.656495e-16
1.781000e+01 1.130105e-16
1.782000e+01 2.745702e-16
1.783000e+01 7.452608e-16
1.784000e+01 6.671298e-16
1.785000e+01 3.792788e-16
1.786000e+01 4.367598e-16
1.787000e+01 8.705780e-16
1.788000e+01 5.520368e-16
1.789000e+01 4.095534e-16
1.790000e+01 5.100189e-16
1.791000e+01 6.091182e-16
1.792000e+01 7.205163e-16
1.793000e+01 3.820175e-16
1.794000e+01 4.399503e-16
1.795000e+01 1.246921e-16
1.796000e+01 1.275146e-16
1.797000e+01 3.208068e-16
1.798000e+01 3.308946e-16
1.799000e+01 4.201713e-16
1.800000e+01 1.210021e-16
1.801000e+01 5.282873e-16
1.802000e+01 1.810179e-16
1.803000e+01 5.766986e-16
1.804000e+01 2.383807e-16
1.805000e+01 2.465644e-16
1.806000e+01 3.791556e-16
1.807000e+01 1.520099e-16
1.808000e+01 2.775158e-16
1.809000e+01 3.924930e-16
1.810000e+01 2.196851e-16
1.811000e+01 4.136234e-16
1.812000e+01 7.693067e-16
1.813000e+01 3.789086e-16
1.814000e+01 1.881337e-16
1.815000e+01 3.048479e-16
1.816000e+01 1.641093e-16
1.817000e+01 2.951747e-16
1.818000e+01 3.651102e-16
1.819000e+01 5.046604e-16
1.820000e+01 2.053716e-16
1.821000e+01 5.698249e-16
1.822000e+01 1.551083e-16
1.823000e+01 6.040767e-16
1.824000e+01 1.870033e-16
1.825000e+01 2.312751e-17
1.826000e+01 4.913994e-17
1.827000e+01 1.028195e-16
1.828000e+01 7.146345e-16
1.829000e+01 7.749606e-16
1.830000e+01 4.594960e-16
1.831000e+01 2.801462e-16
1.832000e+01 5.063564e-16
1.833000e+01 2.440177e-16
1.834000e+01 3.242412e-16
1.835000e+01 2.393003e-16
1.836000e+01 5.614292e-16
1.837000e+01 4.265396e-16
1.838000e+01 2.710806e-16
1.839000e+01 1.486793e-16
1.840000e+01 4.639952e-16
1.841000e+01 1.078114e-15
1.842000e+01 7.585789e-16
1.843000e+01 4.553786e-16
1.844000e+01 2.484629e-16
1.845000e+01 4.353015e-16
1.846000e+01 3.617714e-16
1.847000e+01 7.278958e-16
1.848000e+01 9.108657e-16
1.849000e+01 4.983386e-16
1.850000e+01 6.644455e-16
1.851000e+01 9.686583e-16
1.852000e+01 2.640841e-16
1.853000e+01 3.328029e-16
1.854000e+01 1.531156e-16
1.855000e+01 1.806865e-16
1.856000e+01 1.773635e-16
1.857000e+01 3.679043e-16
1.858000e+01 2.243346e-16
1.859000e+01 4.301293e-16
1.860000e+01 1.069901e-15
1.861000e+01 4.741726e-16
1.862000e+01 4.439127e-16
1.863000e+01 4.496624e-16
1.864000e+01 4.740124e-16
1.865000e+01 5.399021e-16
1.866000e+01 7.069715e-16
1.867000e+01 2.287847e-16
1.868000e+01 3.695994e-16
1.869000e+01 4.816076e-16
1.870000e+01 3.142207e-16
1.871000e+01 6.354022e-16
1.872000e+01 7.065332e-16
1.873000e+01 6.703323e-16
1.874000e+01 2.095549e-16
1.875000e+01 3.763068e-16
1.876000e+01 2.970038e-16
1.877000e+01 4.138412e-16
1.878000e+01 3.051498e-16
1.879000e+01 2.531820e-16
1.880000e+01 2.398538e-16
1.881000e+01 4.020337e-16
1.882000e+01 3.056982e-16
1.883000e+01 3.606267e-16
1.884000e+01 4.258236e-16
1.885000e+01 3.746283e-16
1.886000e+01 2.753495e-16
1.887000e+01 4.947151e-16
1.888000e+01 1.837660e-16
1.889000e+01 6.390188e-16
1.890000e+01 2.515966e-16
1.891000e+01 2.176569e-16
1.892000e+01 2.734673e-16
1.893000e+01 3.936122e-16
1.894000e+01 3.204078e-16
1.895000e+01 2.322602e-16
1.896000e+01 4.681227e-16
1.897000e+01 2.235625e-16
1.898000e+01 4.755852e-16
1.899000e+01 7.055699e-16
1.900000e+01 2.485504e-16
1.901000e+01 2.819523e-16
1.902000e+01 8.261964e-17
1.903000e+01 7.050327e-17
1.904000e+01 5.345793e-16
1.905000e+01 1.224825e-16
1.906000e+01 5.574526e-16
1.907000e+01 8.455538e-16
1.908000e+01 7.798906e-16
1.909000e+01 2.756627e-16
1.910000e+01 3.147978e-16
1.911000e+01 6.189954e-16
1.912000e+01 2.739708e-16
1.913000e+01 6.578898e-16
1.914000e+01 2.958359e-16
1.915000e+01 2.897274e-16
1.916000e+01 9.997611e-16
1.917000e+01 6.004532e-16
1.918000e+01 1.682836e-16
1.919000e+01 3.974879e-16
1.920000e+01 4.795869e-16
1.921000e+01 1.918688e-16
1.922000e+01 1.495302e-16
1.923000e+01 7.692397e-16
1.924000e+01 1.348300e-16
1.925000e+01 1.768678e-16
1.926000e+01 9.273480e-17
1.927000e+01 3.949271e-16
1.928000e+01 3.798906e-16
1.929000e+01 3.815245e-16
1.930000e+01 4.945774e-16
1.931000e+01 1.341571e-16
1.932000e+01 5.952300e-16
1.933000e+01 2.019340e-16
1.934000e+01 3.827004e-16
1.935000e+01 3.478529e-16
1.936000e+01 2.301991e-16
1.937000e+01 5.990224e-16
1.938000e+01 7.110795e-16
1.939000e+01 1.536912e-16
1.940000e+01 3.801365e-16
1.941000e+01 3.251590e-16
1.942000e+01 4.535175e-16
1.943000e+01 4.427408e-17
1.944000e+01 1.244644e-16
1.945000e+01 2.727365e-16
1.946000e+01 4.698704e-16
1.947000e+01 2.158323e-16
1.948000e+01 3.828231e-16
1.949000e+01 2.760887e-16
1.950000e+01 3.524109e-16
1.951000e+01 4.365384e-16
1.952000e+01 2.784745e-16
1.953000e+01 1.833931e-16
1.954000e+01 4.061123e-16
1.955000e+01 2.123497e-16
1.956000e+01 4.186503e-16
1.957000e+01 4.987303e-16
1.958000e+01 4.563025e-16
1.959000e+01 4.506138e-16
1.960000e+01 1.766099e-16
1.961000e+01 3.961389e-16
1.962000e+01 7.439339e-16
1.963000e+01 3.504776e-16
1.964000e+01 5.108738e-16
1.965000e+01 3.153098e-16
1.966000e+01 2.601655e-16
1.967000e+01 3.122261e-16
1.968000e+01 2.076384e-16
1.969000e+01 4.444150e-17
1.970000e+01 5.590928e-16
1.971000e+01 2.708983e-16
1.972000e+01 3.622092e-16
1.973000e+01 2.427055e-16
1.974000e+01 4.115129e-16
1.975000e+01 3.228001e-16
1.976000e+01 3.677240e-16
1.977000e+01 6.812003e-16
1.978000e+01 7.129010e-16
1.979000e+01 4.655742e-16
1.980000e+01 4.491633e-16
1.981000e+01 3.289425e-16
1.982000e+01 2.770207e-16
1.983000e+01 4.264419e-16
1.984000e+01 4.798375e-16
1.985000e+01 5.279125e-17
1.986000e+01 1.608720e-16
1.987000e+01 5.872021e-16
1.988000e+01 4.524155e-16
1.989000e+01 1.057964e-16
1.990000e+01 2.637949e-16
1.991000e+01 3.918250e-16
1.992000e+01 4.934683e-16
1.993000e+01 5.454968e-16
1.994000e+01 1.088859e-16
1.995000e+01 3.949711e-16
1.996000e+01 3.517206e-16
1.997000e+01 6.537818e-16
1.998000e+01 3.237738e-16
1.999000e+01 7.162727e-88
