     -6.00    0.000000E+000
     -5.95    0.347579E-013
     -5.90    0.149666E-012
     -5.85    0.379229E-012
     -5.80    0.790809E-012
     -5.75    0.150241E-011
     -5.70    0.271343E-011
     -5.65    0.475565E-011
     -5.60    0.817614E-011
     -5.55    0.138708E-010
     -5.50    0.232980E-010
     -5.45    0.388174E-010
     -5.40    0.642257E-010
     -5.35    0.105595E-009
     -5.30    0.172584E-009
     -5.25    0.280462E-009
     -5.20    0.453231E-009
     -5.15    0.728399E-009
     -5.10    0.116424E-008
     -5.05    0.185075E-008
     -5.00    0.292610E-008
     -4.95    0.460115E-008
     -4.90    0.719580E-008
     -4.85    0.111924E-007
     -4.80    0.173140E-007
     -4.75    0.266375E-007
     -4.70    0.407578E-007
     -4.65    0.620215E-007
     -4.60    0.938603E-007
     -4.55    0.141262E-006
     -4.50    0.211430E-006
     -4.45    0.314701E-006
     -4.40    0.465817E-006
     -4.35    0.685662E-006
     -4.30    0.100364E-005
     -4.25    0.146086E-005
     -4.20    0.211445E-005
     -4.15    0.304323E-005
     -4.10    0.435526E-005
     -4.05    0.619764E-005
     -4.00    0.876929E-005
     -3.95    0.123372E-004
     -3.90    0.172575E-004
     -3.85    0.240014E-004
     -3.80    0.331881E-004
     -3.75    0.456252E-004
     -3.70    0.623583E-004
     -3.65    0.847304E-004
     -3.60    0.114453E-003
     -3.55    0.153692E-003
     -3.50    0.205160E-003
     -3.45    0.272235E-003
     -3.40    0.359079E-003
     -3.35    0.470780E-003
     -3.30    0.613504E-003
     -3.25    0.794644E-003
     -3.20    0.102299E-002
     -3.15    0.130889E-002
     -3.10    0.166438E-002
     -3.05    0.210335E-002
     -3.00    0.264159E-002
     -2.95    0.329692E-002
     -2.90    0.408911E-002
     -2.85    0.503992E-002
     -2.80    0.617287E-002
     -2.75    0.751309E-002
     -2.70    0.908695E-002
     -2.65    0.109217E-001
     -2.60    0.130451E-001
     -2.55    0.154844E-001
     -2.50    0.182665E-001
     -2.45    0.214164E-001
     -2.40    0.249572E-001
     -2.35    0.289092E-001
     -2.30    0.332889E-001
     -2.25    0.381092E-001
     -2.20    0.433783E-001
     -2.15    0.490995E-001
     -2.10    0.552711E-001
     -2.05    0.618864E-001
     -2.00    0.689332E-001
     -1.95    0.763949E-001
     -1.90    0.842499E-001
     -1.85    0.924727E-001
     -1.80    0.101034E+000
     -1.75    0.109900E+000
     -1.70    0.119038E+000
     -1.65    0.128408E+000
     -1.60    0.137972E+000
     -1.55    0.147692E+000
     -1.50    0.157525E+000
     -1.45    0.167433E+000
     -1.40    0.177374E+000
     -1.35    0.187310E+000
     -1.30    0.197203E+000
     -1.25    0.207015E+000
     -1.20    0.216710E+000
     -1.15    0.226255E+000
     -1.10    0.235616E+000
     -1.05    0.244763E+000
     -1.00    0.253666E+000
     -0.95    0.262298E+000
     -0.90    0.270633E+000
     -0.85    0.278646E+000
     -0.80    0.286315E+000
     -0.75    0.293619E+000
     -0.70    0.300538E+000
     -0.65    0.307055E+000
     -0.60    0.313153E+000
     -0.55    0.318816E+000
     -0.50    0.324032E+000
     -0.45    0.328787E+000
     -0.40    0.333071E+000
     -0.35    0.336873E+000
     -0.30    0.340186E+000
     -0.25    0.343002E+000
     -0.20    0.345314E+000
     -0.15    0.347117E+000
     -0.10    0.348408E+000
     -0.05    0.349184E+000
      0.00    0.349442E+000
      0.05    0.349184E+000
      0.10    0.348408E+000
      0.15    0.347117E+000
      0.20    0.345314E+000
      0.25    0.343002E+000
      0.30    0.340186E+000
      0.35    0.336873E+000
      0.40    0.333071E+000
      0.45    0.328787E+000
      0.50    0.324032E+000
      0.55    0.318816E+000
      0.60    0.313153E+000
      0.65    0.307055E+000
      0.70    0.300538E+000
      0.75    0.293619E+000
      0.80    0.286315E+000
      0.85    0.278646E+000
      0.90    0.270633E+000
      0.95    0.262298E+000
      1.00    0.253666E+000
      1.05    0.244763E+000
      1.10    0.235616E+000
      1.15    0.226255E+000
      1.20    0.216710E+000
      1.25    0.207015E+000
      1.30    0.197203E+000
      1.35    0.187310E+000
      1.40    0.177374E+000
      1.45    0.167433E+000
      1.50    0.157525E+000
      1.55    0.147692E+000
      1.60    0.137972E+000
      1.65    0.128408E+000
      1.70    0.119038E+000
      1.75    0.109900E+000
      1.80    0.101034E+000
      1.85    0.924727E-001
      1.90    0.842499E-001
      1.95    0.763949E-001
      2.00    0.689332E-001
      2.05    0.618864E-001
      2.10    0.552711E-001
      2.15    0.490995E-001
      2.20    0.433783E-001
      2.25    0.381092E-001
      2.30    0.332889E-001
      2.35    0.289092E-001
      2.40    0.249572E-001
      2.45    0.214164E-001
      2.50    0.182665E-001
      2.55    0.154844E-001
      2.60    0.130451E-001
      2.65    0.109217E-001
      2.70    0.908695E-002
      2.75    0.751309E-002
      2.80    0.617287E-002
      2.85    0.503992E-002
      2.90    0.408911E-002
      2.95    0.329692E-002
      3.00    0.264159E-002
      3.05    0.210335E-002
      3.10    0.166438E-002
      3.15    0.130889E-002
      3.20    0.102299E-002
      3.25    0.794644E-003
      3.30    0.613504E-003
      3.35    0.470780E-003
      3.40    0.359079E-003
      3.45    0.272235E-003
      3.50    0.205160E-003
      3.55    0.153692E-003
      3.60    0.114453E-003
      3.65    0.847304E-004
      3.70    0.623583E-004
      3.75    0.456252E-004
      3.80    0.331881E-004
      3.85    0.240014E-004
      3.90    0.172575E-004
      3.95    0.123372E-004
      4.00    0.876929E-005
      4.05    0.619764E-005
      4.10    0.435526E-005
      4.15    0.304323E-005
      4.20    0.211445E-005
      4.25    0.146086E-005
      4.30    0.100364E-005
      4.35    0.685662E-006
      4.40    0.465817E-006
      4.45    0.314701E-006
      4.50    0.211430E-006
      4.55    0.141262E-006
      4.60    0.938605E-007
      4.65    0.620216E-007
      4.70    0.407580E-007
      4.75    0.266377E-007
      4.80    0.173141E-007
      4.85    0.111925E-007
      4.90    0.719593E-008
      4.95    0.460128E-008
      5.00    0.292622E-008
      5.05    0.185087E-008
      5.10    0.116436E-008
      5.15    0.728519E-009
      5.20    0.453349E-009
      5.25    0.280579E-009
      5.30    0.172700E-009
      5.35    0.105710E-009
      5.40    0.643384E-010
      5.45    0.389288E-010
      5.50    0.234079E-010
      5.55    0.139793E-010
      5.60    0.828298E-011
      5.65    0.486056E-011
      5.70    0.281592E-011
      5.75    0.160160E-011
      5.80    0.885204E-012
      5.85    0.466242E-012
      5.90    0.224817E-012
      5.95    0.902679E-013
      6.00    0.000000E+000
