     -4.00    0.000000E+000
     -3.95    0.177198E-012
     -3.90    0.811296E-012
     -3.85    0.225928E-011
     -3.80    0.531005E-011
     -3.75    0.115724E-010
     -3.70    0.242436E-010
     -3.65    0.495881E-010
     -3.60    0.997357E-010
     -3.55    0.197912E-009
     -3.50    0.388099E-009
     -3.45    0.752657E-009
     -3.40    0.144412E-008
     -3.35    0.274181E-008
     -3.30    0.515153E-008
     -3.25    0.957888E-008
     -3.20    0.176269E-007
     -3.15    0.321011E-007
     -3.10    0.578545E-007
     -3.05    0.103187E-006
     -3.00    0.182125E-006
     -2.95    0.318103E-006
     -2.90    0.549804E-006
     -2.85    0.940327E-006
     -2.80    0.159137E-005
     -2.75    0.266485E-005
     -2.70    0.441543E-005
     -2.65    0.723870E-005
     -2.60    0.117415E-004
     -2.55    0.188427E-004
     -2.50    0.299167E-004
     -2.45    0.469912E-004
     -2.40    0.730194E-004
     -2.35    0.112244E-003
     -2.30    0.170676E-003
     -2.25    0.256716E-003
     -2.20    0.381932E-003
     -2.15    0.562023E-003
     -2.10    0.817971E-003
     -2.05    0.117739E-002
     -2.00    0.167603E-002
     -1.95    0.235941E-002
     -1.90    0.328451E-002
     -1.85    0.452133E-002
     -1.80    0.615426E-002
     -1.75    0.828302E-002
     -1.70    0.110229E-001
     -1.65    0.145044E-001
     -1.60    0.188711E-001
     -1.55    0.242774E-001
     -1.50    0.308839E-001
     -1.45    0.388521E-001
     -1.40    0.483378E-001
     -1.35    0.594838E-001
     -1.30    0.724118E-001
     -1.25    0.872151E-001
     -1.20    0.103951E+000
     -1.15    0.122636E+000
     -1.10    0.143239E+000
     -1.05    0.165681E+000
     -1.00    0.189837E+000
     -0.95    0.215530E+000
     -0.90    0.242544E+000
     -0.85    0.270623E+000
     -0.80    0.299478E+000
     -0.75    0.328798E+000
     -0.70    0.358253E+000
     -0.65    0.387504E+000
     -0.60    0.416210E+000
     -0.55    0.444034E+000
     -0.50    0.470648E+000
     -0.45    0.495741E+000
     -0.40    0.519022E+000
     -0.35    0.540223E+000
     -0.30    0.559101E+000
     -0.25    0.575443E+000
     -0.20    0.589067E+000
     -0.15    0.599822E+000
     -0.10    0.607589E+000
     -0.05    0.612283E+000
      0.00    0.613853E+000
      0.05    0.612283E+000
      0.10    0.607589E+000
      0.15    0.599822E+000
      0.20    0.589067E+000
      0.25    0.575443E+000
      0.30    0.559101E+000
      0.35    0.540223E+000
      0.40    0.519022E+000
      0.45    0.495741E+000
      0.50    0.470648E+000
      0.55    0.444034E+000
      0.60    0.416210E+000
      0.65    0.387504E+000
      0.70    0.358253E+000
      0.75    0.328798E+000
      0.80    0.299478E+000
      0.85    0.270623E+000
      0.90    0.242544E+000
      0.95    0.215530E+000
      1.00    0.189837E+000
      1.05    0.165681E+000
      1.10    0.143239E+000
      1.15    0.122636E+000
      1.20    0.103951E+000
      1.25    0.872151E-001
      1.30    0.724118E-001
      1.35    0.594838E-001
      1.40    0.483378E-001
      1.45    0.388521E-001
      1.50    0.308839E-001
      1.55    0.242774E-001
      1.60    0.188711E-001
      1.65    0.145044E-001
      1.70    0.110229E-001
      1.75    0.828302E-002
      1.80    0.615426E-002
      1.85    0.452133E-002
      1.90    0.328451E-002
      1.95    0.235941E-002
      2.00    0.167603E-002
      2.05    0.117739E-002
      2.10    0.817971E-003
      2.15    0.562023E-003
      2.20    0.381932E-003
      2.25    0.256716E-003
      2.30    0.170676E-003
      2.35    0.112244E-003
      2.40    0.730194E-004
      2.45    0.469912E-004
      2.50    0.299167E-004
      2.55    0.188427E-004
      2.60    0.117415E-004
      2.65    0.723870E-005
      2.70    0.441543E-005
      2.75    0.266485E-005
      2.80    0.159137E-005
      2.85    0.940327E-006
      2.90    0.549804E-006
      2.95    0.318104E-006
      3.00    0.182126E-006
      3.05    0.103187E-006
      3.10    0.578550E-007
      3.15    0.321015E-007
      3.20    0.176274E-007
      3.25    0.957932E-008
      3.30    0.515196E-008
      3.35    0.274223E-008
      3.40    0.144453E-008
      3.45    0.753064E-009
      3.50    0.388499E-009
      3.55    0.198306E-009
      3.60    0.100123E-009
      3.65    0.499681E-010
      3.70    0.246161E-010
      3.75    0.119358E-010
      3.80    0.566123E-011
      3.85    0.259117E-011
      3.90    0.110911E-011
      3.95    0.409615E-012
      4.00    0.000000E+000
