     -5.00    0.000000E+000
     -4.95    0.173438E-013
     -4.90    0.770623E-013
     -4.85    0.205051E-012
     -4.80    0.455355E-012
     -4.75    0.930892E-012
     -4.70    0.182214E-011
     -4.65    0.347696E-011
     -4.60    0.652466E-011
     -4.55    0.120944E-010
     -4.50    0.221960E-010
     -4.45    0.403788E-010
     -4.40    0.728610E-010
     -4.35    0.130450E-009
     -4.30    0.231783E-009
     -4.25    0.408736E-009
     -4.20    0.715399E-009
     -4.15    0.124282E-008
     -4.10    0.214299E-008
     -4.05    0.366764E-008
     -4.00    0.623022E-008
     -3.95    0.105043E-007
     -3.90    0.175780E-007
     -3.85    0.291948E-007
     -3.80    0.481250E-007
     -3.75    0.787331E-007
     -3.70    0.127837E-006
     -3.65    0.205999E-006
     -3.60    0.329437E-006
     -3.55    0.522843E-006
     -3.50    0.823481E-006
     -3.45    0.128710E-005
     -3.40    0.199634E-005
     -3.35    0.307266E-005
     -3.30    0.469292E-005
     -3.25    0.711229E-005
     -3.20    0.106955E-004
     -3.15    0.159593E-004
     -3.10    0.236281E-004
     -3.05    0.347086E-004
     -3.00    0.505857E-004
     -2.95    0.731456E-004
     -2.90    0.104931E-003
     -2.85    0.149335E-003
     -2.80    0.210837E-003
     -2.75    0.295289E-003
     -2.70    0.410248E-003
     -2.65    0.565365E-003
     -2.60    0.772822E-003
     -2.55    0.104781E-002
     -2.50    0.140904E-002
     -2.45    0.187926E-002
     -2.40    0.248575E-002
     -2.35    0.326081E-002
     -2.30    0.424204E-002
     -2.25    0.547266E-002
     -2.20    0.700146E-002
     -2.15    0.888259E-002
     -2.10    0.111751E-001
     -2.05    0.139421E-001
     -2.00    0.172497E-001
     -1.95    0.211650E-001
     -1.90    0.257553E-001
     -1.85    0.310849E-001
     -1.80    0.372138E-001
     -1.75    0.441947E-001
     -1.70    0.520714E-001
     -1.65    0.608762E-001
     -1.60    0.706286E-001
     -1.55    0.813336E-001
     -1.50    0.929808E-001
     -1.45    0.105544E+000
     -1.40    0.118982E+000
     -1.35    0.133239E+000
     -1.30    0.148243E+000
     -1.25    0.163912E+000
     -1.20    0.180153E+000
     -1.15    0.196863E+000
     -1.10    0.213932E+000
     -1.05    0.231247E+000
     -1.00    0.248690E+000
     -0.95    0.266142E+000
     -0.90    0.283486E+000
     -0.85    0.300604E+000
     -0.80    0.317383E+000
     -0.75    0.333714E+000
     -0.70    0.349493E+000
     -0.65    0.364619E+000
     -0.60    0.379001E+000
     -0.55    0.392551E+000
     -0.50    0.405190E+000
     -0.45    0.416845E+000
     -0.40    0.427449E+000
     -0.35    0.436943E+000
     -0.30    0.445276E+000
     -0.25    0.452403E+000
     -0.20    0.458286E+000
     -0.15    0.462893E+000
     -0.10    0.466201E+000
     -0.05    0.468193E+000
      0.00    0.468858E+000
      0.05    0.468193E+000
      0.10    0.466201E+000
      0.15    0.462893E+000
      0.20    0.458286E+000
      0.25    0.452403E+000
      0.30    0.445276E+000
      0.35    0.436943E+000
      0.40    0.427449E+000
      0.45    0.416845E+000
      0.50    0.405190E+000
      0.55    0.392551E+000
      0.60    0.379001E+000
      0.65    0.364619E+000
      0.70    0.349493E+000
      0.75    0.333714E+000
      0.80    0.317383E+000
      0.85    0.300604E+000
      0.90    0.283486E+000
      0.95    0.266142E+000
      1.00    0.248690E+000
      1.05    0.231247E+000
      1.10    0.213932E+000
      1.15    0.196863E+000
      1.20    0.180153E+000
      1.25    0.163912E+000
      1.30    0.148243E+000
      1.35    0.133239E+000
      1.40    0.118982E+000
      1.45    0.105544E+000
      1.50    0.929808E-001
      1.55    0.813336E-001
      1.60    0.706286E-001
      1.65    0.608762E-001
      1.70    0.520714E-001
      1.75    0.441947E-001
      1.80    0.372138E-001
      1.85    0.310849E-001
      1.90    0.257553E-001
      1.95    0.211650E-001
      2.00    0.172497E-001
      2.05    0.139421E-001
      2.10    0.111751E-001
      2.15    0.888259E-002
      2.20    0.700146E-002
      2.25    0.547266E-002
      2.30    0.424204E-002
      2.35    0.326081E-002
      2.40    0.248575E-002
      2.45    0.187926E-002
      2.50    0.140904E-002
      2.55    0.104781E-002
      2.60    0.772822E-003
      2.65    0.565365E-003
      2.70    0.410248E-003
      2.75    0.295289E-003
      2.80    0.210837E-003
      2.85    0.149335E-003
      2.90    0.104931E-003
      2.95    0.731456E-004
      3.00    0.505857E-004
      3.05    0.347086E-004
      3.10    0.236281E-004
      3.15    0.159593E-004
      3.20    0.106955E-004
      3.25    0.711229E-005
      3.30    0.469292E-005
      3.35    0.307266E-005
      3.40    0.199634E-005
      3.45    0.128710E-005
      3.50    0.823481E-006
      3.55    0.522843E-006
      3.60    0.329437E-006
      3.65    0.205999E-006
      3.70    0.127837E-006
      3.75    0.787331E-007
      3.80    0.481251E-007
      3.85    0.291949E-007
      3.90    0.175780E-007
      3.95    0.105043E-007
      4.00    0.623028E-008
      4.05    0.366769E-008
      4.10    0.214304E-008
      4.15    0.124286E-008
      4.20    0.715447E-009
      4.25    0.408784E-009
      4.30    0.231830E-009
      4.35    0.130497E-009
      4.40    0.729070E-010
      4.45    0.404242E-010
      4.50    0.222408E-010
      4.55    0.121385E-010
      4.60    0.656816E-011
      4.65    0.351976E-011
      4.70    0.186411E-011
      4.75    0.971779E-012
      4.80    0.494680E-012
      4.85    0.241887E-012
      4.90    0.109621E-012
      4.95    0.421689E-013
      5.00    0.000000E+000
