    0.020000      1.30800685
    0.040000      1.30796761
    0.060000      1.30775932
    0.080000      1.30738224
    0.100000      1.30683682
    0.120000      1.30612373
    0.140000      1.30524383
    0.160000      1.30419820
    0.180000      1.30298811
    0.200000      1.30161504
    0.220000      1.30008068
    0.240000      1.29838690
    0.260000      1.29653582
    0.280000      1.29452970
    0.300000      1.29237106
    0.320000      1.29006259
    0.340000      1.28760718
    0.360000      1.28500794
    0.380000      1.28226815
    0.400000      1.27939132
    0.420000      1.27638114
    0.440000      1.27324149
    0.460000      1.26997646
    0.480000      1.26659031
    0.500000      1.26308752
    0.520000      1.25947274
    0.540000      1.25575081
    0.560000      1.25192676
    0.580000      1.24800579
    0.600000      1.24399329
    0.620000      1.23989482
    0.640000      1.23571612
    0.660000      1.23146309
    0.680000      1.22714179
    0.700000      1.22275846
    0.720000      1.21831947
    0.740000      1.21383136
    0.760000      1.20930079
    0.780000      1.20473458
    0.800000      1.20013967
    0.820000      1.19552311
    0.840000      1.19089209
    0.860000      1.18625389
    0.880000      1.18161589
    0.900000      1.17698555
    0.920000      1.17237042
    0.940000      1.16777810
    0.960000      1.16321625
    0.980000      1.15869258
    1.000000      1.15421481
    1.020000      1.14979068
    1.040000      1.14542793
    1.060000      1.14113429
    1.080000      1.13691744
    1.100000      1.13278503
    1.120000      1.12874463
    1.140000      1.12480373
    1.160000      1.12096972
    1.180000      1.11724986
    1.200000      1.11365127
    1.220000      1.11018093
    1.240000      1.10684560
    1.260000      1.10365188
    1.280000      1.10060613
    1.300000      1.09771447
    1.320000      1.09498277
    1.340000      1.09241662
    1.360000      1.09002129
    1.380000      1.08780177
    1.400000      1.08576269
    1.420000      1.08390834
    1.440000      1.08224265
    1.460000      1.08076915
    1.480000      1.07949100
    1.500000      1.07841094
    1.520000      1.07753130
    1.540000      1.07685397
    1.560000      1.07638042
    1.580000      1.07611168
    1.600000      1.07604833
    1.620000      1.07619051
    1.640000      1.07653791
    1.660000      1.07708978
    1.680000      1.07784492
    1.700000      1.07880169
    1.720000      1.07995804
    1.740000      1.08131147
    1.760000      1.08285909
    1.780000      1.08459760
    1.800000      1.08652330
    1.820000      1.08863212
    1.840000      1.09091966
    1.860000      1.09338112
    1.880000      1.09601143
    1.900000      1.09880517
    1.920000      1.10175665
    1.940000      1.10485991
    1.960000      1.10810872
    1.980000      1.11149663
    2.000000      1.11501699
    2.020000      1.11866293
    2.040000      1.12242744
    2.060000      1.12630333
    2.080000      1.13028328
    2.100000      1.13435987
    2.120000      1.13852557
    2.140000      1.14277279
    2.160000      1.14709386
    2.180000      1.15148107
    2.200000      1.15592670
    2.220000      1.16042300
    2.240000      1.16496223
    2.260000      1.16953668
    2.280000      1.17413866
    2.300000      1.17876052
    2.320000      1.18339469
    2.340000      1.18803365
    2.360000      1.19266997
    2.380000      1.19729629
    2.400000      1.20190539
    2.420000      1.20649013
    2.440000      1.21104348
    2.460000      1.21555856
    2.480000      1.22002861
    2.500000      1.22444701
    2.520000      1.22880729
    2.540000      1.23310313
    2.560000      1.23732836
    2.580000      1.24147697
    2.600000      1.24554312
    2.620000      1.24952116
    2.640000      1.25340558
    2.660000      1.25719106
    2.680000      1.26087247
    2.700000      1.26444486
    2.720000      1.26790344
    2.740000      1.27124364
    2.760000      1.27446108
    2.780000      1.27755153
    2.800000      1.28051101
    2.820000      1.28333570
    2.840000      1.28602197
    2.860000      1.28856642
    2.880000      1.29096582
    2.900000      1.29321715
    2.920000      1.29531759
    2.940000      1.29726452
    2.960000      1.29905552
    2.980000      1.30068838
    3.000000      1.30216108
    3.020000      1.30347182
    3.040000      1.30461899
    3.060000      1.30560118
    3.080000      1.30641721
    3.100000      1.30706607
    3.120000      1.30754698
    3.140000      1.30785935
    3.160000      1.30800281
    3.180000      1.30797718
    3.200000      1.30778249
    3.220000      1.30741898
    3.240000      1.30688710
    3.260000      1.30618747
    3.280000      1.30532097
    3.300000      1.30428863
    3.320000      1.30309173
    3.340000      1.30173172
    3.360000      1.30021027
    3.380000      1.29852925
    3.400000      1.29669074
    3.420000      1.29469702
    3.440000      1.29255056
    3.460000      1.29025404
    3.480000      1.28781035
    3.500000      1.28522256
    3.520000      1.28249396
    3.540000      1.27962803
    3.560000      1.27662844
    3.580000      1.27349906
    3.600000      1.27024396
    3.620000      1.26686739
    3.640000      1.26337382
    3.660000      1.25976787
    3.680000      1.25605438
    3.700000      1.25223835
    3.720000      1.24832497
    3.740000      1.24431963
    3.760000      1.24022786
    3.780000      1.23605539
    3.800000      1.23180811
    3.820000      1.22749207
    3.840000      1.22311349
    3.860000      1.21867873
    3.880000      1.21419431
    3.900000      1.20966689
    3.920000      1.20510328
    3.940000      1.20051040
    3.960000      1.19589531
    3.980000      1.19126517
    4.000000      1.18662727
    4.020000      1.18198896
    4.040000      1.17735771
    4.060000      1.17274106
    4.080000      1.16814660
    4.100000      1.16358200
    4.120000      1.15905496
    4.140000      1.15457319
    4.160000      1.15014444
    4.180000      1.14577645
    4.200000      1.14147695
    4.220000      1.13725363
    4.240000      1.13311413
    4.260000      1.12906604
    4.280000      1.12511684
    4.300000      1.12127394
    4.320000      1.11754462
    4.340000      1.11393600
    4.360000      1.11045507
    4.380000      1.10710862
    4.400000      1.10390325
    4.420000      1.10084536
    4.440000      1.09794107
    4.460000      1.09519627
    4.480000      1.09261658
    4.500000      1.09020731
    4.520000      1.08797345
    4.540000      1.08591968
    4.560000      1.08405030
    4.580000      1.08236928
    4.600000      1.08088019
    4.620000      1.07958620
    4.640000      1.07849010
    4.660000      1.07759424
    4.680000      1.07690057
    4.700000      1.07641056
    4.720000      1.07612531
    4.740000      1.07604541
    4.760000      1.07617105
    4.780000      1.07650195
    4.800000      1.07703739
    4.820000      1.07777622
    4.840000      1.07871683
    4.860000      1.07985720
    4.880000      1.08119487
    4.900000      1.08272697
    4.920000      1.08445025
    4.940000      1.08636102
    4.960000      1.08845527
    4.980000      1.09072859
    5.000000      1.09317625
    5.020000      1.09579316
    5.040000      1.09857396
    5.060000      1.10151297
    5.080000      1.10460424
    5.100000      1.10784157
    5.120000      1.11121854
    5.140000      1.11472850
    5.160000      1.11836461
    5.180000      1.12211984
    5.200000      1.12598705
    5.220000      1.12995891
    5.240000      1.13402801
    5.260000      1.13818684
    5.280000      1.14242779
    5.300000      1.14674321
    5.320000      1.15112540
    5.340000      1.15556663
    5.360000      1.16005916
    5.380000      1.16459524
    5.400000      1.16916716
    5.420000      1.17376722
    5.440000      1.17838779
    5.460000      1.18302126
    5.480000      1.18766013
    5.500000      1.19229695
    5.520000      1.19692437
    5.540000      1.20153514
    5.560000      1.20612212
    5.580000      1.21067827
    5.600000      1.21519671
    5.620000      1.21967065
    5.640000      1.22409347
    5.660000      1.22845868
    5.680000      1.23275995
    5.700000      1.23699111
    5.720000      1.24114612
    5.740000      1.24521914
    5.760000      1.24920450
    5.780000      1.25309667
    5.800000      1.25689032
    5.820000      1.26058031
    5.840000      1.26416166
    5.860000      1.26762960
    5.880000      1.27097951
    5.900000      1.27420699
    5.920000      1.27730784
    5.940000      1.28027802
    5.960000      1.28311370
    5.980000      1.28581126
    6.000000      1.28836726
    6.020000      1.29077846
    6.040000      1.29304183
    6.060000      1.29515452
    6.080000      1.29711391
    6.100000      1.29891756
    6.120000      1.30056324
    6.140000      1.30204891
    6.160000      1.30337276
    6.180000      1.30453316
    6.200000      1.30552869
    6.220000      1.30635813
    6.240000      1.30702049
    6.260000      1.30751495
    6.280000      1.30784091
    6.300000      1.30799799
    6.320000      1.30798597
    6.340000      1.30780489
    6.360000      1.30745497
    6.380000      1.30693661
    6.400000      1.30625047
    6.420000      1.30539736
    6.440000      1.30437833
    6.460000      1.30319463
    6.480000      1.30184769
    6.500000      1.30033917
    6.520000      1.29867092
    6.540000      1.29684501
    6.560000      1.29486369
    6.580000      1.29272943
    6.600000      1.29044489
    6.620000      1.28801293
    6.640000      1.28543662
    6.660000      1.28271923
    6.680000      1.27986421
    6.700000      1.27687524
    6.720000      1.27375615
    6.740000      1.27051101
    6.760000      1.26714406
    6.780000      1.26365973
    6.800000      1.26006264
    6.820000      1.25635761
    6.840000      1.25254964
    6.860000      1.24864390
    6.880000      1.24464574
    6.900000      1.24056071
    6.920000      1.23639451
    6.940000      1.23215301
    6.960000      1.22784226
    6.980000      1.22346846
    7.000000      1.21903796
    7.020000      1.21455727
    7.040000      1.21003305
    7.060000      1.20547207
    7.080000      1.20088126
    7.100000      1.19626767
    7.120000      1.19163845
    7.140000      1.18700086
    7.160000      1.18236228
    7.180000      1.17773016
    7.200000      1.17311202
    7.220000      1.16851546
    7.240000      1.16394814
    7.260000      1.15941776
    7.280000      1.15493203
    7.300000      1.15049869
    7.320000      1.14612549
    7.340000      1.14182016
    7.360000      1.13759039
    7.380000      1.13344383
    7.400000      1.12938807
    7.420000      1.12543061
    7.440000      1.12157885
    7.460000      1.11784009
    7.480000      1.11422146
    7.500000      1.11072997
    7.520000      1.10737242
    7.540000      1.10415544
    7.560000      1.10108541
    7.580000      1.09816851
    7.600000      1.09541064
    7.620000      1.09281744
    7.640000      1.09039424
    7.660000      1.08814606
    7.680000      1.08607761
    7.700000      1.08419322
    7.720000      1.08249688
    7.740000      1.08099220
    7.760000      1.07968239
    7.780000      1.07857025
    7.800000      1.07765818
    7.820000      1.07694815
    7.840000      1.07644170
    7.860000      1.07613992
    7.880000      1.07604347
    7.900000      1.07615255
    7.920000      1.07646694
    7.940000      1.07698595
    7.960000      1.07770845
    7.980000      1.07863288
    8.000000      1.07975725
    8.020000      1.08107913
