      0.0000   0.1532513E+000
      0.0100   0.1532513E+000
      0.0200   0.1532378E+000
      0.0300   0.1532137E+000
      0.0400   0.1531792E+000
      0.0500   0.1531346E+000
      0.0600   0.1530798E+000
      0.0700   0.1530148E+000
      0.0800   0.1529397E+000
      0.0900   0.1528546E+000
      0.1000   0.1527594E+000
      0.1100   0.1526542E+000
      0.1200   0.1525391E+000
      0.1300   0.1524139E+000
      0.1400   0.1522787E+000
      0.1500   0.1521335E+000
      0.1600   0.1519782E+000
      0.1700   0.1518130E+000
      0.1800   0.1516377E+000
      0.1900   0.1514523E+000
      0.2000   0.1512570E+000
      0.2100   0.1510517E+000
      0.2200   0.1508365E+000
      0.2300   0.1506113E+000
      0.2400   0.1503761E+000
      0.2500   0.1501310E+000
      0.2600   0.1498759E+000
      0.2700   0.1496108E+000
      0.2800   0.1493359E+000
      0.2900   0.1490510E+000
      0.3000   0.1487562E+000
      0.3100   0.1484515E+000
      0.3200   0.1481369E+000
      0.3300   0.1478124E+000
      0.3400   0.1474781E+000
      0.3500   0.1471339E+000
      0.3600   0.1467799E+000
      0.3700   0.1464160E+000
      0.3800   0.1460422E+000
      0.3900   0.1456587E+000
      0.4000   0.1452655E+000
      0.4100   0.1448625E+000
      0.4200   0.1444499E+000
      0.4300   0.1440276E+000
      0.4400   0.1435955E+000
      0.4500   0.1431538E+000
      0.4600   0.1427024E+000
      0.4700   0.1422414E+000
      0.4800   0.1417709E+000
      0.4900   0.1412909E+000
      0.5000   0.1408013E+000
      0.5100   0.1403021E+000
      0.5200   0.1397934E+000
      0.5300   0.1392753E+000
      0.5400   0.1387477E+000
      0.5500   0.1382108E+000
      0.5600   0.1376646E+000
      0.5700   0.1371090E+000
      0.5800   0.1365442E+000
      0.5900   0.1359703E+000
      0.6000   0.1353871E+000
      0.6100   0.1347948E+000
      0.6200   0.1341935E+000
      0.6300   0.1335831E+000
      0.6400   0.1329637E+000
      0.6500   0.1323353E+000
      0.6600   0.1316981E+000
      0.6700   0.1310520E+000
      0.6800   0.1303972E+000
      0.6900   0.1297336E+000
      0.7000   0.1290614E+000
      0.7100   0.1283806E+000
      0.7200   0.1276913E+000
      0.7300   0.1269936E+000
      0.7400   0.1262875E+000
      0.7500   0.1255731E+000
      0.7600   0.1248504E+000
      0.7700   0.1241196E+000
      0.7800   0.1233807E+000
      0.7900   0.1226339E+000
      0.8000   0.1218791E+000
      0.8100   0.1211164E+000
      0.8200   0.1203461E+000
      0.8300   0.1195681E+000
      0.8400   0.1187825E+000
      0.8500   0.1179895E+000
      0.8600   0.1171892E+000
      0.8700   0.1163816E+000
      0.8800   0.1155670E+000
      0.8900   0.1147453E+000
      0.9000   0.1139167E+000
      0.9100   0.1130813E+000
      0.9200   0.1122392E+000
      0.9300   0.1113905E+000
      0.9400   0.1105354E+000
      0.9500   0.1096740E+000
      0.9600   0.1088064E+000
      0.9700   0.1079327E+000
      0.9800   0.1070532E+000
      0.9900   0.1061678E+000
      1.0000   0.1052769E+000
      1.0100   0.1043804E+000
      1.0200   0.1034786E+000
      1.0300   0.1025716E+000
      1.0400   0.1016596E+000
      1.0500   0.1007426E+000
      1.0600   0.9982094E-001
      1.0700   0.9889473E-001
      1.0800   0.9796414E-001
      1.0900   0.9702933E-001
      1.1000   0.9609047E-001
      1.1100   0.9514773E-001
      1.1200   0.9420129E-001
      1.1300   0.9325131E-001
      1.1400   0.9229797E-001
      1.1500   0.9134144E-001
      1.1600   0.9038195E-001
      1.1700   0.8941967E-001
      1.1800   0.8845480E-001
      1.1900   0.8748752E-001
      1.2000   0.8651803E-001
      1.2100   0.8554653E-001
      1.2200   0.8457321E-001
      1.2300   0.8359828E-001
      1.2400   0.8262195E-001
      1.2500   0.8164441E-001
      1.2600   0.8066589E-001
      1.2700   0.7968658E-001
      1.2800   0.7870671E-001
      1.2900   0.7772649E-001
      1.3000   0.7674616E-001
      1.3100   0.7576590E-001
      1.3200   0.7478593E-001
      1.3300   0.7380646E-001
      1.3400   0.7282769E-001
      1.3500   0.7184987E-001
      1.3600   0.7087321E-001
      1.3700   0.6989795E-001
      1.3800   0.6892429E-001
      1.3900   0.6795245E-001
      1.4000   0.6698266E-001
      1.4100   0.6601512E-001
      1.4200   0.6505007E-001
      1.4300   0.6408772E-001
      1.4400   0.6312829E-001
      1.4500   0.6217199E-001
      1.4600   0.6121906E-001
      1.4700   0.6026970E-001
      1.4800   0.5932410E-001
      1.4900   0.5838249E-001
      1.5000   0.5744507E-001
      1.5100   0.5651207E-001
      1.5200   0.5558370E-001
      1.5300   0.5466017E-001
      1.5400   0.5374168E-001
      1.5500   0.5282842E-001
      1.5600   0.5192058E-001
      1.5700   0.5101837E-001
      1.5800   0.5012197E-001
      1.5900   0.4923157E-001
      1.6000   0.4834736E-001
      1.6100   0.4746953E-001
      1.6200   0.4659826E-001
      1.6300   0.4573372E-001
      1.6400   0.4487608E-001
      1.6500   0.4402551E-001
      1.6600   0.4318217E-001
      1.6700   0.4234623E-001
      1.6800   0.4151784E-001
      1.6900   0.4069715E-001
      1.7000   0.3988429E-001
      1.7100   0.3907941E-001
      1.7200   0.3828264E-001
      1.7300   0.3749412E-001
      1.7400   0.3671398E-001
      1.7500   0.3594235E-001
      1.7600   0.3517934E-001
      1.7700   0.3442505E-001
      1.7800   0.3367959E-001
      1.7900   0.3294306E-001
      1.8000   0.3221556E-001
      1.8100   0.3149717E-001
      1.8200   0.3078799E-001
      1.8300   0.3008810E-001
      1.8400   0.2939755E-001
      1.8500   0.2871642E-001
      1.8600   0.2804476E-001
      1.8700   0.2738263E-001
      1.8800   0.2673009E-001
      1.8900   0.2608716E-001
      1.9000   0.2545390E-001
      1.9100   0.2483034E-001
      1.9200   0.2421651E-001
      1.9300   0.2361243E-001
      1.9400   0.2301813E-001
      1.9500   0.2243359E-001
      1.9600   0.2185883E-001
      1.9700   0.2129384E-001
      1.9800   0.2073863E-001
      1.9900   0.2019318E-001
      2.0000   0.1965748E-001
      2.0100   0.1913149E-001
      2.0200   0.1861520E-001
      2.0300   0.1810858E-001
      2.0400   0.1761159E-001
      2.0500   0.1712419E-001
      2.0600   0.1664633E-001
      2.0700   0.1617797E-001
      2.0800   0.1571905E-001
      2.0900   0.1526950E-001
      2.1000   0.1482928E-001
      2.1100   0.1439830E-001
      2.1200   0.1397651E-001
      2.1300   0.1356382E-001
      2.1400   0.1316016E-001
      2.1500   0.1276545E-001
      2.1600   0.1237959E-001
      2.1700   0.1200251E-001
      2.1800   0.1163411E-001
      2.1900   0.1127430E-001
      2.2000   0.1092299E-001
      2.2100   0.1058006E-001
      2.2200   0.1024542E-001
      2.2300   0.9918967E-002
      2.2400   0.9600592E-002
      2.2500   0.9290180E-002
      2.2600   0.8987620E-002
      2.2700   0.8692801E-002
      2.2800   0.8405614E-002
      2.2900   0.8125943E-002
      2.3000   0.7853668E-002
      2.3100   0.7588670E-002
      2.3200   0.7330829E-002
      2.3300   0.7080028E-002
      2.3400   0.6836149E-002
      2.3500   0.6599067E-002
      2.3600   0.6368656E-002
      2.3700   0.6144792E-002
      2.3800   0.5927358E-002
      2.3900   0.5716230E-002
      2.4000   0.5511283E-002
      2.4100   0.5312391E-002
      2.4200   0.5119429E-002
      2.4300   0.4932274E-002
      2.4400   0.4750807E-002
      2.4500   0.4574908E-002
      2.4600   0.4404454E-002
      2.4700   0.4239320E-002
      2.4800   0.4079385E-002
      2.4900   0.3924530E-002
      2.5000   0.3774638E-002
      2.5100   0.3629594E-002
      2.5200   0.3489281E-002
      2.5300   0.3353581E-002
      2.5400   0.3222377E-002
      2.5500   0.3095555E-002
      2.5600   0.2973002E-002
      2.5700   0.2854611E-002
      2.5800   0.2740272E-002
      2.5900   0.2629879E-002
      2.6000   0.2523324E-002
      2.6100   0.2420505E-002
      2.6200   0.2321316E-002
      2.6300   0.2225657E-002
      2.6400   0.2133428E-002
      2.6500   0.2044527E-002
      2.6600   0.1958860E-002
      2.6700   0.1876334E-002
      2.6800   0.1796853E-002
      2.6900   0.1720327E-002
      2.7000   0.1646668E-002
      2.7100   0.1575785E-002
      2.7200   0.1507593E-002
      2.7300   0.1442009E-002
      2.7400   0.1378948E-002
      2.7500   0.1318331E-002
      2.7600   0.1260078E-002
      2.7700   0.1204112E-002
      2.7800   0.1150360E-002
      2.7900   0.1098746E-002
      2.8000   0.1049197E-002
      2.8100   0.1001645E-002
      2.8200   0.9560218E-003
      2.8300   0.9122619E-003
      2.8400   0.8702997E-003
      2.8500   0.8300711E-003
      2.8600   0.7915152E-003
      2.8700   0.7545725E-003
      2.8800   0.7191846E-003
      2.8900   0.6852952E-003
      2.9000   0.6528496E-003
      2.9100   0.6217938E-003
      2.9200   0.5920758E-003
      2.9300   0.5636457E-003
      2.9400   0.5364549E-003
      2.9500   0.5104562E-003
      2.9600   0.4856042E-003
      2.9700   0.4618547E-003
      2.9800   0.4391642E-003
      2.9900   0.4174910E-003
      3.0000   0.3967947E-003
      3.0100   0.3770366E-003
      3.0200   0.3581794E-003
      3.0300   0.3401871E-003
      3.0400   0.3230241E-003
      3.0500   0.3066560E-003
      3.0600   0.2910498E-003
      3.0700   0.2761736E-003
      3.0800   0.2619969E-003
      3.0900   0.2484903E-003
      3.1000   0.2356253E-003
      3.1100   0.2233749E-003
      3.1200   0.2117127E-003
      3.1300   0.2006134E-003
      3.1400   0.1900522E-003
      3.1500   0.1800052E-003
      3.1600   0.1704503E-003
      3.1700   0.1613656E-003
      3.1800   0.1527297E-003
      3.1900   0.1445225E-003
      3.2000   0.1367248E-003
      3.2100   0.1293184E-003
      3.2200   0.1222856E-003
      3.2300   0.1156092E-003
      3.2400   0.1092727E-003
      3.2500   0.1032599E-003
      3.2600   0.9755556E-004
      3.2700   0.9214533E-004
      3.2800   0.8701508E-004
      3.2900   0.8215163E-004
      3.3000   0.7754247E-004
      3.3100   0.7317542E-004
      3.3200   0.6903895E-004
      3.3300   0.6512159E-004
      3.3400   0.6141225E-004
      3.3500   0.5790086E-004
      3.3600   0.5457795E-004
      3.3700   0.5143427E-004
      3.3800   0.4846066E-004
      3.3900   0.4564855E-004
      3.4000   0.4299006E-004
      3.4100   0.4047745E-004
      3.4200   0.3810316E-004
      3.4300   0.3586003E-004
      3.4400   0.3374127E-004
      3.4500   0.3174031E-004
      3.4600   0.2985121E-004
      3.4700   0.2806827E-004
      3.4800   0.2638587E-004
      3.4900   0.2479874E-004
      3.5000   0.2330185E-004
      3.5100   0.2189039E-004
      3.5200   0.2055977E-004
      3.5300   0.1930566E-004
      3.5400   0.1812405E-004
      3.5500   0.1701095E-004
      3.5600   0.1596262E-004
      3.5700   0.1497552E-004
      3.5800   0.1404638E-004
      3.5900   0.1317206E-004
      3.6000   0.1234945E-004
      3.6100   0.1157560E-004
      3.6200   0.1084788E-004
      3.6300   0.1016378E-004
      3.6400   0.9520695E-005
      3.6500   0.8916197E-005
      3.6600   0.8348162E-005
      3.6700   0.7814585E-005
      3.6800   0.7313483E-005
      3.6900   0.6842944E-005
      3.7000   0.6401218E-005
      3.7100   0.5986641E-005
      3.7200   0.5597625E-005
      3.7300   0.5232728E-005
      3.7400   0.4890587E-005
      3.7500   0.4569828E-005
      3.7600   0.4269169E-005
      3.7700   0.3987417E-005
      3.7800   0.3723411E-005
      3.7900   0.3476092E-005
      3.8000   0.3244453E-005
      3.8100   0.3027575E-005
      3.8200   0.2824601E-005
      3.8300   0.2634684E-005
      3.8400   0.2457049E-005
      3.8500   0.2290915E-005
      3.8600   0.2135536E-005
      3.8700   0.1990222E-005
      3.8800   0.1854365E-005
      3.8900   0.1727421E-005
      3.9000   0.1608807E-005
      3.9100   0.1497999E-005
      3.9200   0.1394535E-005
      3.9300   0.1297930E-005
      3.9400   0.1207722E-005
      3.9500   0.1123526E-005
      3.9600   0.1044967E-005
      3.9700   0.9716813E-006
      3.9800   0.9033414E-006
      3.9900   0.8396274E-006
      4.0000   0.7802312E-006
      4.0100   0.7248786E-006
      4.0200   0.6733054E-006
      4.0300   0.6252796E-006
      4.0400   0.5805755E-006
      4.0500   0.5389545E-006
      4.0600   0.5002093E-006
      4.0700   0.4641465E-006
      4.0800   0.4305708E-006
      4.0900   0.3993251E-006
      4.1000   0.3702701E-006
      4.1100   0.3432509E-006
      4.1200   0.3181254E-006
      4.1300   0.2947743E-006
      4.1400   0.2730788E-006
      4.1500   0.2529165E-006
      4.1600   0.2341921E-006
      4.1700   0.2168219E-006
      4.1800   0.2007144E-006
      4.1900   0.1857712E-006
      4.2000   0.1718954E-006
      4.2100   0.1590125E-006
      4.2200   0.1470583E-006
      4.2300   0.1359750E-006
      4.2400   0.1257009E-006
      4.2500   0.1161739E-006
      4.2600   0.1073382E-006
      4.2700   0.9914794E-007
      4.2800   0.9156852E-007
      4.2900   0.8455459E-007
      4.3000   0.7806078E-007
      4.3100   0.7205301E-007
      4.3200   0.6649499E-007
      4.3300   0.6134674E-007
      4.3400   0.5657515E-007
      4.3500   0.5216118E-007
      4.3600   0.4809156E-007
      4.3700   0.4433546E-007
      4.3800   0.4086508E-007
      4.3900   0.3765513E-007
      4.4000   0.3468559E-007
      4.4100   0.3194154E-007
      4.4200   0.2940647E-007
      4.4300   0.2706425E-007
      4.4400   0.2490217E-007
      4.4500   0.2291210E-007
      4.4600   0.2108162E-007
      4.4700   0.1939431E-007
      4.4800   0.1783517E-007
      4.4900   0.1639678E-007
      4.5000   0.1506963E-007
      4.5100   0.1384534E-007
      4.5200   0.1271813E-007
      4.5300   0.1168020E-007
      4.5400   0.1072426E-007
      4.5500   0.9843115E-008
      4.5600   0.9030255E-008
      4.5700   0.8283129E-008
      4.5800   0.7596762E-008
      4.5900   0.6966642E-008
      4.6000   0.6387631E-008
      4.6100   0.5854479E-008
      4.6200   0.5365061E-008
      4.6300   0.4917115E-008
      4.6400   0.4506195E-008
      4.6500   0.4126875E-008
      4.6600   0.3776919E-008
      4.6700   0.3454954E-008
      4.6800   0.3160382E-008
      4.6900   0.2891686E-008
      4.7000   0.2645473E-008
      4.7100   0.2419311E-008
      4.7200   0.2210811E-008
      4.7300   0.2018675E-008
      4.7400   0.1842860E-008
      4.7500   0.1682672E-008
      4.7600   0.1536966E-008
      4.7700   0.1403937E-008
      4.7800   0.1282778E-008
      4.7900   0.1172044E-008
      4.8000   0.1069810E-008
      4.8100   0.9758078E-009
      4.8200   0.8892757E-009
      4.8300   0.8094718E-009
      4.8400   0.7368224E-009
      4.8500   0.6705027E-009
      4.8600   0.6094472E-009
      4.8700   0.5535143E-009
      4.8800   0.5024190E-009
      4.8900   0.4560681E-009
      4.9000   0.4144964E-009
      4.9100   0.3770758E-009
      4.9200   0.3429761E-009
      4.9300   0.3119306E-009
      4.9400   0.2837956E-009
      4.9500   0.2584021E-009
      4.9600   0.2353810E-009
      4.9700   0.2138978E-009
      4.9800   0.1938823E-009
      4.9900   0.1755745E-009
      5.0000   0.1588886E-009
      5.0100   0.1439264E-009
      5.0200   0.1304494E-009
      5.0300   0.1182560E-009
      5.0400   0.1070888E-009
      5.0500   0.9686606E-010
      5.0600   0.8769432E-010
      5.0700   0.7938920E-010
      5.0800   0.7173679E-010
      5.0900   0.6473520E-010
      5.1000   0.5836475E-010
      5.1100   0.5256109E-010
      5.1200   0.4745768E-010
      5.1300   0.4291203E-010
      5.1400   0.3870861E-010
      5.1500   0.3493273E-010
      5.1600   0.3156918E-010
      5.1700   0.2852051E-010
      5.1800   0.2583171E-010
      5.1900   0.2343677E-010
      5.2000   0.2119102E-010
      5.2100   0.1910749E-010
      5.2200   0.1723181E-010
      5.2300   0.1549765E-010
      5.2400   0.1388067E-010
      5.2500   0.1247203E-010
      5.2600   0.1123089E-010
      5.2700   0.1013779E-010
      5.2800   0.9177157E-011
      5.2900   0.8314963E-011
      5.3000   0.7549578E-011
      5.3100   0.6799456E-011
      5.3200   0.6090128E-011
      5.3300   0.5473754E-011
      5.3400   0.4939853E-011
      5.3500   0.4469895E-011
      5.3600   0.4060531E-011
      5.3700   0.3710108E-011
      5.3800   0.3389123E-011
      5.3900   0.3102005E-011
      5.4000   0.2876367E-011
      5.4100   0.2696095E-011
      5.4200   0.2498628E-011
      5.4300   0.2279642E-011
      5.4400   0.2051807E-011
      5.4500   0.1817429E-011
      5.4600   0.1598700E-011
      5.4700   0.1415870E-011
      5.4800   0.1291950E-011
      5.4900   0.1189638E-011
      5.5000   0.1083203E-011
      5.5100   0.9782650E-012
      5.5200   0.8933253E-012
      5.5300   0.8302963E-012
      5.5400   0.7624783E-012
      5.5500   0.6991843E-012
      5.5600   0.6450568E-012
      5.5700   0.5972934E-012
      5.5800   0.5558778E-012
      5.5900   0.5221049E-012
      5.6000   0.4993963E-012
      5.6100   0.4818992E-012
      5.6200   0.4555609E-012
      5.6300   0.4278715E-012
      5.6400   0.4024382E-012
      5.6500   0.3796705E-012
      5.6600   0.3719862E-012
      5.6700   0.3607076E-012
      5.6800   0.3291884E-012
      5.6900   0.3016231E-012
      5.7000   0.2928860E-012
      5.7100   0.2811938E-012
      5.7200   0.2526454E-012
      5.7300   0.2211201E-012
      5.7400   0.1958603E-012
      5.7500   0.1784746E-012
      5.7600   0.1717998E-012
      5.7700   0.1707664E-012
      5.7800   0.1660170E-012
      5.7900   0.1564848E-012
      5.8000   0.1450764E-012
      5.8100   0.1337744E-012
      5.8200   0.1252245E-012
      5.8300   0.1154006E-012
      5.8400   0.1044513E-012
      5.8500   0.9262879E-013
      5.8600   0.7986487E-013
      5.8700   0.7439453E-013
      5.8800   0.7442961E-013
      5.8900   0.7401334E-013
      5.9000   0.8006868E-013
      5.9100   0.9684827E-013
      5.9200   0.1104546E-012
      5.9300   0.1106661E-012
      5.9400   0.1044884E-012
      5.9500   0.9625649E-013
      5.9600   0.8383394E-013
      5.9700   0.6863669E-013
      5.9800   0.5775838E-013
      5.9900   0.5579620E-013
      6.0000   0.5684594E-013
      6.0100   0.5682586E-013
      6.0200   0.5390374E-013
      6.0300   0.4903999E-013
      6.0400   0.4839634E-013
      6.0500   0.5032104E-013
      6.0600   0.4955859E-013
      6.0700   0.4491121E-013
      6.0800   0.4256792E-013
      6.0900   0.4306713E-013
      6.1000   0.4169493E-013
      6.1100   0.3896674E-013
      6.1200   0.4111077E-013
      6.1300   0.4618110E-013
      6.1400   0.4923257E-013
      6.1500   0.4802618E-013
      6.1600   0.4256931E-013
      6.1700   0.4068441E-013
      6.1800   0.4494680E-013
      6.1900   0.5415060E-013
      6.2000   0.5867414E-013
      6.2100   0.5381039E-013
      6.2200   0.4586805E-013
      6.2300   0.3943002E-013
      6.2400   0.3664700E-013
      6.2500   0.3645988E-013
      6.2600   0.3868296E-013
      6.2700   0.4065997E-013
      6.2800   0.3864981E-013
      6.2900   0.3462877E-013
      6.3000   0.3220271E-013
      6.3100   0.3098229E-013
      6.3200   0.3113679E-013
      6.3300   0.3323699E-013
      6.3400   0.3488472E-013
      6.3500   0.3450886E-013
      6.3600   0.3393317E-013
      6.3700   0.3420182E-013
      6.3800   0.3453983E-013
      6.3900   0.3709402E-013
      6.4000   0.4080386E-013
      6.4100   0.4377067E-013
      6.4200   0.4693144E-013
      6.4300   0.4977616E-013
      6.4400   0.5417311E-013
      6.4500   0.5800017E-013
      6.4600   0.5401145E-013
      6.4700   0.4760322E-013
      6.4800   0.4531136E-013
      6.4900   0.4685192E-013
      6.5000   0.4775392E-013
      6.5100   0.4355058E-013
      6.5200   0.3912833E-013
      6.5300   0.3871317E-013
      6.5400   0.3877468E-013
      6.5500   0.3461724E-013
      6.5600   0.3006040E-013
      6.5700   0.2896362E-013
      6.5800   0.3066926E-013
      6.5900   0.3157946E-013
      6.6000   0.3179277E-013
      6.6100   0.3334434E-013
      6.6200   0.3551590E-013
      6.6300   0.3843279E-013
      6.6400   0.4233900E-013
      6.6500   0.4782592E-013
      6.6600   0.5271930E-013
      6.6700   0.5137455E-013
      6.6800   0.4396217E-013
      6.6900   0.3717602E-013
      6.7000   0.3188528E-013
      6.7100   0.3121772E-013
      6.7200   0.3476422E-013
      6.7300   0.3701032E-013
      6.7400   0.3768973E-013
      6.7500   0.3740684E-013
      6.7600   0.4001527E-013
      6.7700   0.4657707E-013
      6.7800   0.5133840E-013
      6.7900   0.4851193E-013
      6.8000   0.4303037E-013
      6.8100   0.4097006E-013
      6.8200   0.4060175E-013
      6.8300   0.3920591E-013
      6.8400   0.3660234E-013
      6.8500   0.3542259E-013
      6.8600   0.3581377E-013
      6.8700   0.3381816E-013
      6.8800   0.2887650E-013
      6.8900   0.2485172E-013
      6.9000   0.2437699E-013
      6.9100   0.2776468E-013
      6.9200   0.3388234E-013
      6.9300   0.4233285E-013
      6.9400   0.4977326E-013
      6.9500   0.5538531E-013
      6.9600   0.6006969E-013
      6.9700   0.6273483E-013
      6.9800   0.6151522E-013
      6.9900   0.5784166E-013
      7.0000   0.5372877E-013
      7.0100   0.4817276E-013
      7.0200   0.4036007E-013
      7.0300   0.3221762E-013
      7.0400   0.2830012E-013
      7.0500   0.2696470E-013
      7.0600   0.2573651E-013
      7.0700   0.2395938E-013
      7.0800   0.2338880E-013
      7.0900   0.2466783E-013
      7.1000   0.2714504E-013
      7.1100   0.3005720E-013
      7.1200   0.3204635E-013
      7.1300   0.3610438E-013
      7.1400   0.4344654E-013
      7.1500   0.5071902E-013
      7.1600   0.5414045E-013
      7.1700   0.5600786E-013
      7.1800   0.5824542E-013
      7.1900   0.5852835E-013
      7.2000   0.5584299E-013
      7.2100   0.4801635E-013
      7.2200   0.3906963E-013
      7.2300   0.3217325E-013
      7.2400   0.2823574E-013
      7.2500   0.2613630E-013
      7.2600   0.2451619E-013
      7.2700   0.2241415E-013
      7.2800   0.2208377E-013
      7.2900   0.2592048E-013
      7.3000   0.3169521E-013
      7.3100   0.3662134E-013
      7.3200   0.3770931E-013
      7.3300   0.3745358E-013
      7.3400   0.3930121E-013
      7.3500   0.4390177E-013
      7.3600   0.5050077E-013
      7.3700   0.5692481E-013
      7.3800   0.5743284E-013
      7.3900   0.5376694E-013
      7.4000   0.4988880E-013
      7.4100   0.4431786E-013
      7.4200   0.3831247E-013
      7.4300   0.3423090E-013
      7.4400   0.3516211E-013
      7.4500   0.3626739E-013
      7.4600   0.3327475E-013
      7.4700   0.2998514E-013
      7.4800   0.2951345E-013
      7.4900   0.3337740E-013
      7.5000   0.3963158E-013
      7.5100   0.4476067E-013
      7.5200   0.4443896E-013
      7.5300   0.4150456E-013
      7.5400   0.3811838E-013
      7.5500   0.3259504E-013
      7.5600   0.2979008E-013
      7.5700   0.2765957E-013
      7.5800   0.2541464E-013
      7.5900   0.2609916E-013
      7.6000   0.2781187E-013
      7.6100   0.2802677E-013
      7.6200   0.2787946E-013
      7.6300   0.3046956E-013
      7.6400   0.3375388E-013
      7.6500   0.3643981E-013
      7.6600   0.3971198E-013
      7.6700   0.4339899E-013
      7.6800   0.4621444E-013
      7.6900   0.4647588E-013
      7.7000   0.4456951E-013
      7.7100   0.4344690E-013
      7.7200   0.4490129E-013
      7.7300   0.4782867E-013
      7.7400   0.5048463E-013
      7.7500   0.5093335E-013
      7.7600   0.5018796E-013
      7.7700   0.4949284E-013
      7.7800   0.4727351E-013
      7.7900   0.4382741E-013
      7.8000   0.3889007E-013
      7.8100   0.3465220E-013
      7.8200   0.3231886E-013
      7.8300   0.3125843E-013
      7.8400   0.3068293E-013
      7.8500   0.2801873E-013
      7.8600   0.2634172E-013
      7.8700   0.2595684E-013
      7.8800   0.2470164E-013
      7.8900   0.2349700E-013
      7.9000   0.2343577E-013
      7.9100   0.2528778E-013
      7.9200   0.2894349E-013
      7.9300   0.3470943E-013
      7.9400   0.4178932E-013
      7.9500   0.4621741E-013
      7.9600   0.4792251E-013
      7.9700   0.4621134E-013
      7.9800   0.3863874E-013
      7.9900   0.3216942E-013
      8.0000   0.2976757E-013
      8.0100   0.3083931E-013
      8.0200   0.3307738E-013
      8.0300   0.3378402E-013
      8.0400   0.3548999E-013
      8.0500   0.3916368E-013
      8.0600   0.4324866E-013
      8.0700   0.4871510E-013
      8.0800   0.5659283E-013
      8.0900   0.6114966E-013
      8.1000   0.5776408E-013
      8.1100   0.5137168E-013
      8.1200   0.4663678E-013
      8.1300   0.4251373E-013
      8.1400   0.3682575E-013
      8.1500   0.2958128E-013
      8.1600   0.2387690E-013
      8.1700   0.2158500E-013
      8.1800   0.2193347E-013
      8.1900   0.2353907E-013
      8.2000   0.2594723E-013
      8.2100   0.2900572E-013
      8.2200   0.2999004E-013
      8.2300   0.3106903E-013
      8.2400   0.3212383E-013
      8.2500   0.2866362E-013
      8.2600   0.2539331E-013
      8.2700   0.2748860E-013
      8.2800   0.3312285E-013
      8.2900   0.3811088E-013
      8.3000   0.4168821E-013
      8.3100   0.4266678E-013
      8.3200   0.4222973E-013
      8.3300   0.3873438E-013
      8.3400   0.3378806E-013
      8.3500   0.3027963E-013
      8.3600   0.2712408E-013
      8.3700   0.2762010E-013
      8.3800   0.3249297E-013
      8.3900   0.4012281E-013
      8.4000   0.4664754E-013
      8.4100   0.4689975E-013
      8.4200   0.4057939E-013
      8.4300   0.3271228E-013
      8.4400   0.2975962E-013
      8.4500   0.3365063E-013
      8.4600   0.3885879E-013
      8.4700   0.3997001E-013
      8.4800   0.3853071E-013
      8.4900   0.3570895E-013
      8.5000   0.3093890E-013
      8.5100   0.2655629E-013
      8.5200   0.2615770E-013
      8.5300   0.2966970E-013
      8.5400   0.3403762E-013
      8.5500   0.3828351E-013
      8.5600   0.3969871E-013
      8.5700   0.3680048E-013
      8.5800   0.3646142E-013
      8.5900   0.3803633E-013
      8.6000   0.3730370E-013
      8.6100   0.3714746E-013
      8.6200   0.3608135E-013
      8.6300   0.3172620E-013
      8.6400   0.2743924E-013
      8.6500   0.2479679E-013
      8.6600   0.2329761E-013
      8.6700   0.2201732E-013
      8.6800   0.2244637E-013
      8.6900   0.2511538E-013
      8.7000   0.2747256E-013
      8.7100   0.2713454E-013
      8.7200   0.2649706E-013
      8.7300   0.2710426E-013
      8.7400   0.2790249E-013
      8.7500   0.3120112E-013
      8.7600   0.3737771E-013
      8.7700   0.4382960E-013
      8.7800   0.4676025E-013
      8.7900   0.4733930E-013
      8.8000   0.4564815E-013
      8.8100   0.4354829E-013
      8.8200   0.4364058E-013
      8.8300   0.4346737E-013
      8.8400   0.4321088E-013
      8.8500   0.4147594E-013
      8.8600   0.3831945E-013
      8.8700   0.3669260E-013
      8.8800   0.3534005E-013
      8.8900   0.3056198E-013
      8.9000   0.2543233E-013
      8.9100   0.2352844E-013
      8.9200   0.2343365E-013
      8.9300   0.2335857E-013
      8.9400   0.2306927E-013
      8.9500   0.2248634E-013
      8.9600   0.2142188E-013
      8.9700   0.2082715E-013
      8.9800   0.2043274E-013
      8.9900   0.1965818E-013
      9.0000   0.1895498E-013
      9.0100   0.2005394E-013
      9.0200   0.2288603E-013
      9.0300   0.2533153E-013
      9.0400   0.2764748E-013
      9.0500   0.3144233E-013
      9.0600   0.3645200E-013
      9.0700   0.4268584E-013
      9.0800   0.4681431E-013
      9.0900   0.4867921E-013
      9.1000   0.5107404E-013
      9.1100   0.5238213E-013
      9.1200   0.5018133E-013
      9.1300   0.4496944E-013
      9.1400   0.4010397E-013
      9.1500   0.3577637E-013
      9.1600   0.3298113E-013
      9.1700   0.3061542E-013
      9.1800   0.2722300E-013
      9.1900   0.2370891E-013
      9.2000   0.2003589E-013
      9.2100   0.1745577E-013
      9.2200   0.1602210E-013
      9.2300   0.1359087E-013
      9.2400   0.1183965E-013
      9.2500   0.1261455E-013
      9.2600   0.1527885E-013
      9.2700   0.1879419E-013
      9.2800   0.2262238E-013
      9.2900   0.2752157E-013
      9.3000   0.3332782E-013
      9.3100   0.3931991E-013
      9.3200   0.4255843E-013
      9.3300   0.4022926E-013
      9.3400   0.3696709E-013
      9.3500   0.3705667E-013
      9.3600   0.3816901E-013
      9.3700   0.3697654E-013
      9.3800   0.3384787E-013
      9.3900   0.3205775E-013
      9.4000   0.3023192E-013
      9.4100   0.2573701E-013
      9.4200   0.2264704E-013
      9.4300   0.2196836E-013
      9.4400   0.2207704E-013
      9.4500   0.2189436E-013
      9.4600   0.1993172E-013
      9.4700   0.1747101E-013
      9.4800   0.1652127E-013
      9.4900   0.1682154E-013
      9.5000   0.1862582E-013
      9.5100   0.2241963E-013
      9.5200   0.2748842E-013
      9.5300   0.3108627E-013
      9.5400   0.3383991E-013
      9.5500   0.3663293E-013
      9.5600   0.3724516E-013
      9.5700   0.3499955E-013
      9.5800   0.3168567E-013
      9.5900   0.2998481E-013
      9.6000   0.2975964E-013
      9.6100   0.3017827E-013
      9.6200   0.3034930E-013
      9.6300   0.2991439E-013
      9.6400   0.2999896E-013
      9.6500   0.2927303E-013
      9.6600   0.2598261E-013
      9.6700   0.2119064E-013
      9.6800   0.1624608E-013
      9.6900   0.1279996E-013
      9.7000   0.1188740E-013
      9.7100   0.1222095E-013
      9.7200   0.1243777E-013
      9.7300   0.1367285E-013
      9.7400   0.1766865E-013
      9.7500   0.2285900E-013
      9.7600   0.2726973E-013
      9.7700   0.3037428E-013
      9.7800   0.3028953E-013
      9.7900   0.2980927E-013
      9.8000   0.3132967E-013
      9.8100   0.3457912E-013
      9.8200   0.3656247E-013
      9.8300   0.3436807E-013
      9.8400   0.3156368E-013
      9.8500   0.2953004E-013
      9.8600   0.2882972E-013
      9.8700   0.2795909E-013
      9.8800   0.2746768E-013
      9.8900   0.2783410E-013
      9.9000   0.2495830E-013
      9.9100   0.1940811E-013
      9.9200   0.1513479E-013
      9.9300   0.1418843E-013
      9.9400   0.1452252E-013
      9.9500   0.1390530E-013
      9.9600   0.1310644E-013
      9.9700   0.1406318E-013
      9.9800   0.1787487E-013
      9.9900   0.2310061E-013
     10.0000   0.2511215E-013
     10.0100   0.2268729E-013
     10.0200   0.1964464E-013
     10.0300   0.1748098E-013
     10.0400   0.1731272E-013
     10.0500   0.2018898E-013
     10.0600   0.2332689E-013
     10.0700   0.2597731E-013
     10.0800   0.2851258E-013
     10.0900   0.2966187E-013
     10.1000   0.3068942E-013
     10.1100   0.3029013E-013
     10.1200   0.2744931E-013
     10.1300   0.2418011E-013
     10.1400   0.2186504E-013
     10.1500   0.2159086E-013
     10.1600   0.2228859E-013
     10.1700   0.2229508E-013
     10.1800   0.2054585E-013
     10.1900   0.1785024E-013
     10.2000   0.1509494E-013
     10.2100   0.1192769E-013
     10.2200   0.1055493E-013
     10.2300   0.1265362E-013
     10.2400   0.1575561E-013
     10.2500   0.1947357E-013
     10.2600   0.2376380E-013
     10.2700   0.2548660E-013
     10.2800   0.2478775E-013
     10.2900   0.2263049E-013
     10.3000   0.2107624E-013
     10.3100   0.2067861E-013
     10.3200   0.1971843E-013
     10.3300   0.1739695E-013
     10.3400   0.1557993E-013
     10.3500   0.1552982E-013
     10.3600   0.1572699E-013
     10.3700   0.1608381E-013
     10.3800   0.1834293E-013
     10.3900   0.2177843E-013
     10.4000   0.2517453E-013
     10.4100   0.2676632E-013
     10.4200   0.2496339E-013
     10.4300   0.2388384E-013
     10.4400   0.2425561E-013
     10.4500   0.2408285E-013
     10.4600   0.2425877E-013
     10.4700   0.2479485E-013
     10.4800   0.2276197E-013
     10.4900   0.1734925E-013
     10.5000   0.1449554E-013
     10.5100   0.1484860E-013
     10.5200   0.1488411E-013
     10.5300   0.1452601E-013
     10.5400   0.1391904E-013
     10.5500   0.1291688E-013
     10.5600   0.1257976E-013
     10.5700   0.1301669E-013
     10.5800   0.1355492E-013
     10.5900   0.1411949E-013
     10.6000   0.1516584E-013
     10.6100   0.1617663E-013
     10.6200   0.1777513E-013
     10.6300   0.1902449E-013
     10.6400   0.1968454E-013
     10.6500   0.2116529E-013
     10.6600   0.2356179E-013
     10.6700   0.2770119E-013
     10.6800   0.3075870E-013
     10.6900   0.2997701E-013
     10.7000   0.2742070E-013
     10.7100   0.2479965E-013
     10.7200   0.2149213E-013
     10.7300   0.1754610E-013
     10.7400   0.1470258E-013
     10.7500   0.1288284E-013
     10.7600   0.1059178E-013
     10.7700   0.8518432E-014
     10.7800   0.7991663E-014
     10.7900   0.9056693E-014
     10.8000   0.1106732E-013
     10.8100   0.1256885E-013
     10.8200   0.1335743E-013
     10.8300   0.1493049E-013
     10.8400   0.1729553E-013
     10.8500   0.1776801E-013
     10.8600   0.1612289E-013
     10.8700   0.1407239E-013
     10.8800   0.1275409E-013
     10.8900   0.1275939E-013
     10.9000   0.1399747E-013
     10.9100   0.1625480E-013
     10.9200   0.1694169E-013
     10.9300   0.1662437E-013
     10.9400   0.1745404E-013
     10.9500   0.1874636E-013
     10.9600   0.1983230E-013
     10.9700   0.2073526E-013
     10.9800   0.2021928E-013
     10.9900   0.1806313E-013
     11.0000   0.1735029E-013
     11.0100   0.1902915E-013
     11.0200   0.2136218E-013
     11.0300   0.2118084E-013
     11.0400   0.1863446E-013
     11.0500   0.1542063E-013
     11.0600   0.1225603E-013
     11.0700   0.1046038E-013
     11.0800   0.9227908E-014
     11.0900   0.8566855E-014
     11.1000   0.8922293E-014
     11.1100   0.9490277E-014
     11.1200   0.1093374E-013
     11.1300   0.1371666E-013
     11.1400   0.1669364E-013
     11.1500   0.1732388E-013
     11.1600   0.1501361E-013
     11.1700   0.1122744E-013
     11.1800   0.9338199E-014
     11.1900   0.1087309E-013
     11.2000   0.1326805E-013
     11.2100   0.1403772E-013
     11.2200   0.1390946E-013
     11.2300   0.1337481E-013
     11.2400   0.1314913E-013
     11.2500   0.1399065E-013
     11.2600   0.1549409E-013
     11.2700   0.1790832E-013
     11.2800   0.2060699E-013
     11.2900   0.2199762E-013
     11.3000   0.2063281E-013
     11.3100   0.1693289E-013
     11.3200   0.1408409E-013
     11.3300   0.1313372E-013
     11.3400   0.1280290E-013
     11.3500   0.1258746E-013
     11.3600   0.1277423E-013
     11.3700   0.1346227E-013
     11.3800   0.1446197E-013
     11.3900   0.1517757E-013
     11.4000   0.1457731E-013
     11.4100   0.1281065E-013
     11.4200   0.1121307E-013
     11.4300   0.9564810E-014
     11.4400   0.8593381E-014
     11.4500   0.9028908E-014
     11.4600   0.9393214E-014
     11.4700   0.9816893E-014
     11.4800   0.1011696E-013
     11.4900   0.1007003E-013
     11.5000   0.1059159E-013
     11.5100   0.1076317E-013
     11.5200   0.1100981E-013
     11.5300   0.1266566E-013
     11.5400   0.1550380E-013
     11.5500   0.1785795E-013
     11.5600   0.1908195E-013
     11.5700   0.1983379E-013
     11.5800   0.1991282E-013
     11.5900   0.1853682E-013
     11.6000   0.1661894E-013
     11.6100   0.1488855E-013
     11.6200   0.1286160E-013
     11.6300   0.1126703E-013
     11.6400   0.1103908E-013
     11.6500   0.1186755E-013
     11.6600   0.1275038E-013
     11.6700   0.1269355E-013
     11.6800   0.1148126E-013
     11.6900   0.9002000E-014
     11.7000   0.6047730E-014
     11.7100   0.4436599E-014
     11.7200   0.3875274E-014
     11.7300   0.3808993E-014
     11.7400   0.4453283E-014
     11.7500   0.6543494E-014
     11.7600   0.1029682E-013
     11.7700   0.1375718E-013
     11.7800   0.1591195E-013
     11.7900   0.1636033E-013
     11.8000   0.1605045E-013
     11.8100   0.1665329E-013
     11.8200   0.1814412E-013
     11.8300   0.1991035E-013
     11.8400   0.1946063E-013
     11.8500   0.1606926E-013
     11.8600   0.1213087E-013
     11.8700   0.1023497E-013
     11.8800   0.1055470E-013
     11.8900   0.1107139E-013
     11.9000   0.1285582E-013
     11.9100   0.1562337E-013
     11.9200   0.1678024E-013
     11.9300   0.1621686E-013
     11.9400   0.1558604E-013
     11.9500   0.1473503E-013
     11.9600   0.1282072E-013
     11.9700   0.1040504E-013
     11.9800   0.8133302E-014
     11.9900   0.6096450E-014
     12.0000   0.5127827E-014
     12.0100   0.4570539E-014
     12.0200   0.3308715E-014
     12.0300   0.2065030E-014
     12.0400   0.1812541E-014
     12.0500   0.2131916E-014
     12.0600   0.2706697E-014
     12.0700   0.4681539E-014
     12.0800   0.8829458E-014
     12.0900   0.1386155E-013
     12.1000   0.1952584E-013
     12.1100   0.2247233E-013
     12.1200   0.2231873E-013
     12.1300   0.2252252E-013
     12.1400   0.2206963E-013
     12.1500   0.1986199E-013
     12.1600   0.1759416E-013
     12.1700   0.1664298E-013
     12.1800   0.1595192E-013
     12.1900   0.1377628E-013
     12.2000   0.1074281E-013
     12.2100   0.8492526E-014
     12.2200   0.7059852E-014
     12.2300   0.6585834E-014
     12.2400   0.7867724E-014
     12.2500   0.1052646E-013
     12.2600   0.1235504E-013
     12.2700   0.1223971E-013
     12.2800   0.1105658E-013
     12.2900   0.9203082E-014
     12.3000   0.7687084E-014
     12.3100   0.6991145E-014
     12.3200   0.6413493E-014
     12.3300   0.5861417E-014
     12.3400   0.5683696E-014
     12.3500   0.5229005E-014
     12.3600   0.4321311E-014
     12.3700   0.4446555E-014
     12.3800   0.5755549E-014
     12.3900   0.6999986E-014
     12.4000   0.7287818E-014
     12.4100   0.6898940E-014
     12.4200   0.7004601E-014
     12.4300   0.7107646E-014
     12.4400   0.7204012E-014
     12.4500   0.7692610E-014
     12.4600   0.8740896E-014
     12.4700   0.1039681E-013
     12.4800   0.1173712E-013
     12.4900   0.1283549E-013
     12.5000   0.1416018E-013
     12.5100   0.1557062E-013
     12.5200   0.1650671E-013
     12.5300   0.1626641E-013
     12.5400   0.1540503E-013
     12.5500   0.1351186E-013
     12.5600   0.1083484E-013
     12.5700   0.8513369E-014
     12.5800   0.6779851E-014
     12.5900   0.5319767E-014
     12.6000   0.5028432E-014
     12.6100   0.5364018E-014
     12.6200   0.5019760E-014
     12.6300   0.4772552E-014
     12.6400   0.4849660E-014
     12.6500   0.4492411E-014
     12.6600   0.4465450E-014
     12.6700   0.4925339E-014
     12.6800   0.4992499E-014
     12.6900   0.5509147E-014
     12.7000   0.6085971E-014
     12.7100   0.6215765E-014
     12.7200   0.7098776E-014
     12.7300   0.8262717E-014
     12.7400   0.1047697E-013
     12.7500   0.1287033E-013
     12.7600   0.1442979E-013
     12.7700   0.1487459E-013
     12.7800   0.1292371E-013
     12.7900   0.1084997E-013
     12.8000   0.1008427E-013
     12.8100   0.1017621E-013
     12.8200   0.1002895E-013
     12.8300   0.9306997E-014
     12.8400   0.8283399E-014
     12.8500   0.6729912E-014
     12.8600   0.5365502E-014
     12.8700   0.4259331E-014
     12.8800   0.3507929E-014
     12.8900   0.3289109E-014
     12.9000   0.4131848E-014
     12.9100   0.6447902E-014
     12.9200   0.9095553E-014
     12.9300   0.1002203E-013
     12.9400   0.8795311E-014
     12.9500   0.7196889E-014
     12.9600   0.6380501E-014
     12.9700   0.6410786E-014
     12.9800   0.6570493E-014
     12.9900   0.6094728E-014
     13.0000   0.5746257E-014
     13.0100   0.5985589E-014
     13.0200   0.6169221E-014
     13.0300   0.6480939E-014
     13.0400   0.6886501E-014
     13.0500   0.7309039E-014
     13.0600   0.7661204E-014
     13.0700   0.8032763E-014
     13.0800   0.7013514E-014
     13.0900   0.4579948E-014
     13.1000   0.3352190E-014
     13.1100   0.3408406E-014
     13.1200   0.4008662E-014
     13.1300   0.5104119E-014
     13.1400   0.6761339E-014
     13.1500   0.8542976E-014
     13.1600   0.9996011E-014
     13.1700   0.1129308E-013
     13.1800   0.1233946E-013
     13.1900   0.1239953E-013
     13.2000   0.1160530E-013
     13.2100   0.1186142E-013
     13.2200   0.1212288E-013
     13.2300   0.1086575E-013
     13.2400   0.9373629E-014
     13.2500   0.7656262E-014
     13.2600   0.5769636E-014
     13.2700   0.4633848E-014
     13.2800   0.4373597E-014
     13.2900   0.4769298E-014
     13.3000   0.5573172E-014
     13.3100   0.6723705E-014
     13.3200   0.7913454E-014
     13.3300   0.8751009E-014
     13.3400   0.9365556E-014
     13.3500   0.9052350E-014
     13.3600   0.7157698E-014
     13.3700   0.4939549E-014
     13.3800   0.3527662E-014
     13.3900   0.3141344E-014
     13.4000   0.3670977E-014
     13.4100   0.4919475E-014
     13.4200   0.6052467E-014
     13.4300   0.6600491E-014
     13.4400   0.6570475E-014
     13.4500   0.5581247E-014
     13.4600   0.4506398E-014
     13.4700   0.4127127E-014
     13.4800   0.4177593E-014
     13.4900   0.4669930E-014
     13.5000   0.5056284E-014
     13.5100   0.5520366E-014
     13.5200   0.7127623E-014
     13.5300   0.9037717E-014
     13.5400   0.1025179E-013
     13.5500   0.1028022E-013
     13.5600   0.9917391E-014
     13.5700   0.9572608E-014
     13.5800   0.9264805E-014
     13.5900   0.9006619E-014
     13.6000   0.7745313E-014
     13.6100   0.5519497E-014
     13.6200   0.4022150E-014
     13.6300   0.3962589E-014
     13.6400   0.3848315E-014
     13.6500   0.3386771E-014
     13.6600   0.3822780E-014
     13.6700   0.4556304E-014
     13.6800   0.4956316E-014
     13.6900   0.4907011E-014
     13.7000   0.4990595E-014
     13.7100   0.5868253E-014
     13.7200   0.7118032E-014
     13.7300   0.8957054E-014
     13.7400   0.1076553E-013
     13.7500   0.1153357E-013
     13.7600   0.1155065E-013
     13.7700   0.1124392E-013
     13.7800   0.1122327E-013
     13.7900   0.1101374E-013
     13.8000   0.8852195E-014
     13.8100   0.5392742E-014
     13.8200   0.2975813E-014
     13.8300   0.2368503E-014
     13.8400   0.2611238E-014
     13.8500   0.2315016E-014
     13.8600   0.1753670E-014
     13.8700   0.1530319E-014
     13.8800   0.1631549E-014
     13.8900   0.1889157E-014
     13.9000   0.2554659E-014
     13.9100   0.3664106E-014
     13.9200   0.4933505E-014
     13.9300   0.5897574E-014
     13.9400   0.6547791E-014
     13.9500   0.7608622E-014
     13.9600   0.7905470E-014
     13.9700   0.7435250E-014
     13.9800   0.6938023E-014
     13.9900   0.6203262E-014
     14.0000   0.5651234E-014
     14.0100   0.6367051E-014
     14.0200   0.8144940E-014
     14.0300   0.8686241E-014
     14.0400   0.7491860E-014
     14.0500   0.6815387E-014
     14.0600   0.6915511E-014
     14.0700   0.7460530E-014
     14.0800   0.7680317E-014
     14.0900   0.6111742E-014
     14.1000   0.3603492E-014
     14.1100   0.2154604E-014
     14.1200   0.2080252E-014
     14.1300   0.2716630E-014
     14.1400   0.3374884E-014
     14.1500   0.3936139E-014
     14.1600   0.4201680E-014
     14.1700   0.4228652E-014
     14.1800   0.4713614E-014
     14.1900   0.5356069E-014
     14.2000   0.5805708E-014
     14.2100   0.5701032E-014
     14.2200   0.4433586E-014
     14.2300   0.2724987E-014
     14.2400   0.1560507E-014
     14.2500   0.1275818E-014
     14.2600   0.1416327E-014
     14.2700   0.1551760E-014
     14.2800   0.2402251E-014
     14.2900   0.4603593E-014
     14.3000   0.7197837E-014
     14.3100   0.9963668E-014
     14.3200   0.1268457E-013
     14.3300   0.1421308E-013
     14.3400   0.1353238E-013
     14.3500   0.9665152E-014
     14.3600   0.5754335E-014
     14.3700   0.4633060E-014
     14.3800   0.5091866E-014
     14.3900   0.5346688E-014
     14.4000   0.5026274E-014
     14.4100   0.4438784E-014
     14.4200   0.3701638E-014
     14.4300   0.3189386E-014
     14.4400   0.3218633E-014
     14.4500   0.3431934E-014
     14.4600   0.3487566E-014
     14.4700   0.3910937E-014
     14.4800   0.5116914E-014
     14.4900   0.5768155E-014
     14.5000   0.5421626E-014
     14.5100   0.5399938E-014
     14.5200   0.5323119E-014
     14.5300   0.5269962E-014
     14.5400   0.5206220E-014
     14.5500   0.4736747E-014
     14.5600   0.4762075E-014
     14.5700   0.4832863E-014
     14.5800   0.4760691E-014
     14.5900   0.4811173E-014
     14.6000   0.4081809E-014
     14.6100   0.2950125E-014
     14.6200   0.2088747E-014
     14.6300   0.1468272E-014
     14.6400   0.1115499E-014
     14.6500   0.7701064E-015
     14.6600   0.8288679E-015
     14.6700   0.1365259E-014
     14.6800   0.1929186E-014
     14.6900   0.2880554E-014
     14.7000   0.4237492E-014
     14.7100   0.5096572E-014
     14.7200   0.5978801E-014
     14.7300   0.7038734E-014
     14.7400   0.8120022E-014
     14.7500   0.8354216E-014
     14.7600   0.8306956E-014
     14.7700   0.9070153E-014
     14.7800   0.9263408E-014
     14.7900   0.7815327E-014
     14.8000   0.5992636E-014
     14.8100   0.5156639E-014
     14.8200   0.5033953E-014
     14.8300   0.5244108E-014
     14.8400   0.5156232E-014
     14.8500   0.4839716E-014
     14.8600   0.4888257E-014
     14.8700   0.4689292E-014
     14.8800   0.4238725E-014
     14.8900   0.4344184E-014
     14.9000   0.4650469E-014
     14.9100   0.4220287E-014
     14.9200   0.3848847E-014
     14.9300   0.4531470E-014
     14.9400   0.5992656E-014
     14.9500   0.8007380E-014
     14.9600   0.9914042E-014
     14.9700   0.9629118E-014
     14.9800   0.7372272E-014
     14.9900   0.5021682E-014
     15.0000   0.2832206E-014
     15.0100   0.1337564E-014
     15.0200   0.6894985E-015
     15.0300   0.3232330E-015
     15.0400   0.9306461E-016
     15.0500   0.7910628E-016
     15.0600   0.5893566E-015
     15.0700   0.1460089E-014
     15.0800   0.2207706E-014
     15.0900   0.2690915E-014
     15.1000   0.3222649E-014
     15.1100   0.3549838E-014
     15.1200   0.3430362E-014
     15.1300   0.3397050E-014
     15.1400   0.3334853E-014
     15.1500   0.3076434E-014
     15.1600   0.3100728E-014
     15.1700   0.3739175E-014
     15.1800   0.4824065E-014
     15.1900   0.5756629E-014
     15.2000   0.5923560E-014
     15.2100   0.5342842E-014
     15.2200   0.4613293E-014
     15.2300   0.4144084E-014
     15.2400   0.4457702E-014
     15.2500   0.5394682E-014
     15.2600   0.6263724E-014
     15.2700   0.6508257E-014
     15.2800   0.5987411E-014
     15.2900   0.5308445E-014
     15.3000   0.5412007E-014
     15.3100   0.6011285E-014
     15.3200   0.5322447E-014
     15.3300   0.3604260E-014
     15.3400   0.2265299E-014
     15.3500   0.1635046E-014
     15.3600   0.1754717E-014
     15.3700   0.2216930E-014
     15.3800   0.2760813E-014
     15.3900   0.2784250E-014
     15.4000   0.2639583E-014
     15.4100   0.2530473E-014
     15.4200   0.2421027E-014
     15.4300   0.2647478E-014
     15.4400   0.3266349E-014
     15.4500   0.3556251E-014
     15.4600   0.3360579E-014
     15.4700   0.2784642E-014
     15.4800   0.2379178E-014
     15.4900   0.2818999E-014
     15.5000   0.3890564E-014
     15.5100   0.5068268E-014
     15.5200   0.6317580E-014
     15.5300   0.7401461E-014
     15.5400   0.7227428E-014
     15.5500   0.5647228E-014
     15.5600   0.4285912E-014
     15.5700   0.4218431E-014
     15.5800   0.4605482E-014
     15.5900   0.4827117E-014
     15.6000   0.6054299E-014
     15.6100   0.8141729E-014
     15.6200   0.1012624E-013
     15.6300   0.1122955E-013
     15.6400   0.1015850E-013
     15.6500   0.8665473E-014
     15.6600   0.7145198E-014
     15.6700   0.4517859E-014
     15.6800   0.2565060E-014
     15.6900   0.1736689E-014
     15.7000   0.1304829E-014
     15.7100   0.1301719E-014
     15.7200   0.1453672E-014
     15.7300   0.1478313E-014
     15.7400   0.1801149E-014
     15.7500   0.2096889E-014
     15.7600   0.2148628E-014
     15.7700   0.2353300E-014
     15.7800   0.2480154E-014
     15.7900   0.2487889E-014
     15.8000   0.2595937E-014
     15.8100   0.2385405E-014
     15.8200   0.2175548E-014
     15.8300   0.2168869E-014
     15.8400   0.1826523E-014
     15.8500   0.1304791E-014
     15.8600   0.8879275E-015
     15.8700   0.9981951E-015
     15.8800   0.1591477E-014
     15.8900   0.2711951E-014
     15.9000   0.3692283E-014
     15.9100   0.3838401E-014
     15.9200   0.4106784E-014
     15.9300   0.4819439E-014
     15.9400   0.5775222E-014
     15.9500   0.6479549E-014
     15.9600   0.6113047E-014
     15.9700   0.5603572E-014
     15.9800   0.5655821E-014
     15.9900   0.5585354E-014
     16.0000   0.5260685E-014
     16.0100   0.5154473E-014
     16.0200   0.5336103E-014
     16.0300   0.5004725E-014
     16.0400   0.4041655E-014
     16.0500   0.3415031E-014
     16.0600   0.3151478E-014
     16.0700   0.3215640E-014
     16.0800   0.3381645E-014
     16.0900   0.3589276E-014
     16.1000   0.4096457E-014
     16.1100   0.4441382E-014
     16.1200   0.4870390E-014
     16.1300   0.5933273E-014
     16.1400   0.7457717E-014
     16.1500   0.8594526E-014
     16.1600   0.8839444E-014
     16.1700   0.8702008E-014
     16.1800   0.8009564E-014
     16.1900   0.6896773E-014
     16.2000   0.5975189E-014
     16.2100   0.5187085E-014
     16.2200   0.4583778E-014
     16.2300   0.3879607E-014
     16.2400   0.3129334E-014
     16.2500   0.2940497E-014
     16.2600   0.2960656E-014
     16.2700   0.2461439E-014
     16.2800   0.1658278E-014
     16.2900   0.1103196E-014
     16.3000   0.1048335E-014
     16.3100   0.1115119E-014
     16.3200   0.9071132E-015
     16.3300   0.5683956E-015
     16.3400   0.1288397E-015
     16.3500   0.1504019E-016
     16.3600   0.2174557E-015
     16.3700   0.4460035E-015
     16.3800   0.6769015E-015
     16.3900   0.8549376E-015
     16.4000   0.5372652E-015
     16.4100   0.2142035E-015
     16.4200   0.2107952E-015
     16.4300   0.3017566E-015
     16.4400   0.5034310E-015
     16.4500   0.1236379E-014
     16.4600   0.2653437E-014
     16.4700   0.4240692E-014
     16.4800   0.6169532E-014
     16.4900   0.8696080E-014
     16.5000   0.1132991E-013
     16.5100   0.1266598E-013
     16.5200   0.1137250E-013
     16.5300   0.9060574E-014
     16.5400   0.7387523E-014
     16.5500   0.6291138E-014
     16.5600   0.6159449E-014
     16.5700   0.6712865E-014
     16.5800   0.7213670E-014
     16.5900   0.8087079E-014
     16.6000   0.9139182E-014
     16.6100   0.9450511E-014
     16.6200   0.8984920E-014
     16.6300   0.7638719E-014
     16.6400   0.5763474E-014
     16.6500   0.4337304E-014
     16.6600   0.3867772E-014
     16.6700   0.4354784E-014
     16.6800   0.4693012E-014
     16.6900   0.3876542E-014
     16.7000   0.2827902E-014
     16.7100   0.2014741E-014
     16.7200   0.1232126E-014
     16.7300   0.8568634E-015
     16.7400   0.1041293E-014
     16.7500   0.1472001E-014
     16.7600   0.1830397E-014
     16.7700   0.1693489E-014
     16.7800   0.1640984E-014
     16.7900   0.1843119E-014
     16.8000   0.2231921E-014
     16.8100   0.2910654E-014
     16.8200   0.3942057E-014
     16.8300   0.4994295E-014
     16.8400   0.5668072E-014
     16.8500   0.6502074E-014
     16.8600   0.6889221E-014
     16.8700   0.6727703E-014
     16.8800   0.6890922E-014
     16.8900   0.7196470E-014
     16.9000   0.6992942E-014
     16.9100   0.6275373E-014
     16.9200   0.5909853E-014
     16.9300   0.5917397E-014
     16.9400   0.5281273E-014
     16.9500   0.4300666E-014
     16.9600   0.4287578E-014
     16.9700   0.4937098E-014
     16.9800   0.5238496E-014
     16.9900   0.5141347E-014
     17.0000   0.4347308E-014
     17.0100   0.3168298E-014
     17.0200   0.2144070E-014
     17.0300   0.1136405E-014
     17.0400   0.4458142E-015
     17.0500   0.1457418E-015
     17.0600   0.2643018E-016
     17.0700   0.3943313E-015
     17.0800   0.1054798E-014
     17.0900   0.1361329E-014
     17.1000   0.1132302E-014
     17.1100   0.8642365E-015
     17.1200   0.1080407E-014
     17.1300   0.1870146E-014
     17.1400   0.3066200E-014
     17.1500   0.4206838E-014
     17.1600   0.5237406E-014
     17.1700   0.5863125E-014
     17.1800   0.5637837E-014
     17.1900   0.4748182E-014
     17.2000   0.3697796E-014
     17.2100   0.2799361E-014
     17.2200   0.2366946E-014
     17.2300   0.2750323E-014
     17.2400   0.2914996E-014
     17.2500   0.2581883E-014
     17.2600   0.2528373E-014
     17.2700   0.2813830E-014
     17.2800   0.2882254E-014
     17.2900   0.2705995E-014
     17.3000   0.2908919E-014
     17.3100   0.3179344E-014
     17.3200   0.3107811E-014
     17.3300   0.3051109E-014
     17.3400   0.3150755E-014
     17.3500   0.3484294E-014
     17.3600   0.3645593E-014
     17.3700   0.3586827E-014
     17.3800   0.3711395E-014
     17.3900   0.3797599E-014
     17.4000   0.3295236E-014
     17.4100   0.2772514E-014
     17.4200   0.2932904E-014
     17.4300   0.3496855E-014
     17.4400   0.3770405E-014
     17.4500   0.3637449E-014
     17.4600   0.3406045E-014
     17.4700   0.3413584E-014
     17.4800   0.3624115E-014
     17.4900   0.3746917E-014
     17.5000   0.4094062E-014
     17.5100   0.4709475E-014
     17.5200   0.4779110E-014
     17.5300   0.4247281E-014
     17.5400   0.3756646E-014
     17.5500   0.3272687E-014
     17.5600   0.2734182E-014
     17.5700   0.2871665E-014
     17.5800   0.3446462E-014
     17.5900   0.3646829E-014
     17.6000   0.3435276E-014
     17.6100   0.2609124E-014
     17.6200   0.2323221E-014
     17.6300   0.3053801E-014
     17.6400   0.3833419E-014
     17.6500   0.3876614E-014
     17.6600   0.2871227E-014
     17.6700   0.1961862E-014
     17.6800   0.1637410E-014
     17.6900   0.1362013E-014
     17.7000   0.1043657E-014
     17.7100   0.9768630E-015
     17.7200   0.8550875E-015
     17.7300   0.4501013E-015
     17.7400   0.2113658E-015
     17.7500   0.1909803E-015
     17.7600   0.2921490E-015
     17.7700   0.3691208E-015
     17.7800   0.5308523E-015
     17.7900   0.1150007E-014
     17.8000   0.2300021E-014
     17.8100   0.3310595E-014
     17.8200   0.3445087E-014
     17.8300   0.2903936E-014
     17.8400   0.2615474E-014
     17.8500   0.2591904E-014
     17.8600   0.2857502E-014
     17.8700   0.3621390E-014
     17.8800   0.4366716E-014
     17.8900   0.4814606E-014
     17.9000   0.5028797E-014
     17.9100   0.4751221E-014
     17.9200   0.4133708E-014
     17.9300   0.3844232E-014
     17.9400   0.3735961E-014
     17.9500   0.3442564E-014
     17.9600   0.3222788E-014
     17.9700   0.3109198E-014
     17.9800   0.3237878E-014
     17.9900   0.3420679E-014
     18.0000   0.2804776E-014
     18.0100   0.1581661E-014
     18.0200   0.8098737E-015
     18.0300   0.8372414E-015
     18.0400   0.1287287E-014
     18.0500   0.1829895E-014
     18.0600   0.2567059E-014
     18.0700   0.3097586E-014
     18.0800   0.2873549E-014
     18.0900   0.1990443E-014
     18.1000   0.9545293E-015
     18.1100   0.3392872E-015
     18.1200   0.2301742E-015
     18.1300   0.3210805E-015
     18.1400   0.2818829E-015
     18.1500   0.1640849E-015
     18.1600   0.6309947E-016
     18.1700   0.2791626E-015
     18.1800   0.7024606E-015
     18.1900   0.1219550E-014
     18.2000   0.1710260E-014
     18.2100   0.2137826E-014
     18.2200   0.2400782E-014
     18.2300   0.2379348E-014
     18.2400   0.1947634E-014
     18.2500   0.1441481E-014
     18.2600   0.1391300E-014
     18.2700   0.1644863E-014
     18.2800   0.2188140E-014
     18.2900   0.2979614E-014
     18.3000   0.3664786E-014
     18.3100   0.4425951E-014
     18.3200   0.4814894E-014
     18.3300   0.4167485E-014
     18.3400   0.3224237E-014
     18.3500   0.2983832E-014
     18.3600   0.3657737E-014
     18.3700   0.4361843E-014
     18.3800   0.4131080E-014
     18.3900   0.3593031E-014
     18.4000   0.3586854E-014
     18.4100   0.3927880E-014
     18.4200   0.3823653E-014
     18.4300   0.3249703E-014
     18.4400   0.2915715E-014
     18.4500   0.2550533E-014
     18.4600   0.1915985E-014
     18.4700   0.1408425E-014
     18.4800   0.1261981E-014
     18.4900   0.1390316E-014
     18.5000   0.1652019E-014
     18.5100   0.1892345E-014
     18.5200   0.1909765E-014
     18.5300   0.1819602E-014
     18.5400   0.1609103E-014
     18.5500   0.1152626E-014
     18.5600   0.6763954E-015
     18.5700   0.4248673E-015
     18.5800   0.5512000E-015
     18.5900   0.1139640E-014
     18.6000   0.2009637E-014
     18.6100   0.3007085E-014
     18.6200   0.3658809E-014
     18.6300   0.3790209E-014
     18.6400   0.3457510E-014
     18.6500   0.2781801E-014
     18.6600   0.2238284E-014
     18.6700   0.1963969E-014
     18.6800   0.1866046E-014
     18.6900   0.1998381E-014
     18.7000   0.2502595E-014
     18.7100   0.3402399E-014
     18.7200   0.4048871E-014
     18.7300   0.3887168E-014
     18.7400   0.3660290E-014
     18.7500   0.3696207E-014
     18.7600   0.4150179E-014
     18.7700   0.5085461E-014
     18.7800   0.5280649E-014
     18.7900   0.4558979E-014
     18.8000   0.4265530E-014
     18.8100   0.4839034E-014
     18.8200   0.5373689E-014
     18.8300   0.5540752E-014
     18.8400   0.5796713E-014
     18.8500   0.5799471E-014
     18.8600   0.5279676E-014
     18.8700   0.5059984E-014
     18.8800   0.5356074E-014
     18.8900   0.5527109E-014
     18.9000   0.5111938E-014
     18.9100   0.4340214E-014
     18.9200   0.3580631E-014
     18.9300   0.2807715E-014
     18.9400   0.2226581E-014
     18.9500   0.2340142E-014
     18.9600   0.3175922E-014
     18.9700   0.4291173E-014
     18.9800   0.4490570E-014
     18.9900   0.3494599E-014
     19.0000   0.2070738E-014
     19.0100   0.1033848E-014
     19.0200   0.6481433E-015
     19.0300   0.4442952E-015
     19.0400   0.2961445E-015
     19.0500   0.3609351E-015
     19.0600   0.5765476E-015
     19.0700   0.1133102E-014
     19.0800   0.1514664E-014
     19.0900   0.1835412E-014
     19.1000   0.2528683E-014
     19.1100   0.3206322E-014
     19.1200   0.3590464E-014
     19.1300   0.3215883E-014
     19.1400   0.2507857E-014
     19.1500   0.1888206E-014
     19.1600   0.1101175E-014
     19.1700   0.3974374E-015
     19.1800   0.1070685E-015
     19.1900   0.3885666E-016
     19.2000   0.1444307E-016
     19.2100   0.1092158E-016
     19.2200   0.1473960E-016
     19.2300   0.2207391E-015
     19.2400   0.9676372E-015
     19.2500   0.1907392E-014
     19.2600   0.1970816E-014
     19.2700   0.1275514E-014
     19.2800   0.6530180E-015
     19.2900   0.2511385E-015
     19.3000   0.1261952E-015
     19.3100   0.2856349E-015
     19.3200   0.5920927E-015
     19.3300   0.1012460E-014
     19.3400   0.1602313E-014
     19.3500   0.2147596E-014
     19.3600   0.2218287E-014
     19.3700   0.1989357E-014
     19.3800   0.1775729E-014
     19.3900   0.1405755E-014
     19.4000   0.7098704E-015
     19.4100   0.1938681E-015
     19.4200   0.1349332E-015
     19.4300   0.1841829E-015
     19.4400   0.2116063E-015
     19.4500   0.3054285E-015
     19.4600   0.4544595E-015
     19.4700   0.4912707E-015
     19.4800   0.3747314E-015
     19.4900   0.2323352E-015
     19.5000   0.1781179E-015
     19.5100   0.1488723E-015
     19.5200   0.8186903E-016
     19.5300   0.1176860E-015
     19.5400   0.1446843E-015
     19.5500   0.1758862E-015
     19.5600   0.2725839E-015
     19.5700   0.3307477E-015
     19.5800   0.1965954E-015
     19.5900   0.5882844E-016
     19.6000   0.1097627E-016
     19.6100   0.1149680E-016
     19.6200   0.4188804E-017
     19.6300   0.1129040E-015
     19.6400   0.3998023E-015
     19.6500   0.7249884E-015
     19.6600   0.8265335E-015
     19.6700   0.7295451E-015
     19.6800   0.8310195E-015
     19.6900   0.1179095E-014
     19.7000   0.1321725E-014
     19.7100   0.1186675E-014
     19.7200   0.1005361E-014
     19.7300   0.9286328E-015
     19.7400   0.7931298E-015
     19.7500   0.4788419E-015
     19.7600   0.2164684E-015
     19.7700   0.2645390E-015
     19.7800   0.5078934E-015
     19.7900   0.6632022E-015
     19.8000   0.6620785E-015
     19.8100   0.4424615E-015
     19.8200   0.3205292E-015
     19.8300   0.3957915E-015
     19.8400   0.2991123E-015
     19.8500   0.5703040E-016
     19.8600   0.6876248E-017
     19.8700   0.1252351E-015
     19.8800   0.2352288E-015
     19.8900   0.1546943E-015
     19.9000   0.3293715E-016
     19.9100   0.6850215E-017
     19.9200   0.1745391E-015
     19.9300   0.6365477E-015
     19.9400   0.9147877E-015
     19.9500   0.7428633E-015
     19.9600   0.4354519E-015
     19.9700   0.1324108E-015
     19.9800   0.2312323E-016
     19.9900   0.1981899E-016
     20.0000   0.0000000E+000
