     -5.00    0.000000E+000
     -4.98    0.395330E-010
     -4.96    0.159415E-009
     -4.94    0.363502E-009
     -4.92    0.658287E-009
     -4.90    0.105303E-008
     -4.88    0.156000E-008
     -4.86    0.219474E-008
     -4.84    0.297649E-008
     -4.82    0.392867E-008
     -4.80    0.507943E-008
     -4.78    0.646244E-008
     -4.76    0.811765E-008
     -4.74    0.100923E-007
     -4.72    0.124422E-007
     -4.70    0.152327E-007
     -4.68    0.185410E-007
     -4.66    0.224570E-007
     -4.64    0.270862E-007
     -4.62    0.325519E-007
     -4.60    0.389979E-007
     -4.58    0.465916E-007
     -4.56    0.555283E-007
     -4.54    0.660349E-007
     -4.52    0.783749E-007
     -4.50    0.928545E-007
     -4.48    0.109828E-006
     -4.46    0.129708E-006
     -4.44    0.152967E-006
     -4.42    0.180157E-006
     -4.40    0.211912E-006
     -4.38    0.248963E-006
     -4.36    0.292155E-006
     -4.34    0.342459E-006
     -4.32    0.400991E-006
     -4.30    0.469034E-006
     -4.28    0.548062E-006
     -4.26    0.639763E-006
     -4.24    0.746071E-006
     -4.22    0.869198E-006
     -4.20    0.101168E-005
     -4.18    0.117639E-005
     -4.16    0.136663E-005
     -4.14    0.158616E-005
     -4.12    0.183925E-005
     -4.10    0.213075E-005
     -4.08    0.246619E-005
     -4.06    0.285182E-005
     -4.04    0.329474E-005
     -4.02    0.380299E-005
     -4.00    0.438565E-005
     -3.98    0.505300E-005
     -3.96    0.581662E-005
     -3.94    0.668957E-005
     -3.92    0.768657E-005
     -3.90    0.882417E-005
     -3.88    0.101210E-004
     -3.86    0.115978E-004
     -3.84    0.132782E-004
     -3.82    0.151882E-004
     -3.80    0.173572E-004
     -3.78    0.198179E-004
     -3.76    0.226070E-004
     -3.74    0.257651E-004
     -3.72    0.293378E-004
     -3.70    0.333753E-004
     -3.68    0.379340E-004
     -3.66    0.430759E-004
     -3.64    0.488701E-004
     -3.62    0.553930E-004
     -3.60    0.627290E-004
     -3.58    0.709713E-004
     -3.56    0.802228E-004
     -3.54    0.905969E-004
     -3.52    0.102218E-003
     -3.50    0.115224E-003
     -3.48    0.129764E-003
     -3.46    0.146004E-003
     -3.44    0.164124E-003
     -3.42    0.184322E-003
     -3.40    0.206812E-003
     -3.38    0.231831E-003
     -3.36    0.259633E-003
     -3.34    0.290498E-003
     -3.32    0.324728E-003
     -3.30    0.362650E-003
     -3.28    0.404621E-003
     -3.26    0.451024E-003
     -3.24    0.502275E-003
     -3.22    0.558821E-003
     -3.20    0.621144E-003
     -3.18    0.689763E-003
     -3.16    0.765236E-003
     -3.14    0.848158E-003
     -3.12    0.939170E-003
     -3.10    0.103896E-002
     -3.08    0.114824E-002
     -3.06    0.126781E-002
     -3.04    0.139848E-002
     -3.02    0.154114E-002
     -3.00    0.169672E-002
     -2.98    0.186619E-002
     -2.96    0.205061E-002
     -2.94    0.225107E-002
     -2.92    0.246873E-002
     -2.90    0.270481E-002
     -2.88    0.296058E-002
     -2.86    0.323738E-002
     -2.84    0.353660E-002
     -2.82    0.385970E-002
     -2.80    0.420819E-002
     -2.78    0.458366E-002
     -2.76    0.498773E-002
     -2.74    0.542208E-002
     -2.72    0.588847E-002
     -2.70    0.638869E-002
     -2.68    0.692458E-002
     -2.66    0.749802E-002
     -2.64    0.811094E-002
     -2.62    0.876532E-002
     -2.60    0.946314E-002
     -2.58    0.102064E-001
     -2.56    0.109973E-001
     -2.54    0.118377E-001
     -2.52    0.127298E-001
     -2.50    0.136756E-001
     -2.48    0.146772E-001
     -2.46    0.157367E-001
     -2.44    0.168561E-001
     -2.42    0.180375E-001
     -2.40    0.192827E-001
     -2.38    0.205937E-001
     -2.36    0.219724E-001
     -2.34    0.234206E-001
     -2.32    0.249400E-001
     -2.30    0.265323E-001
     -2.28    0.281990E-001
     -2.26    0.299416E-001
     -2.24    0.317615E-001
     -2.22    0.336598E-001
     -2.20    0.356377E-001
     -2.18    0.376962E-001
     -2.16    0.398361E-001
     -2.14    0.420580E-001
     -2.12    0.443626E-001
     -2.10    0.467502E-001
     -2.08    0.492211E-001
     -2.06    0.517752E-001
     -2.04    0.544125E-001
     -2.02    0.571327E-001
     -2.00    0.599354E-001
     -1.98    0.628198E-001
     -1.96    0.657853E-001
     -1.94    0.688308E-001
     -1.92    0.719552E-001
     -1.90    0.751571E-001
     -1.88    0.784351E-001
     -1.86    0.817876E-001
     -1.84    0.852127E-001
     -1.82    0.887085E-001
     -1.80    0.922729E-001
     -1.78    0.959036E-001
     -1.76    0.995983E-001
     -1.74    0.103354E+000
     -1.72    0.107170E+000
     -1.70    0.111041E+000
     -1.68    0.114965E+000
     -1.66    0.118940E+000
     -1.64    0.122963E+000
     -1.62    0.127029E+000
     -1.60    0.131137E+000
     -1.58    0.135283E+000
     -1.56    0.139464E+000
     -1.54    0.143676E+000
     -1.52    0.147917E+000
     -1.50    0.152182E+000
     -1.48    0.156469E+000
     -1.46    0.160774E+000
     -1.44    0.165094E+000
     -1.42    0.169425E+000
     -1.40    0.173765E+000
     -1.38    0.178109E+000
     -1.36    0.182456E+000
     -1.34    0.186800E+000
     -1.32    0.191140E+000
     -1.30    0.195472E+000
     -1.28    0.199793E+000
     -1.26    0.204100E+000
     -1.24    0.208389E+000
     -1.22    0.212659E+000
     -1.20    0.216906E+000
     -1.18    0.221128E+000
     -1.16    0.225321E+000
     -1.14    0.229483E+000
     -1.12    0.233611E+000
     -1.10    0.237704E+000
     -1.08    0.241758E+000
     -1.06    0.245771E+000
     -1.04    0.249741E+000
     -1.02    0.253665E+000
     -1.00    0.257542E+000
     -0.98    0.261370E+000
     -0.96    0.265145E+000
     -0.94    0.268868E+000
     -0.92    0.272535E+000
     -0.90    0.276145E+000
     -0.88    0.279696E+000
     -0.86    0.283186E+000
     -0.84    0.286615E+000
     -0.82    0.289980E+000
     -0.80    0.293279E+000
     -0.78    0.296513E+000
     -0.76    0.299679E+000
     -0.74    0.302775E+000
     -0.72    0.305802E+000
     -0.70    0.308757E+000
     -0.68    0.311639E+000
     -0.66    0.314448E+000
     -0.64    0.317183E+000
     -0.62    0.319841E+000
     -0.60    0.322424E+000
     -0.58    0.324929E+000
     -0.56    0.327356E+000
     -0.54    0.329704E+000
     -0.52    0.331973E+000
     -0.50    0.334161E+000
     -0.48    0.336268E+000
     -0.46    0.338294E+000
     -0.44    0.340237E+000
     -0.42    0.342098E+000
     -0.40    0.343875E+000
     -0.38    0.345568E+000
     -0.36    0.347178E+000
     -0.34    0.348702E+000
     -0.32    0.350142E+000
     -0.30    0.351496E+000
     -0.28    0.352764E+000
     -0.26    0.353946E+000
     -0.24    0.355042E+000
     -0.22    0.356051E+000
     -0.20    0.356973E+000
     -0.18    0.357808E+000
     -0.16    0.358556E+000
     -0.14    0.359216E+000
     -0.12    0.359788E+000
     -0.10    0.360273E+000
     -0.08    0.360670E+000
     -0.06    0.360978E+000
     -0.04    0.361199E+000
     -0.02    0.361331E+000
      0.00    0.361375E+000
      0.02    0.361331E+000
      0.04    0.361199E+000
      0.06    0.360978E+000
      0.08    0.360670E+000
      0.10    0.360273E+000
      0.12    0.359788E+000
      0.14    0.359216E+000
      0.16    0.358556E+000
      0.18    0.357808E+000
      0.20    0.356973E+000
      0.22    0.356051E+000
      0.24    0.355042E+000
      0.26    0.353946E+000
      0.28    0.352764E+000
      0.30    0.351496E+000
      0.32    0.350142E+000
      0.34    0.348702E+000
      0.36    0.347178E+000
      0.38    0.345568E+000
      0.40    0.343875E+000
      0.42    0.342098E+000
      0.44    0.340237E+000
      0.46    0.338294E+000
      0.48    0.336268E+000
      0.50    0.334161E+000
      0.52    0.331973E+000
      0.54    0.329704E+000
      0.56    0.327356E+000
      0.58    0.324929E+000
      0.60    0.322424E+000
      0.62    0.319841E+000
      0.64    0.317183E+000
      0.66    0.314448E+000
      0.68    0.311639E+000
      0.70    0.308757E+000
      0.72    0.305802E+000
      0.74    0.302775E+000
      0.76    0.299679E+000
      0.78    0.296513E+000
      0.80    0.293279E+000
      0.82    0.289980E+000
      0.84    0.286615E+000
      0.86    0.283186E+000
      0.88    0.279696E+000
      0.90    0.276145E+000
      0.92    0.272535E+000
      0.94    0.268868E+000
      0.96    0.265145E+000
      0.98    0.261370E+000
      1.00    0.257542E+000
      1.02    0.253665E+000
      1.04    0.249741E+000
      1.06    0.245771E+000
      1.08    0.241758E+000
      1.10    0.237704E+000
      1.12    0.233611E+000
      1.14    0.229483E+000
      1.16    0.225321E+000
      1.18    0.221128E+000
      1.20    0.216906E+000
      1.22    0.212659E+000
      1.24    0.208389E+000
      1.26    0.204100E+000
      1.28    0.199793E+000
      1.30    0.195472E+000
      1.32    0.191140E+000
      1.34    0.186800E+000
      1.36    0.182456E+000
      1.38    0.178109E+000
      1.40    0.173765E+000
      1.42    0.169425E+000
      1.44    0.165094E+000
      1.46    0.160774E+000
      1.48    0.156469E+000
      1.50    0.152182E+000
      1.52    0.147917E+000
      1.54    0.143676E+000
      1.56    0.139464E+000
      1.58    0.135283E+000
      1.60    0.131137E+000
      1.62    0.127029E+000
      1.64    0.122963E+000
      1.66    0.118940E+000
      1.68    0.114965E+000
      1.70    0.111041E+000
      1.72    0.107170E+000
      1.74    0.103354E+000
      1.76    0.995983E-001
      1.78    0.959036E-001
      1.80    0.922729E-001
      1.82    0.887085E-001
      1.84    0.852127E-001
      1.86    0.817876E-001
      1.88    0.784351E-001
      1.90    0.751571E-001
      1.92    0.719552E-001
      1.94    0.688308E-001
      1.96    0.657853E-001
      1.98    0.628198E-001
      2.00    0.599354E-001
      2.02    0.571327E-001
      2.04    0.544125E-001
      2.06    0.517752E-001
      2.08    0.492211E-001
      2.10    0.467502E-001
      2.12    0.443626E-001
      2.14    0.420580E-001
      2.16    0.398361E-001
      2.18    0.376962E-001
      2.20    0.356377E-001
      2.22    0.336598E-001
      2.24    0.317615E-001
      2.26    0.299416E-001
      2.28    0.281990E-001
      2.30    0.265323E-001
      2.32    0.249400E-001
      2.34    0.234206E-001
      2.36    0.219724E-001
      2.38    0.205937E-001
      2.40    0.192827E-001
      2.42    0.180375E-001
      2.44    0.168561E-001
      2.46    0.157367E-001
      2.48    0.146772E-001
      2.50    0.136756E-001
      2.52    0.127298E-001
      2.54    0.118377E-001
      2.56    0.109973E-001
      2.58    0.102064E-001
      2.60    0.946314E-002
      2.62    0.876532E-002
      2.64    0.811094E-002
      2.66    0.749802E-002
      2.68    0.692458E-002
      2.70    0.638869E-002
      2.72    0.588848E-002
      2.74    0.542208E-002
      2.76    0.498773E-002
      2.78    0.458366E-002
      2.80    0.420819E-002
      2.82    0.385970E-002
      2.84    0.353660E-002
      2.86    0.323738E-002
      2.88    0.296058E-002
      2.90    0.270481E-002
      2.92    0.246874E-002
      2.94    0.225107E-002
      2.96    0.205061E-002
      2.98    0.186619E-002
      3.00    0.169672E-002
      3.02    0.154114E-002
      3.04    0.139848E-002
      3.06    0.126781E-002
      3.08    0.114824E-002
      3.10    0.103896E-002
      3.12    0.939171E-003
      3.14    0.848159E-003
      3.16    0.765236E-003
      3.18    0.689764E-003
      3.20    0.621145E-003
      3.22    0.558821E-003
      3.24    0.502276E-003
      3.26    0.451025E-003
      3.28    0.404622E-003
      3.30    0.362651E-003
      3.32    0.324729E-003
      3.34    0.290499E-003
      3.36    0.259634E-003
      3.38    0.231831E-003
      3.40    0.206813E-003
      3.42    0.184322E-003
      3.44    0.164125E-003
      3.46    0.146005E-003
      3.48    0.129765E-003
      3.50    0.115225E-003
      3.52    0.102219E-003
      3.54    0.905975E-004
      3.56    0.802234E-004
      3.58    0.709719E-004
      3.60    0.627296E-004
      3.62    0.553936E-004
      3.64    0.488708E-004
      3.66    0.430765E-004
      3.68    0.379346E-004
      3.70    0.333760E-004
      3.72    0.293384E-004
      3.74    0.257657E-004
      3.76    0.226076E-004
      3.78    0.198185E-004
      3.80    0.173577E-004
      3.82    0.151887E-004
      3.84    0.132787E-004
      3.86    0.115984E-004
      3.88    0.101215E-004
      3.90    0.882473E-005
      3.92    0.768713E-005
      3.94    0.669012E-005
      3.96    0.581716E-005
      3.98    0.505354E-005
      4.00    0.438619E-005
      4.02    0.380352E-005
      4.04    0.329527E-005
      4.06    0.285235E-005
      4.08    0.246671E-005
      4.10    0.213127E-005
      4.12    0.183977E-005
      4.14    0.158668E-005
      4.16    0.136714E-005
      4.18    0.117689E-005
      4.20    0.101218E-005
      4.22    0.869698E-006
      4.24    0.746567E-006
      4.26    0.640256E-006
      4.28    0.548552E-006
      4.30    0.469521E-006
      4.32    0.401474E-006
      4.34    0.342939E-006
      4.36    0.292632E-006
      4.38    0.249437E-006
      4.40    0.212382E-006
      4.42    0.180624E-006
      4.44    0.153431E-006
      4.46    0.130168E-006
      4.48    0.110285E-006
      4.50    0.933078E-007
      4.52    0.788245E-007
      4.54    0.664807E-007
      4.56    0.559701E-007
      4.58    0.470293E-007
      4.60    0.394311E-007
      4.62    0.329805E-007
      4.64    0.275097E-007
      4.66    0.228749E-007
      4.68    0.189528E-007
      4.70    0.156379E-007
      4.72    0.128398E-007
      4.74    0.104816E-007
      4.76    0.849740E-008
      4.78    0.683137E-008
      4.80    0.543597E-008
      4.82    0.427091E-008
      4.84    0.330219E-008
      4.86    0.250119E-008
      4.88    0.184394E-008
      4.90    0.131058E-008
      4.92    0.884757E-009
      4.94    0.553289E-009
      4.96    0.305773E-009
      4.98    0.134353E-009
      5.00    0.000000E+000
