     -5.00    0.000000E+000
     -4.98    0.586471E-021
     -4.96    0.243444E-020
     -4.94    0.582084E-020
     -4.92    0.112483E-019
     -4.90    0.195141E-019
     -4.88    0.318210E-019
     -4.86    0.499421E-019
     -4.84    0.764634E-019
     -4.82    0.115134E-018
     -4.80    0.171371E-018
     -4.78    0.252978E-018
     -4.76    0.371176E-018
     -4.74    0.542068E-018
     -4.72    0.788721E-018
     -4.70    0.114412E-017
     -4.68    0.165537E-017
     -4.66    0.238959E-017
     -4.64    0.344226E-017
     -4.62    0.494904E-017
     -4.60    0.710225E-017
     -4.58    0.101742E-016
     -4.56    0.145495E-016
     -4.54    0.207711E-016
     -4.52    0.296035E-016
     -4.50    0.421214E-016
     -4.48    0.598337E-016
     -4.46    0.848542E-016
     -4.44    0.120140E-015
     -4.42    0.169821E-015
     -4.40    0.239655E-015
     -4.38    0.337652E-015
     -4.36    0.474946E-015
     -4.34    0.666976E-015
     -4.32    0.935119E-015
     -4.30    0.130893E-014
     -4.28    0.182917E-014
     -4.26    0.255202E-014
     -4.24    0.355472E-014
     -4.22    0.494330E-014
     -4.20    0.686309E-014
     -4.18    0.951290E-014
     -4.16    0.131642E-013
     -4.14    0.181874E-013
     -4.12    0.250861E-013
     -4.10    0.345451E-013
     -4.08    0.474929E-013
     -4.06    0.651870E-013
     -4.04    0.893270E-013
     -4.02    0.122206E-012
     -4.00    0.166914E-012
     -3.98    0.227604E-012
     -3.96    0.309854E-012
     -3.94    0.421135E-012
     -3.92    0.571444E-012
     -3.90    0.774130E-012
     -3.88    0.104699E-011
     -3.86    0.141370E-011
     -3.84    0.190572E-011
     -3.82    0.256477E-011
     -3.80    0.344607E-011
     -3.78    0.462260E-011
     -3.76    0.619062E-011
     -3.74    0.827692E-011
     -3.72    0.110481E-010
     -3.70    0.147229E-010
     -3.68    0.195878E-010
     -3.66    0.260172E-010
     -3.64    0.345001E-010
     -3.62    0.456736E-010
     -3.60    0.603663E-010
     -3.58    0.796539E-010
     -3.56    0.104931E-009
     -3.54    0.138001E-009
     -3.52    0.181195E-009
     -3.50    0.237515E-009
     -3.48    0.310828E-009
     -3.46    0.406097E-009
     -3.44    0.529691E-009
     -3.42    0.689757E-009
     -3.40    0.896709E-009
     -3.38    0.116383E-008
     -3.36    0.150801E-008
     -3.34    0.195075E-008
     -3.32    0.251930E-008
     -3.30    0.324815E-008
     -3.28    0.418092E-008
     -3.26    0.537264E-008
     -3.24    0.689258E-008
     -3.22    0.882783E-008
     -3.20    0.112877E-007
     -3.18    0.144089E-007
     -3.16    0.183627E-007
     -3.14    0.233625E-007
     -3.12    0.296741E-007
     -3.10    0.376280E-007
     -3.08    0.476345E-007
     -3.06    0.602014E-007
     -3.04    0.759569E-007
     -3.02    0.956757E-007
     -3.00    0.120312E-006
     -2.98    0.151040E-006
     -2.96    0.189299E-006
     -2.94    0.236851E-006
     -2.92    0.295853E-006
     -2.90    0.368933E-006
     -2.88    0.459293E-006
     -2.86    0.570826E-006
     -2.84    0.708252E-006
     -2.82    0.877287E-006
     -2.80    0.108484E-005
     -2.78    0.133923E-005
     -2.76    0.165050E-005
     -2.74    0.203069E-005
     -2.72    0.249424E-005
     -2.70    0.305844E-005
     -2.68    0.374393E-005
     -2.66    0.457530E-005
     -2.64    0.558183E-005
     -2.62    0.679827E-005
     -2.60    0.826576E-005
     -2.58    0.100330E-004
     -2.56    0.121574E-004
     -2.54    0.147066E-004
     -2.52    0.177600E-004
     -2.50    0.214110E-004
     -2.48    0.257684E-004
     -2.46    0.309598E-004
     -2.44    0.371336E-004
     -2.42    0.444623E-004
     -2.40    0.531465E-004
     -2.38    0.634179E-004
     -2.36    0.755448E-004
     -2.34    0.898361E-004
     -2.32    0.106647E-003
     -2.30    0.126387E-003
     -2.28    0.149522E-003
     -2.26    0.176587E-003
     -2.24    0.208192E-003
     -2.22    0.245028E-003
     -2.20    0.287883E-003
     -2.18    0.337647E-003
     -2.16    0.395326E-003
     -2.14    0.462055E-003
     -2.12    0.539107E-003
     -2.10    0.627913E-003
     -2.08    0.730072E-003
     -2.06    0.847370E-003
     -2.04    0.981793E-003
     -2.02    0.113555E-002
     -2.00    0.131108E-002
     -1.98    0.151109E-002
     -1.96    0.173854E-002
     -1.94    0.199671E-002
     -1.92    0.228917E-002
     -1.90    0.261984E-002
     -1.88    0.299297E-002
     -1.86    0.341319E-002
     -1.84    0.388551E-002
     -1.82    0.441533E-002
     -1.80    0.500849E-002
     -1.78    0.567123E-002
     -1.76    0.641022E-002
     -1.74    0.723260E-002
     -1.72    0.814592E-002
     -1.70    0.915818E-002
     -1.68    0.102778E-001
     -1.66    0.115138E-001
     -1.64    0.128752E-001
     -1.62    0.143719E-001
     -1.60    0.160139E-001
     -1.58    0.178115E-001
     -1.56    0.197754E-001
     -1.54    0.219166E-001
     -1.52    0.242463E-001
     -1.50    0.267756E-001
     -1.48    0.295160E-001
     -1.46    0.324790E-001
     -1.44    0.356757E-001
     -1.42    0.391175E-001
     -1.40    0.428154E-001
     -1.38    0.467799E-001
     -1.36    0.510215E-001
     -1.34    0.555499E-001
     -1.32    0.603743E-001
     -1.30    0.655032E-001
     -1.28    0.709444E-001
     -1.26    0.767048E-001
     -1.24    0.827903E-001
     -1.22    0.892058E-001
     -1.20    0.959550E-001
     -1.18    0.103041E+000
     -1.16    0.110464E+000
     -1.14    0.118224E+000
     -1.12    0.126321E+000
     -1.10    0.134752E+000
     -1.08    0.143511E+000
     -1.06    0.152593E+000
     -1.04    0.161992E+000
     -1.02    0.171698E+000
     -1.00    0.181702E+000
     -0.98    0.191991E+000
     -0.96    0.202553E+000
     -0.94    0.213374E+000
     -0.92    0.224438E+000
     -0.90    0.235727E+000
     -0.88    0.247225E+000
     -0.86    0.258912E+000
     -0.84    0.270767E+000
     -0.82    0.282771E+000
     -0.80    0.294901E+000
     -0.78    0.307134E+000
     -0.76    0.319449E+000
     -0.74    0.331820E+000
     -0.72    0.344224E+000
     -0.70    0.356637E+000
     -0.68    0.369034E+000
     -0.66    0.381390E+000
     -0.64    0.393681E+000
     -0.62    0.405882E+000
     -0.60    0.417969E+000
     -0.58    0.429918E+000
     -0.56    0.441703E+000
     -0.54    0.453303E+000
     -0.52    0.464694E+000
     -0.50    0.475854E+000
     -0.48    0.486759E+000
     -0.46    0.497390E+000
     -0.44    0.507725E+000
     -0.42    0.517745E+000
     -0.40    0.527429E+000
     -0.38    0.536760E+000
     -0.36    0.545721E+000
     -0.34    0.554293E+000
     -0.32    0.562461E+000
     -0.30    0.570211E+000
     -0.28    0.577528E+000
     -0.26    0.584397E+000
     -0.24    0.590809E+000
     -0.22    0.596749E+000
     -0.20    0.602209E+000
     -0.18    0.607177E+000
     -0.16    0.611647E+000
     -0.14    0.615609E+000
     -0.12    0.619056E+000
     -0.10    0.621984E+000
     -0.08    0.624386E+000
     -0.06    0.626258E+000
     -0.04    0.627598E+000
     -0.02    0.628403E+000
      0.00    0.628671E+000
      0.02    0.628403E+000
      0.04    0.627598E+000
      0.06    0.626258E+000
      0.08    0.624386E+000
      0.10    0.621984E+000
      0.12    0.619056E+000
      0.14    0.615609E+000
      0.16    0.611647E+000
      0.18    0.607177E+000
      0.20    0.602209E+000
      0.22    0.596749E+000
      0.24    0.590809E+000
      0.26    0.584397E+000
      0.28    0.577528E+000
      0.30    0.570211E+000
      0.32    0.562461E+000
      0.34    0.554293E+000
      0.36    0.545721E+000
      0.38    0.536760E+000
      0.40    0.527429E+000
      0.42    0.517745E+000
      0.44    0.507725E+000
      0.46    0.497390E+000
      0.48    0.486759E+000
      0.50    0.475854E+000
      0.52    0.464694E+000
      0.54    0.453303E+000
      0.56    0.441703E+000
      0.58    0.429918E+000
      0.60    0.417969E+000
      0.62    0.405882E+000
      0.64    0.393681E+000
      0.66    0.381390E+000
      0.68    0.369034E+000
      0.70    0.356637E+000
      0.72    0.344224E+000
      0.74    0.331820E+000
      0.76    0.319449E+000
      0.78    0.307134E+000
      0.80    0.294901E+000
      0.82    0.282771E+000
      0.84    0.270767E+000
      0.86    0.258912E+000
      0.88    0.247225E+000
      0.90    0.235727E+000
      0.92    0.224438E+000
      0.94    0.213374E+000
      0.96    0.202553E+000
      0.98    0.191991E+000
      1.00    0.181702E+000
      1.02    0.171698E+000
      1.04    0.161992E+000
      1.06    0.152593E+000
      1.08    0.143511E+000
      1.10    0.134752E+000
      1.12    0.126321E+000
      1.14    0.118224E+000
      1.16    0.110464E+000
      1.18    0.103041E+000
      1.20    0.959550E-001
      1.22    0.892058E-001
      1.24    0.827903E-001
      1.26    0.767048E-001
      1.28    0.709444E-001
      1.30    0.655032E-001
      1.32    0.603743E-001
      1.34    0.555499E-001
      1.36    0.510215E-001
      1.38    0.467799E-001
      1.40    0.428154E-001
      1.42    0.391175E-001
      1.44    0.356757E-001
      1.46    0.324790E-001
      1.48    0.295160E-001
      1.50    0.267756E-001
      1.52    0.242463E-001
      1.54    0.219166E-001
      1.56    0.197754E-001
      1.58    0.178115E-001
      1.60    0.160139E-001
      1.62    0.143719E-001
      1.64    0.128752E-001
      1.66    0.115138E-001
      1.68    0.102778E-001
      1.70    0.915818E-002
      1.72    0.814592E-002
      1.74    0.723260E-002
      1.76    0.641022E-002
      1.78    0.567123E-002
      1.80    0.500849E-002
      1.82    0.441533E-002
      1.84    0.388551E-002
      1.86    0.341319E-002
      1.88    0.299297E-002
      1.90    0.261984E-002
      1.92    0.228917E-002
      1.94    0.199671E-002
      1.96    0.173854E-002
      1.98    0.151109E-002
      2.00    0.131108E-002
      2.02    0.113555E-002
      2.04    0.981793E-003
      2.06    0.847370E-003
      2.08    0.730072E-003
      2.10    0.627913E-003
      2.12    0.539107E-003
      2.14    0.462055E-003
      2.16    0.395326E-003
      2.18    0.337647E-003
      2.20    0.287883E-003
      2.22    0.245028E-003
      2.24    0.208192E-003
      2.26    0.176587E-003
      2.28    0.149522E-003
      2.30    0.126387E-003
      2.32    0.106647E-003
      2.34    0.898361E-004
      2.36    0.755448E-004
      2.38    0.634179E-004
      2.40    0.531465E-004
      2.42    0.444623E-004
      2.44    0.371336E-004
      2.46    0.309598E-004
      2.48    0.257684E-004
      2.50    0.214110E-004
      2.52    0.177600E-004
      2.54    0.147066E-004
      2.56    0.121574E-004
      2.58    0.100330E-004
      2.60    0.826576E-005
      2.62    0.679827E-005
      2.64    0.558183E-005
      2.66    0.457530E-005
      2.68    0.374393E-005
      2.70    0.305844E-005
      2.72    0.249424E-005
      2.74    0.203069E-005
      2.76    0.165050E-005
      2.78    0.133923E-005
      2.80    0.108484E-005
      2.82    0.877287E-006
      2.84    0.708252E-006
      2.86    0.570826E-006
      2.88    0.459293E-006
      2.90    0.368933E-006
      2.92    0.295853E-006
      2.94    0.236851E-006
      2.96    0.189299E-006
      2.98    0.151040E-006
      3.00    0.120312E-006
      3.02    0.956757E-007
      3.04    0.759569E-007
      3.06    0.602014E-007
      3.08    0.476345E-007
      3.10    0.376280E-007
      3.12    0.296741E-007
      3.14    0.233625E-007
      3.16    0.183627E-007
      3.18    0.144089E-007
      3.20    0.112877E-007
      3.22    0.882783E-008
      3.24    0.689258E-008
      3.26    0.537264E-008
      3.28    0.418092E-008
      3.30    0.324815E-008
      3.32    0.251930E-008
      3.34    0.195075E-008
      3.36    0.150801E-008
      3.38    0.116383E-008
      3.40    0.896709E-009
      3.42    0.689757E-009
      3.44    0.529691E-009
      3.46    0.406097E-009
      3.48    0.310828E-009
      3.50    0.237515E-009
      3.52    0.181195E-009
      3.54    0.138001E-009
      3.56    0.104931E-009
      3.58    0.796539E-010
      3.60    0.603663E-010
      3.62    0.456736E-010
      3.64    0.345001E-010
      3.66    0.260172E-010
      3.68    0.195878E-010
      3.70    0.147229E-010
      3.72    0.110481E-010
      3.74    0.827692E-011
      3.76    0.619062E-011
      3.78    0.462260E-011
      3.80    0.344607E-011
      3.82    0.256477E-011
      3.84    0.190572E-011
      3.86    0.141370E-011
      3.88    0.104699E-011
      3.90    0.774130E-012
      3.92    0.571444E-012
      3.94    0.421135E-012
      3.96    0.309854E-012
      3.98    0.227604E-012
      4.00    0.166914E-012
      4.02    0.122206E-012
      4.04    0.893270E-013
      4.06    0.651870E-013
      4.08    0.474929E-013
      4.10    0.345451E-013
      4.12    0.250861E-013
      4.14    0.181874E-013
      4.16    0.131643E-013
      4.18    0.951290E-014
      4.20    0.686309E-014
      4.22    0.494331E-014
      4.24    0.355472E-014
      4.26    0.255202E-014
      4.28    0.182917E-014
      4.30    0.130893E-014
      4.32    0.935122E-015
      4.34    0.666979E-015
      4.36    0.474949E-015
      4.38    0.337655E-015
      4.40    0.239657E-015
      4.42    0.169824E-015
      4.44    0.120143E-015
      4.46    0.848570E-016
      4.48    0.598365E-016
      4.50    0.421243E-016
      4.52    0.296063E-016
      4.54    0.207740E-016
      4.56    0.145523E-016
      4.58    0.101769E-016
      4.60    0.710502E-017
      4.62    0.495179E-017
      4.64    0.344500E-017
      4.66    0.239232E-017
      4.68    0.165809E-017
      4.70    0.114682E-017
      4.72    0.791405E-018
      4.74    0.544735E-018
      4.76    0.373824E-018
      4.78    0.255604E-018
      4.80    0.173970E-018
      4.82    0.117700E-018
      4.84    0.789851E-019
      4.86    0.524059E-019
      4.88    0.342056E-019
      4.90    0.217884E-019
      4.92    0.133665E-019
      4.94    0.771571E-020
      4.96    0.400678E-020
      4.98    0.169001E-020
      5.00    0.000000E+000
