     0.000  0.14856975E+00
     0.100  0.14856975E+00
     0.200  0.14726648E+00
     0.300  0.14488443E+00
     0.400  0.14151404E+00
     0.500  0.13724260E+00
     0.600  0.13206185E+00
     0.700  0.12600827E+00
     0.800  0.11915302E+00
     0.900  0.11155194E+00
     1.000  0.10332885E+00
     1.100  0.94596649E-01
     1.200  0.85504970E-01
     1.300  0.76226031E-01
     1.400  0.66929838E-01
     1.500  0.57799315E-01
     1.600  0.49012800E-01
     1.700  0.40777624E-01
     1.800  0.33254666E-01
     1.900  0.26544103E-01
     2.000  0.20711978E-01
     2.100  0.15793081E-01
     2.200  0.11761327E-01
     2.300  0.85482014E-02
     2.400  0.60651432E-02
     2.500  0.41989967E-02
     2.600  0.28357576E-02
     2.700  0.18693944E-02
     2.800  0.12030425E-02
     2.900  0.75567057E-03
     3.000  0.46341295E-03
     3.100  0.27736448E-03
     3.200  0.16216954E-03
     3.300  0.92786704E-04
     3.400  0.51741464E-04
     3.500  0.28152623E-04
     3.600  0.15031669E-04
     3.700  0.78519498E-05
     3.800  0.39802045E-05
     3.900  0.19404910E-05
     4.000  0.91735426E-06
     4.100  0.42248496E-06
     4.200  0.18926840E-06
     4.300  0.83684683E-07
     4.400  0.41171791E-07
     4.500  0.23068202E-07
     4.600  0.11961462E-07
     4.700  0.83417142E-08
     4.800  0.76248499E-08
     4.900  0.60799531E-08
     5.000  0.45496218E-08
     5.100  0.38902270E-08
     5.200  0.30687636E-08
     5.300  0.30197847E-08
     5.400  0.31641966E-08
     5.500  0.17590336E-08
     5.600  0.97249700E-09
     5.700  0.11986687E-08
     5.800  0.99411252E-09
     5.900  0.95552083E-09
     6.000  0.81804211E-09
     6.100  0.25223039E-09
     6.200  0.87795598E-10
     6.300  0.89939763E-10
     6.400  0.18714940E-09
     6.500  0.15955879E-09
     6.600  0.24754601E-10
     6.700  0.13514555E-09
     6.800  0.23629022E-09
     6.900  0.42465785E-09
     7.000  0.31520736E-09
     7.100  0.12773902E-09
     7.200  0.12110800E-09
     7.300  0.18533797E-09
     7.400  0.14592995E-09
     7.500  0.71399287E-10
     7.600  0.77860231E-10
     7.700  0.32292136E-10
     7.800  0.10640190E-09
     7.900  0.13470043E-09
     8.000  0.10852278E-09
     8.100  0.32674766E-09
     8.200  0.39408827E-09
     8.300  0.15544419E-09
     8.400  0.31551496E-10
     8.500  0.27413489E-10
     8.600  0.22028882E-10
     8.700  0.19179573E-10
     8.800  0.84778341E-10
     8.900  0.11950029E-09
     9.000  0.82875176E-10
     9.100  0.55877405E-10
     9.200  0.17952861E-10
     9.300  0.21193208E-10
     9.400  0.44874625E-10
     9.500  0.15601730E-10
     9.600  0.97796437E-10
     9.700  0.87735858E-10
     9.800  0.25381823E-10
     9.900  0.25910012E-10
    10.000  0.73432314E-10
    10.100  0.11519148E-09
    10.200  0.10090815E-09
    10.300  0.47444402E-10
    10.400  0.31296871E-10
    10.500  0.15928444E-10
    10.600  0.61004900E-10
    10.700  0.56721531E-10
    10.800  0.21605262E-10
    10.900  0.15333498E-10
    11.000  0.39433563E-10
    11.100  0.66722269E-10
    11.200  0.55684703E-10
    11.300  0.41603784E-10
    11.400  0.32096526E-10
    11.500  0.53729560E-11
    11.600  0.32478492E-10
    11.700  0.92950852E-10
    11.800  0.65064713E-10
    11.900  0.98517383E-11
    12.000  0.24457561E-11
    12.100  0.88988672E-11
    12.200  0.39843737E-10
    12.300  0.77063520E-10
    12.400  0.43567238E-10
    12.500  0.44253951E-11
    12.600  0.22676430E-11
    12.700  0.25594922E-11
    12.800  0.32618596E-11
    12.900  0.26472482E-11
    13.000  0.00000000E+00
