    0.200000      1.32307217      0.37952200
    0.400000      1.32344970      0.37890603
    0.600000      1.32417328      0.38021046
    0.800000      1.32503114      0.38085251
    1.000000      1.32584006      0.37952319
    1.200000      1.32657367      0.37872330
    1.400000      1.32717928      0.37994119
    1.600000      1.32747087      0.38077290
    1.800000      1.32733635      0.37960642
    2.000000      1.32688881      0.37870846
    2.200000      1.31764041      0.36728002
    2.400000      1.29286279      0.35544472
    2.600000      1.25618340      0.36846417
    2.800000      1.21186173      0.38225107
    3.000000      1.16565249      0.37269350
    3.200000      1.12581126      0.36055744
    3.400000      1.10015142      0.37235058
    3.600000      1.09299061      0.38568906
    3.800000      1.10494569      0.37516049
    4.000000      1.13432007      0.36019348
    4.200000      1.17622519      0.36921659
    4.400000      1.22285739      0.38180374
    4.600000      1.26606079      0.37125986
    4.800000      1.30010621      0.35566656
    5.000000      1.32123187      0.36439008
    5.200000      1.32655003      0.37840169
    5.400000      1.31470479      0.37008261
    5.600000      1.28750829      0.35594416
    5.800000      1.24910543      0.36567079
    6.000000      1.20426798      0.38180827
    6.200000      1.15868984      0.37577732
    6.400000      1.12044106      0.36169776
    6.600000      1.09744195      0.36967758
    6.800000      1.09365824      0.38483978
    7.000000      1.10885410      0.37774985
    7.200000      1.14056722      0.36082859
    7.400000      1.18365751      0.36598027
    7.600000      1.23032299      0.38064130
    7.800000      1.27256487      0.37389238
    8.000000      1.30469292      0.35671398
    8.200000      1.32322693      0.36169861
    8.400000      1.32577534      0.37750955
    8.600000      1.31137264      0.37271169
    8.800000      1.28189299      0.35712385
    9.000000      1.24186233      0.36311166
    9.200000      1.19661158      0.38075242
    9.400000      1.15193834      0.37841384
    9.600000      1.11550519      0.36345004
    9.800000      1.09522816      0.36742881
   10.000000      1.09482873      0.38337083
   10.200000      1.11323622      0.37982924
   10.400000      1.14712047      0.36217476
   10.600000      1.19121061      0.36319102
   10.800000      1.23774176      0.37876974
   11.000000      1.27884193      0.37603517
   11.200000      1.30894373      0.35842889
   11.400000      1.32487198      0.35937990
   11.600000      1.32462498      0.37604637
   11.800000      1.30766642      0.37502939
   12.000000      1.27603040      0.35891597
   12.200000      1.23451740      0.36092072
   12.400000      1.18894097      0.37919625
   12.600000      1.14537256      0.38055649
   12.800000      1.11102029      0.36556520
   13.000000      1.09353803      0.36568340
   13.200000      1.09646504      0.38153584
   13.400000      1.11803348      0.38133319
   13.600000      1.15395013      0.36390528
   13.800000      1.19881319      0.36104120
   14.000000      1.24504671      0.37645448
   14.200000      1.28487671      0.37752334
   14.400000      1.31284045      0.36055785
   14.600000      1.32613155      0.35764449
   14.800000      1.32312135      0.37412216
   15.000000      1.30362405      0.37687715
   15.200000      1.26993099      0.36121115
   15.400000      1.22711352      0.35925321
   15.600000      1.18134662      0.37722337
   15.800000      1.13900652      0.38219131
   16.000000      1.10698032      0.36788778
   16.200000      1.09240836      0.36440834
   16.400000      1.09856505      0.37949513
   16.600000      1.12316994      0.38236379
   16.800000      1.16101750      0.36576979
   17.000000      1.20642041      0.35950896
   17.200000      1.25214805      0.37396838
   17.400000      1.29060114      0.37838541
   17.600000      1.31635385      0.36280245
   17.800000      1.32694648      0.35656303
   18.000000      1.32122208      0.37194600
   18.200000      1.29926774      0.37815333
   18.400000      1.26361182      0.36381541
   18.600000      1.21965143      0.35825703
   18.800000      1.17389885      0.37495922
   19.000000      1.13290801      0.38327648
   19.200000      1.10338163      0.37032653
   19.400000      1.09185714      0.36357820
   19.600000      1.10117420      0.37728476
   19.800000      1.12860475      0.38303188
   20.000000      1.16825874      0.36770157
   20.200000      1.21400866      0.35846781
   20.400000      1.25898960      0.37145297
   20.600000      1.29591931      0.37878020
   20.800000      1.31942878      0.36497758
   21.000000      1.32726879      0.35604166
   21.200000      1.31884753      0.36972469
   21.400000      1.29455920      0.37887947
   21.600000      1.25708822      0.36649257
   21.800000      1.21212757      0.35798141
   22.000000      1.16661358      0.37260389
   22.200000      1.12715543      0.38378313
   22.400000      1.10025333      0.37277564
   22.600000      1.09187217      0.36321363
   22.800000      1.10432507      0.37491804
   23.000000      1.13435740      0.38333782
   23.200000      1.17562563      0.36974718
   23.400000      1.22155620      0.35785269
   23.600000      1.26556075      0.36890639
   23.800000      1.30077172      0.37883340
   24.000000      1.32199602      0.36708073
   24.200000      1.32706803      0.35592045
   24.400000      1.31594289      0.36755222
   24.600000      1.28943171      0.37917014
   24.800000      1.25034854      0.36908500
   25.000000      1.20454780      0.35832661
   25.200000      1.15947266      0.37036246
   25.400000      1.12178849      0.38376149
   25.600000      1.09764748      0.37510796
   25.800000      1.09244426      0.36331808
   26.000000      1.10800751      0.37247309
   26.200000      1.14046371      0.38319389
   26.400000      1.18309920      0.37191397
   26.600000      1.22904409      0.35771875
   26.800000      1.27188402      0.36630690
   27.000000      1.30516705      0.37853415
   27.200000      1.32401546      0.36920071
   27.400000      1.32633890      0.35612754
   27.600000      1.31250838      0.36539968
   27.800000      1.28384341      0.37911015
   28.000000      1.24336570      0.37157706
   28.200000      1.19694539      0.35912243
   28.400000      1.15246931      0.36834108
   28.600000      1.11679294      0.38332797
   28.800000      1.09560049      0.37724133
   29.000000      1.09358255      0.36382343
   29.200000      1.11217125      0.37007758
   29.400000      1.14693155      0.38253596
   29.600000      1.19069165      0.37409273
   29.800000      1.23645194      0.35815227
   30.000000      1.27797461      0.36373002
   30.200000      1.30916833      0.37777564
   30.400000      1.32550618      0.37135732
   30.600000      1.32509476      0.35672921
   30.800000      1.30859799      0.36322606
   31.000000      1.27782678      0.37866732
   31.200000      1.23611903      0.37402241
   31.400000      1.18935457      0.36027228
   31.600000      1.14564750      0.36652180
   31.800000      1.11214929      0.38257655
   32.000000      1.09409893      0.37918643
   32.200000      1.09531066      0.36462975
   32.400000      1.11676454      0.36782345
   32.600000      1.15369771      0.38138915
   32.800000      1.19840392      0.37612359
   33.000000      1.24377497      0.35915374
   33.200000      1.28382204      0.36134676
   33.400000      1.31282474      0.37649030
   33.600000      1.32653644      0.37343053
   33.800000      1.32337042      0.35783645
   34.000000      1.30426980      0.36109582
   34.200000      1.27147460      0.37772583
   34.400000      1.22865105      0.37640653
   34.600000      1.18180021      0.36181704
   34.800000      1.13907157      0.36485205
   35.000000      1.10787686      0.38150316
   35.200000      1.09310145      0.38099366
   35.400000      1.09762651      0.36570347
   35.600000      1.12176615      0.36572702
   35.800000      1.16067288      0.37982431
   36.000000      1.20618183      0.37789662
   36.200000      1.25099184      0.36062607
   36.400000      1.28939472      0.35931967
   36.600000      1.31613325      0.37473441
   36.800000      1.32716463      0.37523351
   37.000000      1.32121148      0.35947125
   37.200000      1.29956445      0.35919118
   37.400000      1.26487380      0.37621673
   37.600000      1.22105283      0.37857419
   37.800000      1.17431829      0.36384807
   38.000000      1.13280579      0.36337002
   38.200000      1.10403772      0.38002991
   38.400000      1.09258572      0.38264372
   38.600000      1.10048860      0.36711658
   38.800000      1.12717421      0.36378588
   39.000000      1.16778593      0.37786904
   39.200000      1.21393505      0.37937217
   39.400000      1.25806157      0.36246837
   39.600000      1.29465288      0.35771421
   39.800000      1.31903721      0.37264539
   40.000000      1.32739702      0.37663680
   40.200000      1.31865687      0.36153210
   40.400000      1.29449964      0.35770475
   40.600000      1.25806205      0.37421361
   40.800000      1.21342445      0.38030428
   41.000000      1.16696374      0.36635909
   41.200000      1.12688426      0.36223549
   41.400000      1.10070065      0.37811237
   41.600000      1.09258109      0.38399079
   41.800000      1.10383649      0.36896244
   42.000000      1.13298238      0.36208442
