    -6.500  0.45385118E-73
    -6.400  0.39948688E-41
    -6.300  0.79558578E-40
    -6.200  0.13057874E-38
    -6.100  0.19294126E-37
    -6.000  0.25682569E-36
    -5.900  0.30657171E-35
    -5.800  0.32644169E-34
    -5.700  0.30827205E-33
    -5.600  0.25653681E-32
    -5.500  0.18682006E-31
    -5.400  0.11816035E-30
    -5.300  0.64389929E-30
    -5.200  0.29990296E-29
    -5.100  0.11855595E-28
    -5.000  0.39627833E-28
    -4.900  0.11238195E-27
    -4.800  0.27489559E-27
    -4.700  0.60109520E-27
    -4.600  0.12568922E-26
    -4.500  0.29244485E-26
    -4.400  0.96708436E-26
    -4.300  0.45926118E-25
    -4.200  0.24970138E-24
    -4.100  0.13958235E-23
    -4.000  0.79821003E-23
    -3.900  0.47050028E-22
    -3.800  0.28467123E-21
    -3.700  0.17466901E-20
    -3.600  0.10730204E-19
    -3.500  0.65761172E-19
    -3.400  0.41001577E-18
    -3.300  0.27281127E-17
    -3.200  0.20312638E-16
    -3.100  0.16864363E-15
    -3.000  0.14784427E-14
    -2.900  0.12923738E-13
    -2.800  0.10880135E-12
    -2.700  0.86803632E-12
    -2.600  0.65175089E-11
    -2.500  0.45889011E-10
    -2.400  0.30217626E-09
    -2.300  0.18564058E-08
    -2.200  0.10616034E-07
    -2.100  0.56398530E-07
    -2.000  0.27789104E-06
    -1.900  0.12682480E-05
    -1.800  0.53553315E-05
    -1.700  0.20903854E-04
    -1.600  0.75366269E-04
    -1.500  0.25079458E-03
    -1.400  0.76973847E-03
    -1.300  0.21774695E-02
    -1.200  0.56734973E-02
    -1.100  0.13606985E-01
    -1.000  0.30022781E-01
    -0.900  0.60922556E-01
    -0.800  0.11370408E+00
    -0.700  0.19531832E+00
    -0.600  0.30926002E+00
    -0.500  0.45241556E+00
    -0.400  0.61336796E+00
    -0.300  0.77336496E+00
    -0.200  0.90993158E+00
    -0.100  0.10019211E+01
     0.000  0.10343787E+01
     0.100  0.10019211E+01
     0.200  0.90993158E+00
     0.300  0.77336496E+00
     0.400  0.61336796E+00
     0.500  0.45241556E+00
     0.600  0.30926002E+00
     0.700  0.19531832E+00
     0.800  0.11370408E+00
     0.900  0.60922556E-01
     1.000  0.30022781E-01
     1.100  0.13606985E-01
     1.200  0.56734973E-02
     1.300  0.21774695E-02
     1.400  0.76973847E-03
     1.500  0.25079458E-03
     1.600  0.75366269E-04
     1.700  0.20903854E-04
     1.800  0.53553315E-05
     1.900  0.12682480E-05
     2.000  0.27789104E-06
     2.100  0.56398530E-07
     2.200  0.10616034E-07
     2.300  0.18564058E-08
     2.400  0.30217626E-09
     2.500  0.45889011E-10
     2.600  0.65175089E-11
     2.700  0.86803632E-12
     2.800  0.10880136E-12
     2.900  0.12923739E-13
     3.000  0.14784425E-14
     3.100  0.16864362E-15
     3.200  0.20312661E-16
     3.300  0.27281181E-17
     3.400  0.41001696E-18
     3.500  0.65761545E-19
     3.600  0.10730307E-19
     3.700  0.17467357E-20
     3.800  0.28467406E-21
     3.900  0.47040222E-22
     4.000  0.79773221E-23
     4.100  0.13951787E-23
     4.200  0.25016203E-24
     4.300  0.46130701E-25
     4.400  0.96738349E-26
     4.500  0.30582062E-26
     4.600  0.14954906E-26
     4.700  0.79808707E-27
     4.800  0.38362155E-27
     4.900  0.15856345E-27
     5.000  0.55794376E-28
     5.100  0.16665559E-28
     5.200  0.42278946E-29
     5.300  0.91409613E-30
     5.400  0.16935722E-30
     5.500  0.27065794E-31
     5.600  0.37572366E-32
     5.700  0.45618485E-33
     5.800  0.48763571E-34
     5.900  0.46175147E-35
     6.000  0.38954714E-36
     6.100  0.29432903E-37
     6.200  0.20007818E-38
     6.300  0.12227855E-39
     6.400  0.61500629E-41
     6.500  0.45385118E-73
