-1.500000e+01 0.000000e+00
-1.499000e+01 1.590978e-27
-1.498000e+01 4.196570e-28
-1.497000e+01 6.079088e-29
-1.496000e+01 1.984015e-28
-1.495000e+01 2.251300e-28
-1.494000e+01 8.253997e-29
-1.493000e+01 8.652380e-28
-1.492000e+01 6.746319e-29
-1.491000e+01 6.317776e-28
-1.490000e+01 7.846450e-28
-1.489000e+01 3.501842e-28
-1.488000e+01 1.760868e-28
-1.487000e+01 4.600091e-28
-1.486000e+01 1.923749e-29
-1.485000e+01 4.506051e-28
-1.484000e+01 6.404926e-28
-1.483000e+01 4.114028e-28
-1.482000e+01 4.385135e-28
-1.481000e+01 7.135276e-28
-1.480000e+01 5.829468e-28
-1.479000e+01 1.159885e-27
-1.478000e+01 2.721328e-28
-1.477000e+01 1.072129e-27
-1.476000e+01 2.499672e-28
-1.475000e+01 1.695466e-27
-1.474000e+01 7.204793e-28
-1.473000e+01 3.879762e-28
-1.472000e+01 5.105370e-28
-1.471000e+01 3.854865e-29
-1.470000e+01 2.189141e-27
-1.469000e+01 2.448518e-28
-1.468000e+01 8.427225e-28
-1.467000e+01 2.328696e-28
-1.466000e+01 3.238979e-28
-1.465000e+01 2.590601e-28
-1.464000e+01 2.677722e-28
-1.463000e+01 3.642425e-28
-1.462000e+01 2.378671e-28
-1.461000e+01 1.847520e-28
-1.460000e+01 1.110102e-27
-1.459000e+01 4.549583e-29
-1.458000e+01 9.765695e-28
-1.457000e+01 3.066841e-28
-1.456000e+01 1.173225e-29
-1.455000e+01 4.381343e-29
-1.454000e+01 4.351472e-28
-1.453000e+01 1.569551e-27
-1.452000e+01 4.032433e-28
-1.451000e+01 6.933973e-28
-1.450000e+01 4.686881e-28
-1.449000e+01 1.113725e-28
-1.448000e+01 4.473583e-29
-1.447000e+01 2.348228e-27
-1.446000e+01 1.611080e-27
-1.445000e+01 5.050083e-29
-1.444000e+01 2.345209e-27
-1.443000e+01 2.390840e-29
-1.442000e+01 1.006560e-28
-1.441000e+01 1.571734e-27
-1.440000e+01 1.957936e-27
-1.439000e+01 1.864030e-28
-1.438000e+01 1.673695e-27
-1.437000e+01 3.200664e-28
-1.436000e+01 2.971991e-27
-1.435000e+01 1.582189e-27
-1.434000e+01 9.731655e-30
-1.433000e+01 1.885877e-27
-1.432000e+01 6.764593e-29
-1.431000e+01 3.201402e-28
-1.430000e+01 3.914710e-28
-1.429000e+01 2.120478e-28
-1.428000e+01 3.448173e-29
-1.427000e+01 7.016891e-28
-1.426000e+01 2.447053e-28
-1.425000e+01 1.120098e-27
-1.424000e+01 7.684006e-28
-1.423000e+01 4.552468e-28
-1.422000e+01 6.758314e-28
-1.421000e+01 4.888842e-28
-1.420000e+01 4.978057e-28
-1.419000e+01 3.877793e-29
-1.418000e+01 7.241662e-28
-1.417000e+01 4.369318e-28
-1.416000e+01 3.030058e-29
-1.415000e+01 1.884083e-28
-1.414000e+01 1.098033e-28
-1.413000e+01 4.915465e-28
-1.412000e+01 3.778402e-28
-1.411000e+01 6.091649e-29
-1.410000e+01 3.521287e-28
-1.409000e+01 4.418670e-28
-1.408000e+01 3.544181e-28
-1.407000e+01 1.002837e-27
-1.406000e+01 5.800907e-28
-1.405000e+01 3.067977e-28
-1.404000e+01 1.034029e-27
-1.403000e+01 7.351141e-28
-1.402000e+01 1.034885e-28
-1.401000e+01 3.977012e-28
-1.400000e+01 5.291082e-28
-1.399000e+01 2.630387e-28
-1.398000e+01 1.090570e-27
-1.397000e+01 9.376629e-28
-1.396000e+01 5.736421e-28
-1.395000e+01 2.778044e-27
-1.394000e+01 3.641582e-28
-1.393000e+01 1.473144e-28
-1.392000e+01 1.068337e-27
-1.391000e+01 8.098122e-28
-1.390000e+01 2.071113e-27
-1.389000e+01 3.173076e-28
-1.388000e+01 9.033736e-28
-1.387000e+01 1.929402e-27
-1.386000e+01 7.048678e-29
-1.385000e+01 3.078036e-28
-1.384000e+01 9.003058e-28
-1.383000e+01 3.662753e-28
-1.382000e+01 2.737098e-28
-1.381000e+01 2.296507e-28
-1.380000e+01 3.010856e-28
-1.379000e+01 1.187167e-28
-1.378000e+01 2.046816e-28
-1.377000e+01 5.546056e-28
-1.376000e+01 4.320910e-28
-1.375000e+01 5.531618e-29
-1.374000e+01 3.672701e-28
-1.373000e+01 1.861780e-28
-1.372000e+01 1.851662e-28
-1.371000e+01 5.977716e-28
-1.370000e+01 9.176319e-29
-1.369000e+01 5.354768e-28
-1.368000e+01 2.192844e-28
-1.367000e+01 1.427014e-28
-1.366000e+01 1.784040e-28
-1.365000e+01 6.905125e-28
-1.364000e+01 1.894314e-27
-1.363000e+01 1.411013e-27
-1.362000e+01 3.739797e-28
-1.361000e+01 1.394764e-27
-1.360000e+01 7.152180e-28
-1.359000e+01 2.896798e-28
-1.358000e+01 1.530585e-28
-1.357000e+01 1.752469e-28
-1.356000e+01 1.768050e-29
-1.355000e+01 2.031988e-28
-1.354000e+01 2.653400e-28
-1.353000e+01 5.518637e-28
-1.352000e+01 6.847925e-28
-1.351000e+01 1.335454e-27
-1.350000e+01 1.759129e-28
-1.349000e+01 4.879012e-28
-1.348000e+01 2.254501e-27
-1.347000e+01 1.249854e-28
-1.346000e+01 3.502795e-28
-1.345000e+01 1.887258e-28
-1.344000e+01 8.341779e-28
-1.343000e+01 3.565491e-28
-1.342000e+01 1.394225e-27
-1.341000e+01 1.673707e-27
-1.340000e+01 1.432785e-27
-1.339000e+01 1.144442e-27
-1.338000e+01 6.396366e-28
-1.337000e+01 5.237856e-28
-1.336000e+01 1.723488e-28
-1.335000e+01 1.487698e-28
-1.334000e+01 1.542866e-28
-1.333000e+01 3.834422e-29
-1.332000e+01 1.149182e-27
-1.331000e+01 1.270979e-27
-1.330000e+01 1.101080e-27
-1.329000e+01 7.057436e-28
-1.328000e+01 3.197941e-27
-1.327000e+01 7.732822e-28
-1.326000e+01 4.463213e-28
-1.325000e+01 1.046567e-27
-1.324000e+01 1.234395e-27
-1.323000e+01 3.366087e-28
-1.322000e+01 1.543353e-27
-1.321000e+01 3.970212e-28
-1.320000e+01 4.640944e-28
-1.319000e+01 4.704900e-28
-1.318000e+01 1.015021e-27
-1.317000e+01 6.392910e-28
-1.316000e+01 3.043832e-28
-1.315000e+01 9.549042e-28
-1.314000e+01 1.041208e-27
-1.313000e+01 2.469239e-28
-1.312000e+01 1.283045e-27
-1.311000e+01 4.611580e-28
-1.310000e+01 6.159982e-28
-1.309000e+01 1.426185e-28
-1.308000e+01 2.716532e-28
-1.307000e+01 2.540345e-28
-1.306000e+01 8.407874e-29
-1.305000e+01 2.156633e-28
-1.304000e+01 1.093766e-28
-1.303000e+01 6.906539e-30
-1.302000e+01 3.125028e-28
-1.301000e+01 1.632523e-28
-1.300000e+01 1.875124e-28
-1.299000e+01 1.231527e-27
-1.298000e+01 1.878180e-28
-1.297000e+01 9.153944e-28
-1.296000e+01 8.348176e-28
-1.295000e+01 2.609666e-28
-1.294000e+01 6.045722e-28
-1.293000e+01 8.491995e-28
-1.292000e+01 5.155152e-28
-1.291000e+01 2.667225e-28
-1.290000e+01 5.683593e-28
-1.289000e+01 2.797666e-28
-1.288000e+01 2.433838e-28
-1.287000e+01 1.470029e-27
-1.286000e+01 6.856804e-28
-1.285000e+01 9.452108e-28
-1.284000e+01 4.998470e-28
-1.283000e+01 1.386198e-27
-1.282000e+01 3.414949e-28
-1.281000e+01 1.294000e-28
-1.280000e+01 3.916528e-28
-1.279000e+01 9.894394e-29
-1.278000e+01 3.615931e-28
-1.277000e+01 3.301820e-28
-1.276000e+01 2.629497e-28
-1.275000e+01 1.218027e-27
-1.274000e+01 1.037480e-27
-1.273000e+01 6.810351e-28
-1.272000e+01 7.373463e-29
-1.271000e+01 2.267348e-28
-1.270000e+01 7.070252e-28
-1.269000e+01 5.045990e-28
-1.268000e+01 1.209082e-28
-1.267000e+01 2.103887e-28
-1.266000e+01 2.906133e-27
-1.265000e+01 4.194477e-28
-1.264000e+01 8.606538e-28
-1.263000e+01 1.817214e-28
-1.262000e+01 1.171588e-27
-1.261000e+01 2.840556e-28
-1.260000e+01 2.478019e-28
-1.259000e+01 4.218380e-28
-1.258000e+01 1.156022e-28
-1.257000e+01 4.681666e-28
-1.256000e+01 7.709826e-29
-1.255000e+01 1.559400e-28
-1.254000e+01 2.568959e-28
-1.253000e+01 1.626811e-28
-1.252000e+01 3.140721e-28
-1.251000e+01 4.565971e-28
-1.250000e+01 7.052385e-28
-1.249000e+01 4.948124e-28
-1.248000e+01 3.023854e-28
-1.247000e+01 2.993813e-28
-1.246000e+01 6.296400e-29
-1.245000e+01 2.728116e-29
-1.244000e+01 4.294868e-29
-1.243000e+01 4.364573e-28
-1.242000e+01 2.591048e-28
-1.241000e+01 1.735942e-28
-1.240000e+01 1.174274e-29
-1.239000e+01 1.730083e-27
-1.238000e+01 5.189943e-28
-1.237000e+01 2.292861e-28
-1.236000e+01 1.748466e-28
-1.235000e+01 7.884059e-29
-1.234000e+01 3.356415e-28
-1.233000e+01 5.855279e-28
-1.232000e+01 1.068666e-27
-1.231000e+01 7.597037e-28
-1.230000e+01 2.469903e-27
-1.229000e+01 6.090100e-29
-1.228000e+01 3.632157e-28
-1.227000e+01 6.949169e-29
-1.226000e+01 2.973992e-28
-1.225000e+01 2.745868e-29
-1.224000e+01 4.981241e-28
-1.223000e+01 9.451459e-29
-1.222000e+01 4.623999e-28
-1.221000e+01 1.120823e-27
-1.220000e+01 9.265393e-28
-1.219000e+01 2.574651e-28
-1.218000e+01 3.149401e-28
-1.217000e+01 1.497294e-27
-1.216000e+01 4.064416e-28
-1.215000e+01 4.058404e-28
-1.214000e+01 1.691225e-28
-1.213000e+01 2.320466e-29
-1.212000e+01 9.246721e-29
-1.211000e+01 9.080155e-28
-1.210000e+01 8.784437e-29
-1.209000e+01 1.205931e-28
-1.208000e+01 1.760326e-27
-1.207000e+01 1.444286e-27
-1.206000e+01 2.079394e-28
-1.205000e+01 1.218236e-27
-1.204000e+01 4.076198e-28
-1.203000e+01 2.554935e-27
-1.202000e+01 3.171594e-28
-1.201000e+01 2.359001e-27
-1.200000e+01 1.587397e-29
-1.199000e+01 1.270123e-28
-1.198000e+01 6.837393e-28
-1.197000e+01 4.157023e-28
-1.196000e+01 1.035659e-27
-1.195000e+01 4.074792e-29
-1.194000e+01 3.080039e-28
-1.193000e+01 4.888856e-28
-1.192000e+01 5.163941e-28
-1.191000e+01 3.860628e-28
-1.190000e+01 2.844994e-28
-1.189000e+01 4.984618e-28
-1.188000e+01 8.101412e-28
-1.187000e+01 1.746836e-27
-1.186000e+01 4.327314e-28
-1.185000e+01 3.291273e-28
-1.184000e+01 2.024178e-29
-1.183000e+01 3.748317e-29
-1.182000e+01 2.323950e-27
-1.181000e+01 1.155061e-27
-1.180000e+01 3.467626e-28
-1.179000e+01 1.433480e-28
-1.178000e+01 2.369421e-27
-1.177000e+01 2.185865e-27
-1.176000e+01 2.917060e-28
-1.175000e+01 1.091063e-27
-1.174000e+01 1.899569e-28
-1.173000e+01 2.248917e-29
-1.172000e+01 1.319447e-27
-1.171000e+01 4.094858e-27
-1.170000e+01 6.697547e-28
-1.169000e+01 3.001174e-28
-1.168000e+01 1.719196e-29
-1.167000e+01 2.946128e-28
-1.166000e+01 6.277228e-28
-1.165000e+01 5.301785e-28
-1.164000e+01 3.675006e-27
-1.163000e+01 2.009433e-27
-1.162000e+01 5.003533e-28
-1.161000e+01 2.417811e-28
-1.160000e+01 3.277934e-28
-1.159000e+01 2.599895e-28
-1.158000e+01 7.322825e-28
-1.157000e+01 2.136552e-28
-1.156000e+01 2.678614e-28
-1.155000e+01 2.656018e-28
-1.154000e+01 2.056103e-28
-1.153000e+01 2.550982e-28
-1.152000e+01 1.792431e-27
-1.151000e+01 5.143059e-28
-1.150000e+01 7.421949e-30
-1.149000e+01 1.215971e-27
-1.148000e+01 7.635984e-28
-1.147000e+01 6.783215e-28
-1.146000e+01 1.445114e-27
-1.145000e+01 1.389293e-27
-1.144000e+01 4.727696e-28
-1.143000e+01 2.440650e-27
-1.142000e+01 2.432317e-27
-1.141000e+01 1.241926e-27
-1.140000e+01 4.575399e-28
-1.139000e+01 1.196497e-27
-1.138000e+01 1.707452e-27
-1.137000e+01 2.508096e-27
-1.136000e+01 3.279066e-27
-1.135000e+01 2.034370e-27
-1.134000e+01 3.020904e-27
-1.133000e+01 5.762559e-27
-1.132000e+01 2.995909e-27
-1.131000e+01 5.069541e-28
-1.130000e+01 7.430374e-28
-1.129000e+01 1.032380e-27
-1.128000e+01 1.638625e-27
-1.127000e+01 1.218757e-27
-1.126000e+01 1.280821e-27
-1.125000e+01 4.458443e-27
-1.124000e+01 2.464276e-27
-1.123000e+01 4.056690e-27
-1.122000e+01 2.779539e-27
-1.121000e+01 3.930483e-27
-1.120000e+01 4.551149e-27
-1.119000e+01 2.662927e-27
-1.118000e+01 3.041618e-27
-1.117000e+01 2.292318e-27
-1.116000e+01 4.268382e-27
-1.115000e+01 6.028720e-27
-1.114000e+01 5.245620e-27
-1.113000e+01 2.454699e-27
-1.112000e+01 1.959469e-27
-1.111000e+01 6.548408e-27
-1.110000e+01 6.001082e-27
-1.109000e+01 2.824361e-27
-1.108000e+01 8.770153e-27
-1.107000e+01 7.320798e-27
-1.106000e+01 5.270192e-27
-1.105000e+01 1.542583e-26
-1.104000e+01 4.985189e-27
-1.103000e+01 4.670851e-27
-1.102000e+01 5.671243e-27
-1.101000e+01 5.447736e-27
-1.100000e+01 6.393031e-27
-1.099000e+01 1.155364e-26
-1.098000e+01 9.457200e-27
-1.097000e+01 1.395366e-26
-1.096000e+01 1.569660e-26
-1.095000e+01 1.175993e-26
-1.094000e+01 1.391716e-26
-1.093000e+01 6.968631e-27
-1.092000e+01 7.318853e-27
-1.091000e+01 1.122229e-26
-1.090000e+01 1.851366e-26
-1.089000e+01 1.133055e-26
-1.088000e+01 1.347444e-26
-1.087000e+01 1.306877e-26
-1.086000e+01 6.403556e-27
-1.085000e+01 1.386559e-26
-1.084000e+01 2.015886e-26
-1.083000e+01 1.876764e-26
-1.082000e+01 1.077322e-26
-1.081000e+01 1.214059e-26
-1.080000e+01 1.113504e-26
-1.079000e+01 1.141540e-26
-1.078000e+01 1.611219e-26
-1.077000e+01 1.013271e-26
-1.076000e+01 6.978478e-27
-1.075000e+01 9.866279e-27
-1.074000e+01 1.255722e-26
-1.073000e+01 1.106346e-26
-1.072000e+01 8.908098e-27
-1.071000e+01 7.775533e-27
-1.070000e+01 9.174773e-27
-1.069000e+01 1.423946e-26
-1.068000e+01 1.168883e-26
-1.067000e+01 1.641158e-26
-1.066000e+01 1.835510e-26
-1.065000e+01 1.490276e-26
-1.064000e+01 1.861207e-26
-1.063000e+01 1.224735e-26
-1.062000e+01 7.252885e-27
-1.061000e+01 7.595345e-27
-1.060000e+01 1.125250e-26
-1.059000e+01 1.294138e-26
-1.058000e+01 1.747843e-26
-1.057000e+01 1.101349e-26
-1.056000e+01 1.192050e-26
-1.055000e+01 2.121484e-26
-1.054000e+01 1.735760e-26
-1.053000e+01 2.902482e-26
-1.052000e+01 3.459706e-26
-1.051000e+01 2.944998e-26
-1.050000e+01 3.333989e-26
-1.049000e+01 3.059625e-26
-1.048000e+01 5.563112e-26
-1.047000e+01 7.681441e-26
-1.046000e+01 8.812618e-26
-1.045000e+01 1.010118e-25
-1.044000e+01 1.047525e-25
-1.043000e+01 1.107427e-25
-1.042000e+01 1.198353e-25
-1.041000e+01 2.026172e-25
-1.040000e+01 2.216537e-25
-1.039000e+01 2.243286e-25
-1.038000e+01 2.783939e-25
-1.037000e+01 3.275325e-25
-1.036000e+01 3.494920e-25
-1.035000e+01 4.067841e-25
-1.034000e+01 5.210436e-25
-1.033000e+01 5.927598e-25
-1.032000e+01 6.474458e-25
-1.031000e+01 7.261548e-25
-1.030000e+01 9.009776e-25
-1.029000e+01 1.001702e-24
-1.028000e+01 1.175840e-24
-1.027000e+01 1.303391e-24
-1.026000e+01 1.376238e-24
-1.025000e+01 1.662444e-24
-1.024000e+01 1.893687e-24
-1.023000e+01 2.069879e-24
-1.022000e+01 2.412813e-24
-1.021000e+01 2.747740e-24
-1.020000e+01 3.071872e-24
-1.019000e+01 3.491911e-24
-1.018000e+01 3.849832e-24
-1.017000e+01 4.373290e-24
-1.016000e+01 4.900049e-24
-1.015000e+01 5.390504e-24
-1.014000e+01 6.143755e-24
-1.013000e+01 6.960722e-24
-1.012000e+01 7.790500e-24
-1.011000e+01 8.628342e-24
-1.010000e+01 9.522150e-24
-1.009000e+01 1.060008e-23
-1.008000e+01 1.167448e-23
-1.007000e+01 1.319776e-23
-1.006000e+01 1.467085e-23
-1.005000e+01 1.644639e-23
-1.004000e+01 1.797090e-23
-1.003000e+01 2.002048e-23
-1.002000e+01 2.279046e-23
-1.001000e+01 2.462561e-23
-1.000000e+01 2.735622e-23
-9.990000e+00 3.013993e-23
-9.980000e+00 3.398259e-23
-9.970000e+00 3.773085e-23
-9.960000e+00 4.112828e-23
-9.950000e+00 4.516794e-23
-9.940000e+00 4.964512e-23
-9.930000e+00 5.474975e-23
-9.920000e+00 6.035560e-23
-9.910000e+00 6.663519e-23
-9.900000e+00 7.363288e-23
-9.890000e+00 8.126295e-23
-9.880000e+00 8.882956e-23
-9.870000e+00 9.824573e-23
-9.860000e+00 1.067864e-22
-9.850000e+00 1.177594e-22
-9.840000e+00 1.293015e-22
-9.830000e+00 1.422101e-22
-9.820000e+00 1.563897e-22
-9.810000e+00 1.697711e-22
-9.800000e+00 1.865584e-22
-9.790000e+00 2.040026e-22
-9.780000e+00 2.242851e-22
-9.770000e+00 2.450858e-22
-9.760000e+00 2.681879e-22
-9.750000e+00 2.932163e-22
-9.740000e+00 3.189468e-22
-9.730000e+00 3.485520e-22
-9.720000e+00 3.810785e-22
-9.710000e+00 4.157051e-22
-9.700000e+00 4.522565e-22
-9.690000e+00 4.924360e-22
-9.680000e+00 5.379709e-22
-9.670000e+00 5.846187e-22
-9.660000e+00 6.355206e-22
-9.650000e+00 6.927664e-22
-9.640000e+00 7.540913e-22
-9.630000e+00 8.203533e-22
-9.620000e+00 8.901073e-22
-9.610000e+00 9.666128e-22
-9.600000e+00 1.049790e-21
-9.590000e+00 1.139548e-21
-9.580000e+00 1.234055e-21
-9.570000e+00 1.339714e-21
-9.560000e+00 1.452481e-21
-9.550000e+00 1.575051e-21
-9.540000e+00 1.708281e-21
-9.530000e+00 1.849421e-21
-9.520000e+00 2.001085e-21
-9.510000e+00 2.164626e-21
-9.500000e+00 2.343370e-21
-9.490000e+00 2.531544e-21
-9.480000e+00 2.738442e-21
-9.470000e+00 2.956850e-21
-9.460000e+00 3.193112e-21
-9.450000e+00 3.451590e-21
-9.440000e+00 3.722330e-21
-9.430000e+00 4.014101e-21
-9.420000e+00 4.334138e-21
-9.410000e+00 4.672891e-21
-9.400000e+00 5.033349e-21
-9.390000e+00 5.423508e-21
-9.380000e+00 5.833964e-21
-9.370000e+00 6.280010e-21
-9.360000e+00 6.763835e-21
-9.350000e+00 7.279828e-21
-9.340000e+00 7.825078e-21
-9.330000e+00 8.407471e-21
-9.320000e+00 9.038831e-21
-9.310000e+00 9.711133e-21
-9.300000e+00 1.043279e-20
-9.290000e+00 1.120049e-20
-9.280000e+00 1.201614e-20
-9.270000e+00 1.289474e-20
-9.260000e+00 1.383328e-20
-9.250000e+00 1.482535e-20
-9.240000e+00 1.588276e-20
-9.230000e+00 1.702251e-20
-9.220000e+00 1.823519e-20
-9.210000e+00 1.951532e-20
-9.200000e+00 2.089354e-20
-9.190000e+00 2.236197e-20
-9.180000e+00 2.391678e-20
-9.170000e+00 2.558628e-20
-9.160000e+00 2.734501e-20
-9.150000e+00 2.922376e-20
-9.140000e+00 3.122556e-20
-9.130000e+00 3.335403e-20
-9.120000e+00 3.561632e-20
-9.110000e+00 3.802000e-20
-9.100000e+00 4.059062e-20
-9.090000e+00 4.330731e-20
-9.080000e+00 4.620645e-20
-9.070000e+00 4.927240e-20
-9.060000e+00 5.253428e-20
-9.050000e+00 5.602535e-20
-9.040000e+00 5.971501e-20
-9.030000e+00 6.362139e-20
-9.020000e+00 6.779249e-20
-9.010000e+00 7.221613e-20
-9.000000e+00 7.689232e-20
-8.990000e+00 8.188412e-20
-8.980000e+00 8.719359e-20
-8.970000e+00 9.283006e-20
-8.960000e+00 9.882774e-20
-8.950000e+00 1.051768e-19
-8.940000e+00 1.119422e-19
-8.930000e+00 1.191656e-19
-8.920000e+00 1.267942e-19
-8.910000e+00 1.349073e-19
-8.900000e+00 1.435676e-19
-8.890000e+00 1.528041e-19
-8.880000e+00 1.626453e-19
-8.870000e+00 1.730803e-19
-8.860000e+00 1.842507e-19
-8.850000e+00 1.961784e-19
-8.840000e+00 2.088668e-19
-8.830000e+00 2.224181e-19
-8.820000e+00 2.369263e-19
-8.810000e+00 2.524674e-19
-8.800000e+00 2.690279e-19
-8.790000e+00 2.868474e-19
-8.780000e+00 3.059103e-19
-8.770000e+00 3.263687e-19
-8.760000e+00 3.483719e-19
-8.750000e+00 3.720152e-19
-8.740000e+00 3.974877e-19
-8.730000e+00 4.248735e-19
-8.720000e+00 4.544775e-19
-8.710000e+00 4.864310e-19
-8.700000e+00 5.210471e-19
-8.690000e+00 5.584844e-19
-8.680000e+00 5.990803e-19
-8.670000e+00 6.431687e-19
-8.660000e+00 6.911452e-19
-8.650000e+00 7.433368e-19
-8.640000e+00 8.002130e-19
-8.630000e+00 8.623959e-19
-8.620000e+00 9.303532e-19
-8.610000e+00 1.004833e-18
-8.600000e+00 1.086442e-18
-8.590000e+00 1.176077e-18
-8.580000e+00 1.274795e-18
-8.570000e+00 1.383431e-18
-8.560000e+00 1.503281e-18
-8.550000e+00 1.635790e-18
-8.540000e+00 1.782319e-18
-8.530000e+00 1.944728e-18
-8.520000e+00 2.124764e-18
-8.510000e+00 2.325043e-18
-8.500000e+00 2.547856e-18
-8.490000e+00 2.796094e-18
-8.480000e+00 3.072958e-18
-8.470000e+00 3.381999e-18
-8.460000e+00 3.727962e-18
-8.450000e+00 4.115160e-18
-8.440000e+00 4.549122e-18
-8.430000e+00 5.036288e-18
-8.420000e+00 5.583587e-18
-8.410000e+00 6.198800e-18
-8.400000e+00 6.891495e-18
-8.390000e+00 7.671872e-18
-8.380000e+00 8.551971e-18
-8.370000e+00 9.545396e-18
-8.360000e+00 1.066762e-17
-8.350000e+00 1.193649e-17
-8.340000e+00 1.337219e-17
-8.330000e+00 1.499755e-17
-8.320000e+00 1.683863e-17
-8.310000e+00 1.892639e-17
-8.300000e+00 2.129446e-17
-8.290000e+00 2.398189e-17
-8.280000e+00 2.703383e-17
-8.270000e+00 3.050083e-17
-8.260000e+00 3.444141e-17
-8.250000e+00 3.892208e-17
-8.240000e+00 4.401821e-17
-8.230000e+00 4.981677e-17
-8.220000e+00 5.641653e-17
-8.210000e+00 6.393128e-17
-8.200000e+00 7.248804e-17
-8.190000e+00 8.223442e-17
-8.180000e+00 9.333964e-17
-8.170000e+00 1.059944e-16
-8.160000e+00 1.204154e-16
-8.150000e+00 1.368513e-16
-8.140000e+00 1.555880e-16
-8.130000e+00 1.769475e-16
-8.120000e+00 2.013001e-16
-8.110000e+00 2.290649e-16
-8.100000e+00 2.607203e-16
-8.090000e+00 2.968107e-16
-8.080000e+00 3.379603e-16
-8.070000e+00 3.848743e-16
-8.060000e+00 4.383598e-16
-8.050000e+00 4.993340e-16
-8.040000e+00 5.688369e-16
-8.030000e+00 6.480593e-16
-8.020000e+00 7.383458e-16
-8.010000e+00 8.412341e-16
-8.000000e+00 9.584690e-16
-7.990000e+00 1.092034e-15
-7.980000e+00 1.244179e-15
-7.970000e+00 1.417466e-15
-7.960000e+00 1.614798e-15
-7.950000e+00 1.839473e-15
-7.940000e+00 2.095245e-15
-7.930000e+00 2.386352e-15
-7.920000e+00 2.717618e-15
-7.910000e+00 3.094508e-15
-7.900000e+00 3.523218e-15
-7.890000e+00 4.010774e-15
-7.880000e+00 4.565131e-15
-7.870000e+00 5.195304e-15
-7.860000e+00 5.911504e-15
-7.850000e+00 6.725285e-15
-7.840000e+00 7.649728e-15
-7.830000e+00 8.699635e-15
-7.820000e+00 9.891749e-15
-7.810000e+00 1.124501e-14
-7.800000e+00 1.278081e-14
-7.790000e+00 1.452333e-14
-7.780000e+00 1.649993e-14
-7.770000e+00 1.874145e-14
-7.760000e+00 2.128276e-14
-7.750000e+00 2.416320e-14
-7.740000e+00 2.742720e-14
-7.730000e+00 3.112487e-14
-7.720000e+00 3.531270e-14
-7.710000e+00 4.005440e-14
-7.700000e+00 4.542182e-14
-7.690000e+00 5.149590e-14
-7.680000e+00 5.836782e-14
-7.670000e+00 6.614029e-14
-7.660000e+00 7.492896e-14
-7.650000e+00 8.486394e-14
-7.640000e+00 9.609180e-14
-7.630000e+00 1.087773e-13
-7.620000e+00 1.231056e-13
-7.610000e+00 1.392852e-13
-7.600000e+00 1.575503e-13
-7.590000e+00 1.781640e-13
-7.580000e+00 2.014219e-13
-7.570000e+00 2.276560e-13
-7.560000e+00 2.572390e-13
-7.550000e+00 2.905893e-13
-7.540000e+00 3.281764e-13
-7.530000e+00 3.705266e-13
-7.520000e+00 4.182307e-13
-7.510000e+00 4.719505e-13
-7.500000e+00 5.324282e-13
-7.490000e+00 6.004952e-13
-7.480000e+00 6.770827e-13
-7.470000e+00 7.632339e-13
-7.460000e+00 8.601163e-13
-7.450000e+00 9.690369e-13
-7.440000e+00 1.091458e-12
-7.430000e+00 1.229015e-12
-7.420000e+00 1.383538e-12
-7.410000e+00 1.557071e-12
-7.400000e+00 1.751900e-12
-7.390000e+00 1.970579e-12
-7.380000e+00 2.215962e-12
-7.370000e+00 2.491233e-12
-7.360000e+00 2.799949e-12
-7.350000e+00 3.146081e-12
-7.340000e+00 3.534058e-12
-7.330000e+00 3.968821e-12
-7.320000e+00 4.455880e-12
-7.310000e+00 5.001380e-12
-7.300000e+00 5.612166e-12
-7.290000e+00 6.295868e-12
-7.280000e+00 7.060987e-12
-7.270000e+00 7.916986e-12
-7.260000e+00 8.874404e-12
-7.250000e+00 9.944970e-12
-7.240000e+00 1.114173e-11
-7.230000e+00 1.247922e-11
-7.220000e+00 1.397356e-11
-7.210000e+00 1.564273e-11
-7.200000e+00 1.750666e-11
-7.190000e+00 1.958754e-11
-7.180000e+00 2.190999e-11
-7.170000e+00 2.450137e-11
-7.160000e+00 2.739206e-11
-7.150000e+00 3.061576e-11
-7.140000e+00 3.420989e-11
-7.130000e+00 3.821596e-11
-7.120000e+00 4.268000e-11
-7.110000e+00 4.765303e-11
-7.100000e+00 5.319164e-11
-7.090000e+00 5.935851e-11
-7.080000e+00 6.622311e-11
-7.070000e+00 7.386235e-11
-7.060000e+00 8.236142e-11
-7.050000e+00 9.181458e-11
-7.040000e+00 1.023262e-10
-7.030000e+00 1.140117e-10
-7.020000e+00 1.269987e-10
-7.010000e+00 1.414284e-10
-7.000000e+00 1.574569e-10
-6.990000e+00 1.752566e-10
-6.980000e+00 1.950180e-10
-6.970000e+00 2.169517e-10
-6.960000e+00 2.412898e-10
-6.950000e+00 2.682891e-10
-6.940000e+00 2.982325e-10
-6.930000e+00 3.314323e-10
-6.920000e+00 3.682331e-10
-6.910000e+00 4.090147e-10
-6.900000e+00 4.541958e-10
-6.890000e+00 5.042379e-10
-6.880000e+00 5.596494e-10
-6.870000e+00 6.209903e-10
-6.860000e+00 6.888772e-10
-6.850000e+00 7.639889e-10
-6.840000e+00 8.470724e-10
-6.830000e+00 9.389496e-10
-6.820000e+00 1.040524e-09
-6.810000e+00 1.152791e-09
-6.800000e+00 1.276842e-09
-6.790000e+00 1.413878e-09
-6.780000e+00 1.565219e-09
-6.770000e+00 1.732313e-09
-6.760000e+00 1.916752e-09
-6.750000e+00 2.120282e-09
-6.740000e+00 2.344820e-09
-6.730000e+00 2.592469e-09
-6.720000e+00 2.865535e-09
-6.710000e+00 3.166547e-09
-6.700000e+00 3.498277e-09
-6.690000e+00 3.863763e-09
-6.680000e+00 4.266332e-09
-6.670000e+00 4.709629e-09
-6.660000e+00 5.197645e-09
-6.650000e+00 5.734747e-09
-6.640000e+00 6.325715e-09
-6.630000e+00 6.975778e-09
-6.620000e+00 7.690654e-09
-6.610000e+00 8.476594e-09
-6.600000e+00 9.340431e-09
-6.590000e+00 1.028963e-08
-6.580000e+00 1.133235e-08
-6.570000e+00 1.247749e-08
-6.560000e+00 1.373478e-08
-6.550000e+00 1.511483e-08
-6.540000e+00 1.662921e-08
-6.530000e+00 1.829056e-08
-6.520000e+00 2.011263e-08
-6.510000e+00 2.211044e-08
-6.500000e+00 2.430035e-08
-6.490000e+00 2.670017e-08
-6.480000e+00 2.932931e-08
-6.470000e+00 3.220889e-08
-6.460000e+00 3.536192e-08
-6.450000e+00 3.881341e-08
-6.440000e+00 4.259058e-08
-6.430000e+00 4.672304e-08
-6.420000e+00 5.124296e-08
-6.410000e+00 5.618530e-08
-6.400000e+00 6.158806e-08
-6.390000e+00 6.749250e-08
-6.380000e+00 7.394343e-08
-6.370000e+00 8.098947e-08
-6.360000e+00 8.868338e-08
-6.350000e+00 9.708241e-08
-6.340000e+00 1.062486e-07
-6.330000e+00 1.162493e-07
-6.320000e+00 1.271574e-07
-6.310000e+00 1.390519e-07
-6.300000e+00 1.520184e-07
-6.290000e+00 1.661494e-07
-6.280000e+00 1.815454e-07
-6.270000e+00 1.983147e-07
-6.260000e+00 2.165748e-07
-6.250000e+00 2.364525e-07
-6.240000e+00 2.580850e-07
-6.230000e+00 2.816205e-07
-6.220000e+00 3.072191e-07
-6.210000e+00 3.350539e-07
-6.200000e+00 3.653114e-07
-6.190000e+00 3.981931e-07
-6.180000e+00 4.339165e-07
-6.170000e+00 4.727158e-07
-6.160000e+00 5.148438e-07
-6.150000e+00 5.605730e-07
-6.140000e+00 6.101968e-07
-6.130000e+00 6.640312e-07
-6.120000e+00 7.224166e-07
-6.110000e+00 7.857193e-07
-6.100000e+00 8.543334e-07
-6.090000e+00 9.286829e-07
-6.080000e+00 1.009224e-06
-6.070000e+00 1.096445e-06
-6.060000e+00 1.190874e-06
-6.050000e+00 1.293077e-06
-6.040000e+00 1.403659e-06
-6.030000e+00 1.523273e-06
-6.020000e+00 1.652618e-06
-6.010000e+00 1.792444e-06
-6.000000e+00 1.943556e-06
-5.990000e+00 2.106814e-06
-5.980000e+00 2.283144e-06
-5.970000e+00 2.473533e-06
-5.960000e+00 2.679042e-06
-5.950000e+00 2.900804e-06
-5.940000e+00 3.140032e-06
-5.930000e+00 3.398023e-06
-5.920000e+00 3.676164e-06
-5.910000e+00 3.975938e-06
-5.900000e+00 4.298928e-06
-5.890000e+00 4.646826e-06
-5.880000e+00 5.021437e-06
-5.870000e+00 5.424688e-06
-5.860000e+00 5.858635e-06
-5.850000e+00 6.325469e-06
-5.840000e+00 6.827528e-06
-5.830000e+00 7.367300e-06
-5.820000e+00 7.947437e-06
-5.810000e+00 8.570763e-06
-5.800000e+00 9.240282e-06
-5.790000e+00 9.959192e-06
-5.780000e+00 1.073089e-05
-5.770000e+00 1.155900e-05
-5.760000e+00 1.244734e-05
-5.750000e+00 1.340002e-05
-5.740000e+00 1.442135e-05
-5.730000e+00 1.551593e-05
-5.720000e+00 1.668863e-05
-5.710000e+00 1.794465e-05
-5.700000e+00 1.928944e-05
-5.690000e+00 2.072883e-05
-5.680000e+00 2.226896e-05
-5.670000e+00 2.391635e-05
-5.660000e+00 2.567789e-05
-5.650000e+00 2.756088e-05
-5.640000e+00 2.957302e-05
-5.630000e+00 3.172247e-05
-5.620000e+00 3.401782e-05
-5.610000e+00 3.646818e-05
-5.600000e+00 3.908314e-05
-5.590000e+00 4.187282e-05
-5.580000e+00 4.484789e-05
-5.570000e+00 4.801961e-05
-5.560000e+00 5.139983e-05
-5.550000e+00 5.500105e-05
-5.540000e+00 5.883640e-05
-5.530000e+00 6.291972e-05
-5.520000e+00 6.726554e-05
-5.510000e+00 7.188915e-05
-5.500000e+00 7.680662e-05
-5.490000e+00 8.203482e-05
-5.480000e+00 8.759144e-05
-5.470000e+00 9.349506e-05
-5.460000e+00 9.976516e-05
-5.450000e+00 1.064222e-04
-5.440000e+00 1.134874e-04
-5.430000e+00 1.209834e-04
-5.420000e+00 1.289334e-04
-5.410000e+00 1.373621e-04
-5.400000e+00 1.462950e-04
-5.390000e+00 1.557589e-04
-5.380000e+00 1.657818e-04
-5.370000e+00 1.763928e-04
-5.360000e+00 1.876224e-04
-5.350000e+00 1.995024e-04
-5.340000e+00 2.120658e-04
-5.330000e+00 2.253470e-04
-5.320000e+00 2.393819e-04
-5.310000e+00 2.542079e-04
-5.300000e+00 2.698636e-04
-5.290000e+00 2.863895e-04
-5.280000e+00 3.038272e-04
-5.270000e+00 3.222203e-04
-5.260000e+00 3.416138e-04
-5.250000e+00 3.620545e-04
-5.240000e+00 3.835905e-04
-5.230000e+00 4.062721e-04
-5.220000e+00 4.301511e-04
-5.210000e+00 4.552810e-04
-5.200000e+00 4.817172e-04
-5.190000e+00 5.095168e-04
-5.180000e+00 5.387389e-04
-5.170000e+00 5.694443e-04
-5.160000e+00 6.016956e-04
-5.150000e+00 6.355574e-04
-5.140000e+00 6.710963e-04
-5.130000e+00 7.083804e-04
-5.120000e+00 7.474800e-04
-5.110000e+00 7.884673e-04
-5.100000e+00 8.314162e-04
-5.090000e+00 8.764025e-04
-5.080000e+00 9.235039e-04
-5.070000e+00 9.728001e-04
-5.060000e+00 1.024372e-03
-5.050000e+00 1.078304e-03
-5.040000e+00 1.134680e-03
-5.030000e+00 1.193587e-03
-5.020000e+00 1.255113e-03
-5.010000e+00 1.319348e-03
-5.000000e+00 1.386385e-03
-4.990000e+00 1.456316e-03
-4.980000e+00 1.529235e-03
-4.970000e+00 1.605239e-03
-4.960000e+00 1.684426e-03
-4.950000e+00 1.766893e-03
-4.940000e+00 1.852742e-03
-4.930000e+00 1.942072e-03
-4.920000e+00 2.034986e-03
-4.910000e+00 2.131586e-03
-4.900000e+00 2.231976e-03
-4.890000e+00 2.336261e-03
-4.880000e+00 2.444545e-03
-4.870000e+00 2.556934e-03
-4.860000e+00 2.673533e-03
-4.850000e+00 2.794449e-03
-4.840000e+00 2.919786e-03
-4.830000e+00 3.049650e-03
-4.820000e+00 3.184148e-03
-4.810000e+00 3.323384e-03
-4.800000e+00 3.467463e-03
-4.790000e+00 3.616489e-03
-4.780000e+00 3.770564e-03
-4.770000e+00 3.929790e-03
-4.760000e+00 4.094268e-03
-4.750000e+00 4.264098e-03
-4.740000e+00 4.439377e-03
-4.730000e+00 4.620202e-03
-4.720000e+00 4.806665e-03
-4.710000e+00 4.998861e-03
-4.700000e+00 5.196877e-03
-4.690000e+00 5.400802e-03
-4.680000e+00 5.610721e-03
-4.670000e+00 5.826715e-03
-4.660000e+00 6.048864e-03
-4.650000e+00 6.277244e-03
-4.640000e+00 6.511927e-03
-4.630000e+00 6.752983e-03
-4.620000e+00 7.000478e-03
-4.610000e+00 7.254474e-03
-4.600000e+00 7.515028e-03
-4.590000e+00 7.782196e-03
-4.580000e+00 8.056026e-03
-4.570000e+00 8.336566e-03
-4.560000e+00 8.623856e-03
-4.550000e+00 8.917933e-03
-4.540000e+00 9.218829e-03
-4.530000e+00 9.526573e-03
-4.520000e+00 9.841186e-03
-4.510000e+00 1.016269e-02
-4.500000e+00 1.049109e-02
-4.490000e+00 1.082640e-02
-4.480000e+00 1.116862e-02
-4.470000e+00 1.151775e-02
-4.460000e+00 1.187378e-02
-4.450000e+00 1.223671e-02
-4.440000e+00 1.260650e-02
-4.430000e+00 1.298315e-02
-4.420000e+00 1.336662e-02
-4.410000e+00 1.375687e-02
-4.400000e+00 1.415388e-02
-4.390000e+00 1.455760e-02
-4.380000e+00 1.496797e-02
-4.370000e+00 1.538496e-02
-4.360000e+00 1.580849e-02
-4.350000e+00 1.623851e-02
-4.340000e+00 1.667495e-02
-4.330000e+00 1.711774e-02
-4.320000e+00 1.756681e-02
-4.310000e+00 1.802207e-02
-4.300000e+00 1.848343e-02
-4.290000e+00 1.895082e-02
-4.280000e+00 1.942413e-02
-4.270000e+00 1.990328e-02
-4.260000e+00 2.038815e-02
-4.250000e+00 2.087866e-02
-4.240000e+00 2.137469e-02
-4.230000e+00 2.187613e-02
-4.220000e+00 2.238287e-02
-4.210000e+00 2.289480e-02
-4.200000e+00 2.341179e-02
-4.190000e+00 2.393373e-02
-4.180000e+00 2.446050e-02
-4.170000e+00 2.499196e-02
-4.160000e+00 2.552800e-02
-4.150000e+00 2.606849e-02
-4.140000e+00 2.661329e-02
-4.130000e+00 2.716228e-02
-4.120000e+00 2.771532e-02
-4.110000e+00 2.827229e-02
-4.100000e+00 2.883304e-02
-4.090000e+00 2.939745e-02
-4.080000e+00 2.996538e-02
-4.070000e+00 3.053669e-02
-4.060000e+00 3.111126e-02
-4.050000e+00 3.168894e-02
-4.040000e+00 3.226961e-02
-4.030000e+00 3.285312e-02
-4.020000e+00 3.343935e-02
-4.010000e+00 3.402817e-02
-4.000000e+00 3.461943e-02
-3.990000e+00 3.521302e-02
-3.980000e+00 3.580881e-02
-3.970000e+00 3.640665e-02
-3.960000e+00 3.700644e-02
-3.950000e+00 3.760804e-02
-3.940000e+00 3.821132e-02
-3.930000e+00 3.881618e-02
-3.920000e+00 3.942248e-02
-3.910000e+00 4.003012e-02
-3.900000e+00 4.063896e-02
-3.890000e+00 4.124891e-02
-3.880000e+00 4.185984e-02
-3.870000e+00 4.247164e-02
-3.860000e+00 4.308422e-02
-3.850000e+00 4.369746e-02
-3.840000e+00 4.431126e-02
-3.830000e+00 4.492552e-02
-3.820000e+00 4.554014e-02
-3.810000e+00 4.615502e-02
-3.800000e+00 4.677008e-02
-3.790000e+00 4.738522e-02
-3.780000e+00 4.800034e-02
-3.770000e+00 4.861537e-02
-3.760000e+00 4.923022e-02
-3.750000e+00 4.984481e-02
-3.740000e+00 5.045906e-02
-3.730000e+00 5.107290e-02
-3.720000e+00 5.168624e-02
-3.710000e+00 5.229902e-02
-3.700000e+00 5.291117e-02
-3.690000e+00 5.352262e-02
-3.680000e+00 5.413331e-02
-3.670000e+00 5.474317e-02
-3.660000e+00 5.535215e-02
-3.650000e+00 5.596019e-02
-3.640000e+00 5.656722e-02
-3.630000e+00 5.717321e-02
-3.620000e+00 5.777809e-02
-3.610000e+00 5.838182e-02
-3.600000e+00 5.898435e-02
-3.590000e+00 5.958563e-02
-3.580000e+00 6.018563e-02
-3.570000e+00 6.078430e-02
-3.560000e+00 6.138161e-02
-3.550000e+00 6.197751e-02
-3.540000e+00 6.257196e-02
-3.530000e+00 6.316495e-02
-3.520000e+00 6.375643e-02
-3.510000e+00 6.434637e-02
-3.500000e+00 6.493475e-02
-3.490000e+00 6.552154e-02
-3.480000e+00 6.610670e-02
-3.470000e+00 6.669023e-02
-3.460000e+00 6.727209e-02
-3.450000e+00 6.785226e-02
-3.440000e+00 6.843073e-02
-3.430000e+00 6.900746e-02
-3.420000e+00 6.958246e-02
-3.410000e+00 7.015569e-02
-3.400000e+00 7.072715e-02
-3.390000e+00 7.129682e-02
-3.380000e+00 7.186468e-02
-3.370000e+00 7.243073e-02
-3.360000e+00 7.299495e-02
-3.350000e+00 7.355733e-02
-3.340000e+00 7.411787e-02
-3.330000e+00 7.467655e-02
-3.320000e+00 7.523336e-02
-3.310000e+00 7.578831e-02
-3.300000e+00 7.634137e-02
-3.290000e+00 7.689256e-02
-3.280000e+00 7.744185e-02
-3.270000e+00 7.798925e-02
-3.260000e+00 7.853476e-02
-3.250000e+00 7.907837e-02
-3.240000e+00 7.962007e-02
-3.230000e+00 8.015987e-02
-3.220000e+00 8.069777e-02
-3.210000e+00 8.123375e-02
-3.200000e+00 8.176783e-02
-3.190000e+00 8.230000e-02
-3.180000e+00 8.283026e-02
-3.170000e+00 8.335862e-02
-3.160000e+00 8.388506e-02
-3.150000e+00 8.440960e-02
-3.140000e+00 8.493223e-02
-3.130000e+00 8.545296e-02
-3.120000e+00 8.597179e-02
-3.110000e+00 8.648871e-02
-3.100000e+00 8.700374e-02
-3.090000e+00 8.751688e-02
-3.080000e+00 8.802812e-02
-3.070000e+00 8.853747e-02
-3.060000e+00 8.904493e-02
-3.050000e+00 8.955051e-02
-3.040000e+00 9.005420e-02
-3.030000e+00 9.055602e-02
-3.020000e+00 9.105597e-02
-3.010000e+00 9.155404e-02
-3.000000e+00 9.205025e-02
-2.990000e+00 9.254459e-02
-2.980000e+00 9.303707e-02
-2.970000e+00 9.352770e-02
-2.960000e+00 9.401648e-02
-2.950000e+00 9.450340e-02
-2.940000e+00 9.498848e-02
-2.930000e+00 9.547172e-02
-2.920000e+00 9.595312e-02
-2.910000e+00 9.643269e-02
-2.900000e+00 9.691043e-02
-2.890000e+00 9.738635e-02
-2.880000e+00 9.786044e-02
-2.870000e+00 9.833271e-02
-2.860000e+00 9.880317e-02
-2.850000e+00 9.927182e-02
-2.840000e+00 9.973867e-02
-2.830000e+00 1.002037e-01
-2.820000e+00 1.006670e-01
-2.810000e+00 1.011284e-01
-2.800000e+00 1.015881e-01
-2.790000e+00 1.020459e-01
-2.780000e+00 1.025020e-01
-2.770000e+00 1.029563e-01
-2.760000e+00 1.034088e-01
-2.750000e+00 1.038596e-01
-2.740000e+00 1.043086e-01
-2.730000e+00 1.047558e-01
-2.720000e+00 1.052012e-01
-2.710000e+00 1.056449e-01
-2.700000e+00 1.060868e-01
-2.690000e+00 1.065270e-01
-2.680000e+00 1.069654e-01
-2.670000e+00 1.074021e-01
-2.660000e+00 1.078370e-01
-2.650000e+00 1.082702e-01
-2.640000e+00 1.087017e-01
-2.630000e+00 1.091314e-01
-2.620000e+00 1.095593e-01
-2.610000e+00 1.099856e-01
-2.600000e+00 1.104101e-01
-2.590000e+00 1.108329e-01
-2.580000e+00 1.112539e-01
-2.570000e+00 1.116733e-01
-2.560000e+00 1.120909e-01
-2.550000e+00 1.125068e-01
-2.540000e+00 1.129209e-01
-2.530000e+00 1.133334e-01
-2.520000e+00 1.137442e-01
-2.510000e+00 1.141532e-01
-2.500000e+00 1.145606e-01
-2.490000e+00 1.149662e-01
-2.480000e+00 1.153701e-01
-2.470000e+00 1.157724e-01
-2.460000e+00 1.161729e-01
-2.450000e+00 1.165717e-01
-2.440000e+00 1.169689e-01
-2.430000e+00 1.173643e-01
-2.420000e+00 1.177581e-01
-2.410000e+00 1.181501e-01
-2.400000e+00 1.185405e-01
-2.390000e+00 1.189292e-01
-2.380000e+00 1.193162e-01
-2.370000e+00 1.197015e-01
-2.360000e+00 1.200851e-01
-2.350000e+00 1.204671e-01
-2.340000e+00 1.208473e-01
-2.330000e+00 1.212259e-01
-2.320000e+00 1.216028e-01
-2.310000e+00 1.219781e-01
-2.300000e+00 1.223516e-01
-2.290000e+00 1.227235e-01
-2.280000e+00 1.230937e-01
-2.270000e+00 1.234623e-01
-2.260000e+00 1.238291e-01
-2.250000e+00 1.241943e-01
-2.240000e+00 1.245578e-01
-2.230000e+00 1.249197e-01
-2.220000e+00 1.252799e-01
-2.210000e+00 1.256384e-01
-2.200000e+00 1.259953e-01
-2.190000e+00 1.263505e-01
-2.180000e+00 1.267040e-01
-2.170000e+00 1.270559e-01
-2.160000e+00 1.274061e-01
-2.150000e+00 1.277547e-01
-2.140000e+00 1.281015e-01
-2.130000e+00 1.284468e-01
-2.120000e+00 1.287903e-01
-2.110000e+00 1.291323e-01
-2.100000e+00 1.294725e-01
-2.090000e+00 1.298111e-01
-2.080000e+00 1.301481e-01
-2.070000e+00 1.304833e-01
-2.060000e+00 1.308170e-01
-2.050000e+00 1.311490e-01
-2.040000e+00 1.314793e-01
-2.030000e+00 1.318080e-01
-2.020000e+00 1.321350e-01
-2.010000e+00 1.324604e-01
-2.000000e+00 1.327841e-01
-1.990000e+00 1.331062e-01
-1.980000e+00 1.334266e-01
-1.970000e+00 1.337454e-01
-1.960000e+00 1.340625e-01
-1.950000e+00 1.343780e-01
-1.940000e+00 1.346918e-01
-1.930000e+00 1.350040e-01
-1.920000e+00 1.353145e-01
-1.910000e+00 1.356234e-01
-1.900000e+00 1.359306e-01
-1.890000e+00 1.362363e-01
-1.880000e+00 1.365402e-01
-1.870000e+00 1.368425e-01
-1.860000e+00 1.371432e-01
-1.850000e+00 1.374422e-01
-1.840000e+00 1.377396e-01
-1.830000e+00 1.380353e-01
-1.820000e+00 1.383294e-01
-1.810000e+00 1.386219e-01
-1.800000e+00 1.389127e-01
-1.790000e+00 1.392019e-01
-1.780000e+00 1.394894e-01
-1.770000e+00 1.397753e-01
-1.760000e+00 1.400596e-01
-1.750000e+00 1.403422e-01
-1.740000e+00 1.406232e-01
-1.730000e+00 1.409025e-01
-1.720000e+00 1.411802e-01
-1.710000e+00 1.414563e-01
-1.700000e+00 1.417307e-01
-1.690000e+00 1.420035e-01
-1.680000e+00 1.422747e-01
-1.670000e+00 1.425442e-01
-1.660000e+00 1.428121e-01
-1.650000e+00 1.430783e-01
-1.640000e+00 1.433430e-01
-1.630000e+00 1.436060e-01
-1.620000e+00 1.438673e-01
-1.610000e+00 1.441270e-01
-1.600000e+00 1.443851e-01
-1.590000e+00 1.446416e-01
-1.580000e+00 1.448964e-01
-1.570000e+00 1.451496e-01
-1.560000e+00 1.454011e-01
-1.550000e+00 1.456510e-01
-1.540000e+00 1.458993e-01
-1.530000e+00 1.461460e-01
-1.520000e+00 1.463910e-01
-1.510000e+00 1.466344e-01
-1.500000e+00 1.468762e-01
-1.490000e+00 1.471164e-01
-1.480000e+00 1.473549e-01
-1.470000e+00 1.475918e-01
-1.460000e+00 1.478270e-01
-1.450000e+00 1.480606e-01
-1.440000e+00 1.482927e-01
-1.430000e+00 1.485230e-01
-1.420000e+00 1.487518e-01
-1.410000e+00 1.489789e-01
-1.400000e+00 1.492044e-01
-1.390000e+00 1.494283e-01
-1.380000e+00 1.496505e-01
-1.370000e+00 1.498712e-01
-1.360000e+00 1.500902e-01
-1.350000e+00 1.503075e-01
-1.340000e+00 1.505233e-01
-1.330000e+00 1.507374e-01
-1.320000e+00 1.509499e-01
-1.310000e+00 1.511608e-01
-1.300000e+00 1.513701e-01
-1.290000e+00 1.515777e-01
-1.280000e+00 1.517837e-01
-1.270000e+00 1.519881e-01
-1.260000e+00 1.521909e-01
-1.250000e+00 1.523921e-01
-1.240000e+00 1.525916e-01
-1.230000e+00 1.527895e-01
-1.220000e+00 1.529858e-01
-1.210000e+00 1.531805e-01
-1.200000e+00 1.533735e-01
-1.190000e+00 1.535650e-01
-1.180000e+00 1.537548e-01
-1.170000e+00 1.539430e-01
-1.160000e+00 1.541296e-01
-1.150000e+00 1.543146e-01
-1.140000e+00 1.544979e-01
-1.130000e+00 1.546796e-01
-1.120000e+00 1.548598e-01
-1.110000e+00 1.550383e-01
-1.100000e+00 1.552152e-01
-1.090000e+00 1.553904e-01
-1.080000e+00 1.555641e-01
-1.070000e+00 1.557361e-01
-1.060000e+00 1.559066e-01
-1.050000e+00 1.560754e-01
-1.040000e+00 1.562426e-01
-1.030000e+00 1.564082e-01
-1.020000e+00 1.565722e-01
-1.010000e+00 1.567345e-01
-1.000000e+00 1.568953e-01
-9.900000e-01 1.570544e-01
-9.800000e-01 1.572120e-01
-9.700000e-01 1.573679e-01
-9.600000e-01 1.575222e-01
-9.500000e-01 1.576749e-01
-9.400000e-01 1.578260e-01
-9.300000e-01 1.579755e-01
-9.200000e-01 1.581234e-01
-9.100000e-01 1.582696e-01
-9.000000e-01 1.584143e-01
-8.900000e-01 1.585573e-01
-8.800000e-01 1.586988e-01
-8.700000e-01 1.588386e-01
-8.600000e-01 1.589768e-01
-8.500000e-01 1.591134e-01
-8.400000e-01 1.592484e-01
-8.300000e-01 1.593818e-01
-8.200000e-01 1.595136e-01
-8.100000e-01 1.596438e-01
-8.000000e-01 1.597724e-01
-7.900000e-01 1.598994e-01
-7.800000e-01 1.600248e-01
-7.700000e-01 1.601485e-01
-7.600000e-01 1.602707e-01
-7.500000e-01 1.603913e-01
-7.400000e-01 1.605102e-01
-7.300000e-01 1.606276e-01
-7.200000e-01 1.607433e-01
-7.100000e-01 1.608575e-01
-7.000000e-01 1.609700e-01
-6.900000e-01 1.610809e-01
-6.800000e-01 1.611903e-01
-6.700000e-01 1.612980e-01
-6.600000e-01 1.614041e-01
-6.500000e-01 1.615087e-01
-6.400000e-01 1.616116e-01
-6.300000e-01 1.617129e-01
-6.200000e-01 1.618127e-01
-6.100000e-01 1.619108e-01
-6.000000e-01 1.620073e-01
-5.900000e-01 1.621022e-01
-5.800000e-01 1.621956e-01
-5.700000e-01 1.622873e-01
-5.600000e-01 1.623774e-01
-5.500000e-01 1.624659e-01
-5.400000e-01 1.625529e-01
-5.300000e-01 1.626382e-01
-5.200000e-01 1.627219e-01
-5.100000e-01 1.628041e-01
-5.000000e-01 1.628846e-01
-4.900000e-01 1.629635e-01
-4.800000e-01 1.630409e-01
-4.700000e-01 1.631166e-01
-4.600000e-01 1.631908e-01
-4.500000e-01 1.632633e-01
-4.400000e-01 1.633343e-01
-4.300000e-01 1.634036e-01
-4.200000e-01 1.634714e-01
-4.100000e-01 1.635375e-01
-4.000000e-01 1.636021e-01
-3.900000e-01 1.636651e-01
-3.800000e-01 1.637264e-01
-3.700000e-01 1.637862e-01
-3.600000e-01 1.638444e-01
-3.500000e-01 1.639010e-01
-3.400000e-01 1.639559e-01
-3.300000e-01 1.640093e-01
-3.200000e-01 1.640611e-01
-3.100000e-01 1.641113e-01
-3.000000e-01 1.641599e-01
-2.900000e-01 1.642070e-01
-2.800000e-01 1.642524e-01
-2.700000e-01 1.642962e-01
-2.600000e-01 1.643384e-01
-2.500000e-01 1.643791e-01
-2.400000e-01 1.644181e-01
-2.300000e-01 1.644555e-01
-2.200000e-01 1.644914e-01
-2.100000e-01 1.645256e-01
-2.000000e-01 1.645583e-01
-1.900000e-01 1.645894e-01
-1.800000e-01 1.646188e-01
-1.700000e-01 1.646467e-01
-1.600000e-01 1.646730e-01
-1.500000e-01 1.646977e-01
-1.400000e-01 1.647208e-01
-1.300000e-01 1.647423e-01
-1.200000e-01 1.647622e-01
-1.100000e-01 1.647806e-01
-1.000000e-01 1.647973e-01
-9.000000e-02 1.648124e-01
-8.000000e-02 1.648260e-01
-7.000000e-02 1.648379e-01
-6.000000e-02 1.648483e-01
-5.000000e-02 1.648570e-01
-4.000000e-02 1.648642e-01
-3.000000e-02 1.648698e-01
-2.000000e-02 1.648737e-01
-1.000000e-02 1.648761e-01
0.000000e+00 1.648769e-01
1.000000e-02 1.648761e-01
2.000000e-02 1.648737e-01
3.000000e-02 1.648698e-01
4.000000e-02 1.648642e-01
5.000000e-02 1.648570e-01
6.000000e-02 1.648483e-01
7.000000e-02 1.648379e-01
8.000000e-02 1.648260e-01
9.000000e-02 1.648124e-01
1.000000e-01 1.647973e-01
1.100000e-01 1.647806e-01
1.200000e-01 1.647622e-01
1.300000e-01 1.647423e-01
1.400000e-01 1.647208e-01
1.500000e-01 1.646977e-01
1.600000e-01 1.646730e-01
1.700000e-01 1.646467e-01
1.800000e-01 1.646188e-01
1.900000e-01 1.645894e-01
2.000000e-01 1.645583e-01
2.100000e-01 1.645256e-01
2.200000e-01 1.644914e-01
2.300000e-01 1.644555e-01
2.400000e-01 1.644181e-01
2.500000e-01 1.643791e-01
2.600000e-01 1.643384e-01
2.700000e-01 1.642962e-01
2.800000e-01 1.642524e-01
2.900000e-01 1.642070e-01
3.000000e-01 1.641599e-01
3.100000e-01 1.641113e-01
3.200000e-01 1.640611e-01
3.300000e-01 1.640093e-01
3.400000e-01 1.639559e-01
3.500000e-01 1.639010e-01
3.600000e-01 1.638444e-01
3.700000e-01 1.637862e-01
3.800000e-01 1.637264e-01
3.900000e-01 1.636651e-01
4.000000e-01 1.636021e-01
4.100000e-01 1.635375e-01
4.200000e-01 1.634714e-01
4.300000e-01 1.634036e-01
4.400000e-01 1.633343e-01
4.500000e-01 1.632633e-01
4.600000e-01 1.631908e-01
4.700000e-01 1.631166e-01
4.800000e-01 1.630409e-01
4.900000e-01 1.629635e-01
5.000000e-01 1.628846e-01
5.100000e-01 1.628041e-01
5.200000e-01 1.627219e-01
5.300000e-01 1.626382e-01
5.400000e-01 1.625529e-01
5.500000e-01 1.624659e-01
5.600000e-01 1.623774e-01
5.700000e-01 1.622873e-01
5.800000e-01 1.621956e-01
5.900000e-01 1.621022e-01
6.000000e-01 1.620073e-01
6.100000e-01 1.619108e-01
6.200000e-01 1.618127e-01
6.300000e-01 1.617129e-01
6.400000e-01 1.616116e-01
6.500000e-01 1.615087e-01
6.600000e-01 1.614041e-01
6.700000e-01 1.612980e-01
6.800000e-01 1.611903e-01
6.900000e-01 1.610809e-01
7.000000e-01 1.609700e-01
7.100000e-01 1.608575e-01
7.200000e-01 1.607433e-01
7.300000e-01 1.606276e-01
7.400000e-01 1.605102e-01
7.500000e-01 1.603913e-01
7.600000e-01 1.602707e-01
7.700000e-01 1.601485e-01
7.800000e-01 1.600248e-01
7.900000e-01 1.598994e-01
8.000000e-01 1.597724e-01
8.100000e-01 1.596438e-01
8.200000e-01 1.595136e-01
8.300000e-01 1.593818e-01
8.400000e-01 1.592484e-01
8.500000e-01 1.591134e-01
8.600000e-01 1.589768e-01
8.700000e-01 1.588386e-01
8.800000e-01 1.586988e-01
8.900000e-01 1.585573e-01
9.000000e-01 1.584143e-01
9.100000e-01 1.582696e-01
9.200000e-01 1.581234e-01
9.300000e-01 1.579755e-01
9.400000e-01 1.578260e-01
9.500000e-01 1.576749e-01
9.600000e-01 1.575222e-01
9.700000e-01 1.573679e-01
9.800000e-01 1.572120e-01
9.900000e-01 1.570544e-01
1.000000e+00 1.568953e-01
1.010000e+00 1.567345e-01
1.020000e+00 1.565722e-01
1.030000e+00 1.564082e-01
1.040000e+00 1.562426e-01
1.050000e+00 1.560754e-01
1.060000e+00 1.559066e-01
1.070000e+00 1.557361e-01
1.080000e+00 1.555641e-01
1.090000e+00 1.553904e-01
1.100000e+00 1.552152e-01
1.110000e+00 1.550383e-01
1.120000e+00 1.548598e-01
1.130000e+00 1.546796e-01
1.140000e+00 1.544979e-01
1.150000e+00 1.543146e-01
1.160000e+00 1.541296e-01
1.170000e+00 1.539430e-01
1.180000e+00 1.537548e-01
1.190000e+00 1.535650e-01
1.200000e+00 1.533735e-01
1.210000e+00 1.531805e-01
1.220000e+00 1.529858e-01
1.230000e+00 1.527895e-01
1.240000e+00 1.525916e-01
1.250000e+00 1.523921e-01
1.260000e+00 1.521909e-01
1.270000e+00 1.519881e-01
1.280000e+00 1.517837e-01
1.290000e+00 1.515777e-01
1.300000e+00 1.513701e-01
1.310000e+00 1.511608e-01
1.320000e+00 1.509499e-01
1.330000e+00 1.507374e-01
1.340000e+00 1.505233e-01
1.350000e+00 1.503075e-01
1.360000e+00 1.500902e-01
1.370000e+00 1.498712e-01
1.380000e+00 1.496505e-01
1.390000e+00 1.494283e-01
1.400000e+00 1.492044e-01
1.410000e+00 1.489789e-01
1.420000e+00 1.487518e-01
1.430000e+00 1.485230e-01
1.440000e+00 1.482927e-01
1.450000e+00 1.480606e-01
1.460000e+00 1.478270e-01
1.470000e+00 1.475918e-01
1.480000e+00 1.473549e-01
1.490000e+00 1.471164e-01
1.500000e+00 1.468762e-01
1.510000e+00 1.466344e-01
1.520000e+00 1.463910e-01
1.530000e+00 1.461460e-01
1.540000e+00 1.458993e-01
1.550000e+00 1.456510e-01
1.560000e+00 1.454011e-01
1.570000e+00 1.451496e-01
1.580000e+00 1.448964e-01
1.590000e+00 1.446416e-01
1.600000e+00 1.443851e-01
1.610000e+00 1.441270e-01
1.620000e+00 1.438673e-01
1.630000e+00 1.436060e-01
1.640000e+00 1.433430e-01
1.650000e+00 1.430783e-01
1.660000e+00 1.428121e-01
1.670000e+00 1.425442e-01
1.680000e+00 1.422747e-01
1.690000e+00 1.420035e-01
1.700000e+00 1.417307e-01
1.710000e+00 1.414563e-01
1.720000e+00 1.411802e-01
1.730000e+00 1.409025e-01
1.740000e+00 1.406232e-01
1.750000e+00 1.403422e-01
1.760000e+00 1.400596e-01
1.770000e+00 1.397753e-01
1.780000e+00 1.394894e-01
1.790000e+00 1.392019e-01
1.800000e+00 1.389127e-01
1.810000e+00 1.386219e-01
1.820000e+00 1.383294e-01
1.830000e+00 1.380353e-01
1.840000e+00 1.377396e-01
1.850000e+00 1.374422e-01
1.860000e+00 1.371432e-01
1.870000e+00 1.368425e-01
1.880000e+00 1.365402e-01
1.890000e+00 1.362363e-01
1.900000e+00 1.359306e-01
1.910000e+00 1.356234e-01
1.920000e+00 1.353145e-01
1.930000e+00 1.350040e-01
1.940000e+00 1.346918e-01
1.950000e+00 1.343780e-01
1.960000e+00 1.340625e-01
1.970000e+00 1.337454e-01
1.980000e+00 1.334266e-01
1.990000e+00 1.331062e-01
2.000000e+00 1.327841e-01
2.010000e+00 1.324604e-01
2.020000e+00 1.321350e-01
2.030000e+00 1.318080e-01
2.040000e+00 1.314793e-01
2.050000e+00 1.311490e-01
2.060000e+00 1.308170e-01
2.070000e+00 1.304833e-01
2.080000e+00 1.301481e-01
2.090000e+00 1.298111e-01
2.100000e+00 1.294725e-01
2.110000e+00 1.291323e-01
2.120000e+00 1.287903e-01
2.130000e+00 1.284468e-01
2.140000e+00 1.281015e-01
2.150000e+00 1.277547e-01
2.160000e+00 1.274061e-01
2.170000e+00 1.270559e-01
2.180000e+00 1.267040e-01
2.190000e+00 1.263505e-01
2.200000e+00 1.259953e-01
2.210000e+00 1.256384e-01
2.220000e+00 1.252799e-01
2.230000e+00 1.249197e-01
2.240000e+00 1.245578e-01
2.250000e+00 1.241943e-01
2.260000e+00 1.238291e-01
2.270000e+00 1.234623e-01
2.280000e+00 1.230937e-01
2.290000e+00 1.227235e-01
2.300000e+00 1.223516e-01
2.310000e+00 1.219781e-01
2.320000e+00 1.216028e-01
2.330000e+00 1.212259e-01
2.340000e+00 1.208473e-01
2.350000e+00 1.204671e-01
2.360000e+00 1.200851e-01
2.370000e+00 1.197015e-01
2.380000e+00 1.193162e-01
2.390000e+00 1.189292e-01
2.400000e+00 1.185405e-01
2.410000e+00 1.181501e-01
2.420000e+00 1.177581e-01
2.430000e+00 1.173643e-01
2.440000e+00 1.169689e-01
2.450000e+00 1.165717e-01
2.460000e+00 1.161729e-01
2.470000e+00 1.157724e-01
2.480000e+00 1.153701e-01
2.490000e+00 1.149662e-01
2.500000e+00 1.145606e-01
2.510000e+00 1.141532e-01
2.520000e+00 1.137442e-01
2.530000e+00 1.133334e-01
2.540000e+00 1.129209e-01
2.550000e+00 1.125068e-01
2.560000e+00 1.120909e-01
2.570000e+00 1.116733e-01
2.580000e+00 1.112539e-01
2.590000e+00 1.108329e-01
2.600000e+00 1.104101e-01
2.610000e+00 1.099856e-01
2.620000e+00 1.095593e-01
2.630000e+00 1.091314e-01
2.640000e+00 1.087017e-01
2.650000e+00 1.082702e-01
2.660000e+00 1.078370e-01
2.670000e+00 1.074021e-01
2.680000e+00 1.069654e-01
2.690000e+00 1.065270e-01
2.700000e+00 1.060868e-01
2.710000e+00 1.056449e-01
2.720000e+00 1.052012e-01
2.730000e+00 1.047558e-01
2.740000e+00 1.043086e-01
2.750000e+00 1.038596e-01
2.760000e+00 1.034088e-01
2.770000e+00 1.029563e-01
2.780000e+00 1.025020e-01
2.790000e+00 1.020459e-01
2.800000e+00 1.015881e-01
2.810000e+00 1.011284e-01
2.820000e+00 1.006670e-01
2.830000e+00 1.002037e-01
2.840000e+00 9.973867e-02
2.850000e+00 9.927182e-02
2.860000e+00 9.880317e-02
2.870000e+00 9.833271e-02
2.880000e+00 9.786044e-02
2.890000e+00 9.738635e-02
2.900000e+00 9.691043e-02
2.910000e+00 9.643269e-02
2.920000e+00 9.595312e-02
2.930000e+00 9.547172e-02
2.940000e+00 9.498848e-02
2.950000e+00 9.450340e-02
2.960000e+00 9.401648e-02
2.970000e+00 9.352770e-02
2.980000e+00 9.303707e-02
2.990000e+00 9.254459e-02
3.000000e+00 9.205025e-02
3.010000e+00 9.155404e-02
3.020000e+00 9.105597e-02
3.030000e+00 9.055602e-02
3.040000e+00 9.005420e-02
3.050000e+00 8.955051e-02
3.060000e+00 8.904493e-02
3.070000e+00 8.853747e-02
3.080000e+00 8.802812e-02
3.090000e+00 8.751688e-02
3.100000e+00 8.700374e-02
3.110000e+00 8.648871e-02
3.120000e+00 8.597179e-02
3.130000e+00 8.545296e-02
3.140000e+00 8.493223e-02
3.150000e+00 8.440960e-02
3.160000e+00 8.388506e-02
3.170000e+00 8.335862e-02
3.180000e+00 8.283026e-02
3.190000e+00 8.230000e-02
3.200000e+00 8.176783e-02
3.210000e+00 8.123375e-02
3.220000e+00 8.069777e-02
3.230000e+00 8.015987e-02
3.240000e+00 7.962007e-02
3.250000e+00 7.907837e-02
3.260000e+00 7.853476e-02
3.270000e+00 7.798925e-02
3.280000e+00 7.744185e-02
3.290000e+00 7.689256e-02
3.300000e+00 7.634137e-02
3.310000e+00 7.578831e-02
3.320000e+00 7.523336e-02
3.330000e+00 7.467655e-02
3.340000e+00 7.411787e-02
3.350000e+00 7.355733e-02
3.360000e+00 7.299495e-02
3.370000e+00 7.243073e-02
3.380000e+00 7.186468e-02
3.390000e+00 7.129682e-02
3.400000e+00 7.072715e-02
3.410000e+00 7.015569e-02
3.420000e+00 6.958246e-02
3.430000e+00 6.900746e-02
3.440000e+00 6.843073e-02
3.450000e+00 6.785226e-02
3.460000e+00 6.727209e-02
3.470000e+00 6.669023e-02
3.480000e+00 6.610670e-02
3.490000e+00 6.552154e-02
3.500000e+00 6.493475e-02
3.510000e+00 6.434637e-02
3.520000e+00 6.375643e-02
3.530000e+00 6.316495e-02
3.540000e+00 6.257196e-02
3.550000e+00 6.197751e-02
3.560000e+00 6.138161e-02
3.570000e+00 6.078430e-02
3.580000e+00 6.018563e-02
3.590000e+00 5.958563e-02
3.600000e+00 5.898435e-02
3.610000e+00 5.838182e-02
3.620000e+00 5.777809e-02
3.630000e+00 5.717321e-02
3.640000e+00 5.656722e-02
3.650000e+00 5.596019e-02
3.660000e+00 5.535215e-02
3.670000e+00 5.474317e-02
3.680000e+00 5.413331e-02
3.690000e+00 5.352262e-02
3.700000e+00 5.291117e-02
3.710000e+00 5.229902e-02
3.720000e+00 5.168624e-02
3.730000e+00 5.107290e-02
3.740000e+00 5.045906e-02
3.750000e+00 4.984481e-02
3.760000e+00 4.923022e-02
3.770000e+00 4.861537e-02
3.780000e+00 4.800034e-02
3.790000e+00 4.738522e-02
3.800000e+00 4.677008e-02
3.810000e+00 4.615502e-02
3.820000e+00 4.554014e-02
3.830000e+00 4.492552e-02
3.840000e+00 4.431126e-02
3.850000e+00 4.369746e-02
3.860000e+00 4.308422e-02
3.870000e+00 4.247164e-02
3.880000e+00 4.185984e-02
3.890000e+00 4.124891e-02
3.900000e+00 4.063896e-02
3.910000e+00 4.003012e-02
3.920000e+00 3.942248e-02
3.930000e+00 3.881618e-02
3.940000e+00 3.821132e-02
3.950000e+00 3.760804e-02
3.960000e+00 3.700644e-02
3.970000e+00 3.640665e-02
3.980000e+00 3.580881e-02
3.990000e+00 3.521302e-02
4.000000e+00 3.461943e-02
4.010000e+00 3.402817e-02
4.020000e+00 3.343935e-02
4.030000e+00 3.285312e-02
4.040000e+00 3.226961e-02
4.050000e+00 3.168894e-02
4.060000e+00 3.111126e-02
4.070000e+00 3.053669e-02
4.080000e+00 2.996538e-02
4.090000e+00 2.939745e-02
4.100000e+00 2.883304e-02
4.110000e+00 2.827229e-02
4.120000e+00 2.771532e-02
4.130000e+00 2.716228e-02
4.140000e+00 2.661329e-02
4.150000e+00 2.606849e-02
4.160000e+00 2.552800e-02
4.170000e+00 2.499196e-02
4.180000e+00 2.446050e-02
4.190000e+00 2.393373e-02
4.200000e+00 2.341179e-02
4.210000e+00 2.289480e-02
4.220000e+00 2.238287e-02
4.230000e+00 2.187613e-02
4.240000e+00 2.137469e-02
4.250000e+00 2.087866e-02
4.260000e+00 2.038815e-02
4.270000e+00 1.990328e-02
4.280000e+00 1.942413e-02
4.290000e+00 1.895082e-02
4.300000e+00 1.848343e-02
4.310000e+00 1.802207e-02
4.320000e+00 1.756681e-02
4.330000e+00 1.711774e-02
4.340000e+00 1.667495e-02
4.350000e+00 1.623851e-02
4.360000e+00 1.580849e-02
4.370000e+00 1.538496e-02
4.380000e+00 1.496797e-02
4.390000e+00 1.455760e-02
4.400000e+00 1.415388e-02
4.410000e+00 1.375687e-02
4.420000e+00 1.336662e-02
4.430000e+00 1.298315e-02
4.440000e+00 1.260650e-02
4.450000e+00 1.223671e-02
4.460000e+00 1.187378e-02
4.470000e+00 1.151775e-02
4.480000e+00 1.116862e-02
4.490000e+00 1.082640e-02
4.500000e+00 1.049109e-02
4.510000e+00 1.016269e-02
4.520000e+00 9.841186e-03
4.530000e+00 9.526573e-03
4.540000e+00 9.218829e-03
4.550000e+00 8.917933e-03
4.560000e+00 8.623856e-03
4.570000e+00 8.336566e-03
4.580000e+00 8.056026e-03
4.590000e+00 7.782196e-03
4.600000e+00 7.515028e-03
4.610000e+00 7.254474e-03
4.620000e+00 7.000478e-03
4.630000e+00 6.752983e-03
4.640000e+00 6.511927e-03
4.650000e+00 6.277244e-03
4.660000e+00 6.048864e-03
4.670000e+00 5.826715e-03
4.680000e+00 5.610721e-03
4.690000e+00 5.400802e-03
4.700000e+00 5.196877e-03
4.710000e+00 4.998861e-03
4.720000e+00 4.806665e-03
4.730000e+00 4.620202e-03
4.740000e+00 4.439377e-03
4.750000e+00 4.264098e-03
4.760000e+00 4.094268e-03
4.770000e+00 3.929790e-03
4.780000e+00 3.770564e-03
4.790000e+00 3.616489e-03
4.800000e+00 3.467463e-03
4.810000e+00 3.323384e-03
4.820000e+00 3.184148e-03
4.830000e+00 3.049650e-03
4.840000e+00 2.919786e-03
4.850000e+00 2.794449e-03
4.860000e+00 2.673533e-03
4.870000e+00 2.556934e-03
4.880000e+00 2.444545e-03
4.890000e+00 2.336261e-03
4.900000e+00 2.231976e-03
4.910000e+00 2.131586e-03
4.920000e+00 2.034986e-03
4.930000e+00 1.942072e-03
4.940000e+00 1.852742e-03
4.950000e+00 1.766893e-03
4.960000e+00 1.684426e-03
4.970000e+00 1.605239e-03
4.980000e+00 1.529235e-03
4.990000e+00 1.456316e-03
5.000000e+00 1.386385e-03
5.010000e+00 1.319348e-03
5.020000e+00 1.255113e-03
5.030000e+00 1.193587e-03
5.040000e+00 1.134680e-03
5.050000e+00 1.078304e-03
5.060000e+00 1.024372e-03
5.070000e+00 9.728001e-04
5.080000e+00 9.235039e-04
5.090000e+00 8.764025e-04
5.100000e+00 8.314162e-04
5.110000e+00 7.884673e-04
5.120000e+00 7.474800e-04
5.130000e+00 7.083804e-04
5.140000e+00 6.710963e-04
5.150000e+00 6.355574e-04
5.160000e+00 6.016956e-04
5.170000e+00 5.694443e-04
5.180000e+00 5.387389e-04
5.190000e+00 5.095168e-04
5.200000e+00 4.817172e-04
5.210000e+00 4.552810e-04
5.220000e+00 4.301511e-04
5.230000e+00 4.062721e-04
5.240000e+00 3.835905e-04
5.250000e+00 3.620545e-04
5.260000e+00 3.416138e-04
5.270000e+00 3.222203e-04
5.280000e+00 3.038272e-04
5.290000e+00 2.863895e-04
5.300000e+00 2.698636e-04
5.310000e+00 2.542079e-04
5.320000e+00 2.393819e-04
5.330000e+00 2.253470e-04
5.340000e+00 2.120658e-04
5.350000e+00 1.995024e-04
5.360000e+00 1.876224e-04
5.370000e+00 1.763928e-04
5.380000e+00 1.657818e-04
5.390000e+00 1.557589e-04
5.400000e+00 1.462950e-04
5.410000e+00 1.373621e-04
5.420000e+00 1.289334e-04
5.430000e+00 1.209834e-04
5.440000e+00 1.134874e-04
5.450000e+00 1.064222e-04
5.460000e+00 9.976516e-05
5.470000e+00 9.349506e-05
5.480000e+00 8.759144e-05
5.490000e+00 8.203482e-05
5.500000e+00 7.680662e-05
5.510000e+00 7.188915e-05
5.520000e+00 6.726554e-05
5.530000e+00 6.291972e-05
5.540000e+00 5.883640e-05
5.550000e+00 5.500105e-05
5.560000e+00 5.139983e-05
5.570000e+00 4.801961e-05
5.580000e+00 4.484789e-05
5.590000e+00 4.187282e-05
5.600000e+00 3.908314e-05
5.610000e+00 3.646818e-05
5.620000e+00 3.401782e-05
5.630000e+00 3.172247e-05
5.640000e+00 2.957302e-05
5.650000e+00 2.756088e-05
5.660000e+00 2.567789e-05
5.670000e+00 2.391635e-05
5.680000e+00 2.226896e-05
5.690000e+00 2.072883e-05
5.700000e+00 1.928944e-05
5.710000e+00 1.794465e-05
5.720000e+00 1.668863e-05
5.730000e+00 1.551593e-05
5.740000e+00 1.442135e-05
5.750000e+00 1.340002e-05
5.760000e+00 1.244734e-05
5.770000e+00 1.155900e-05
5.780000e+00 1.073089e-05
5.790000e+00 9.959192e-06
5.800000e+00 9.240282e-06
5.810000e+00 8.570763e-06
5.820000e+00 7.947437e-06
5.830000e+00 7.367300e-06
5.840000e+00 6.827528e-06
5.850000e+00 6.325469e-06
5.860000e+00 5.858635e-06
5.870000e+00 5.424688e-06
5.880000e+00 5.021437e-06
5.890000e+00 4.646826e-06
5.900000e+00 4.298928e-06
5.910000e+00 3.975938e-06
5.920000e+00 3.676164e-06
5.930000e+00 3.398023e-06
5.940000e+00 3.140032e-06
5.950000e+00 2.900804e-06
5.960000e+00 2.679042e-06
5.970000e+00 2.473533e-06
5.980000e+00 2.283144e-06
5.990000e+00 2.106814e-06
6.000000e+00 1.943556e-06
6.010000e+00 1.792444e-06
6.020000e+00 1.652618e-06
6.030000e+00 1.523273e-06
6.040000e+00 1.403659e-06
6.050000e+00 1.293077e-06
6.060000e+00 1.190874e-06
6.070000e+00 1.096445e-06
6.080000e+00 1.009224e-06
6.090000e+00 9.286829e-07
6.100000e+00 8.543334e-07
6.110000e+00 7.857193e-07
6.120000e+00 7.224166e-07
6.130000e+00 6.640312e-07
6.140000e+00 6.101968e-07
6.150000e+00 5.605730e-07
6.160000e+00 5.148438e-07
6.170000e+00 4.727158e-07
6.180000e+00 4.339165e-07
6.190000e+00 3.981931e-07
6.200000e+00 3.653114e-07
6.210000e+00 3.350539e-07
6.220000e+00 3.072191e-07
6.230000e+00 2.816205e-07
6.240000e+00 2.580850e-07
6.250000e+00 2.364525e-07
6.260000e+00 2.165748e-07
6.270000e+00 1.983147e-07
6.280000e+00 1.815454e-07
6.290000e+00 1.661494e-07
6.300000e+00 1.520184e-07
6.310000e+00 1.390519e-07
6.320000e+00 1.271574e-07
6.330000e+00 1.162493e-07
6.340000e+00 1.062486e-07
6.350000e+00 9.708241e-08
6.360000e+00 8.868338e-08
6.370000e+00 8.098947e-08
6.380000e+00 7.394343e-08
6.390000e+00 6.749250e-08
6.400000e+00 6.158806e-08
6.410000e+00 5.618530e-08
6.420000e+00 5.124296e-08
6.430000e+00 4.672304e-08
6.440000e+00 4.259058e-08
6.450000e+00 3.881341e-08
6.460000e+00 3.536192e-08
6.470000e+00 3.220889e-08
6.480000e+00 2.932931e-08
6.490000e+00 2.670017e-08
6.500000e+00 2.430035e-08
6.510000e+00 2.211044e-08
6.520000e+00 2.011263e-08
6.530000e+00 1.829056e-08
6.540000e+00 1.662921e-08
6.550000e+00 1.511483e-08
6.560000e+00 1.373478e-08
6.570000e+00 1.247749e-08
6.580000e+00 1.133235e-08
6.590000e+00 1.028963e-08
6.600000e+00 9.340431e-09
6.610000e+00 8.476594e-09
6.620000e+00 7.690654e-09
6.630000e+00 6.975778e-09
6.640000e+00 6.325715e-09
6.650000e+00 5.734747e-09
6.660000e+00 5.197645e-09
6.670000e+00 4.709629e-09
6.680000e+00 4.266332e-09
6.690000e+00 3.863763e-09
6.700000e+00 3.498277e-09
6.710000e+00 3.166547e-09
6.720000e+00 2.865535e-09
6.730000e+00 2.592469e-09
6.740000e+00 2.344820e-09
6.750000e+00 2.120282e-09
6.760000e+00 1.916752e-09
6.770000e+00 1.732313e-09
6.780000e+00 1.565219e-09
6.790000e+00 1.413878e-09
6.800000e+00 1.276842e-09
6.810000e+00 1.152791e-09
6.820000e+00 1.040524e-09
6.830000e+00 9.389496e-10
6.840000e+00 8.470724e-10
6.850000e+00 7.639889e-10
6.860000e+00 6.888772e-10
6.870000e+00 6.209903e-10
6.880000e+00 5.596494e-10
6.890000e+00 5.042379e-10
6.900000e+00 4.541958e-10
6.910000e+00 4.090147e-10
6.920000e+00 3.682331e-10
6.930000e+00 3.314323e-10
6.940000e+00 2.982325e-10
6.950000e+00 2.682891e-10
6.960000e+00 2.412899e-10
6.970000e+00 2.169517e-10
6.980000e+00 1.950180e-10
6.990000e+00 1.752566e-10
7.000000e+00 1.574569e-10
7.010000e+00 1.414284e-10
7.020000e+00 1.269987e-10
7.030000e+00 1.140117e-10
7.040000e+00 1.023262e-10
7.050000e+00 9.181458e-11
7.060000e+00 8.236142e-11
7.070000e+00 7.386235e-11
7.080000e+00 6.622311e-11
7.090000e+00 5.935851e-11
7.100000e+00 5.319164e-11
7.110000e+00 4.765303e-11
7.120000e+00 4.268000e-11
7.130000e+00 3.821596e-11
7.140000e+00 3.420990e-11
7.150000e+00 3.061576e-11
7.160000e+00 2.739206e-11
7.170000e+00 2.450137e-11
7.180000e+00 2.190999e-11
7.190000e+00 1.958754e-11
7.200000e+00 1.750666e-11
7.210000e+00 1.564273e-11
7.220000e+00 1.397356e-11
7.230000e+00 1.247922e-11
7.240000e+00 1.114173e-11
7.250000e+00 9.944970e-12
7.260000e+00 8.874404e-12
7.270000e+00 7.916986e-12
7.280000e+00 7.060987e-12
7.290000e+00 6.295868e-12
7.300000e+00 5.612166e-12
7.310000e+00 5.001380e-12
7.320000e+00 4.455880e-12
7.330000e+00 3.968821e-12
7.340000e+00 3.534058e-12
7.350000e+00 3.146081e-12
7.360000e+00 2.799949e-12
7.370000e+00 2.491232e-12
7.380000e+00 2.215961e-12
7.390000e+00 1.970579e-12
7.400000e+00 1.751900e-12
7.410000e+00 1.557071e-12
7.420000e+00 1.383538e-12
7.430000e+00 1.229015e-12
7.440000e+00 1.091458e-12
7.450000e+00 9.690369e-13
7.460000e+00 8.601164e-13
7.470000e+00 7.632340e-13
7.480000e+00 6.770827e-13
7.490000e+00 6.004952e-13
7.500000e+00 5.324282e-13
7.510000e+00 4.719505e-13
7.520000e+00 4.182306e-13
7.530000e+00 3.705266e-13
7.540000e+00 3.281764e-13
7.550000e+00 2.905893e-13
7.560000e+00 2.572390e-13
7.570000e+00 2.276560e-13
7.580000e+00 2.014219e-13
7.590000e+00 1.781640e-13
7.600000e+00 1.575503e-13
7.610000e+00 1.392852e-13
7.620000e+00 1.231056e-13
7.630000e+00 1.087773e-13
7.640000e+00 9.609183e-14
7.650000e+00 8.486398e-14
7.660000e+00 7.492897e-14
7.670000e+00 6.614031e-14
7.680000e+00 5.836783e-14
7.690000e+00 5.149589e-14
7.700000e+00 4.542183e-14
7.710000e+00 4.005441e-14
7.720000e+00 3.531270e-14
7.730000e+00 3.112488e-14
7.740000e+00 2.742722e-14
7.750000e+00 2.416322e-14
7.760000e+00 2.128277e-14
7.770000e+00 1.874145e-14
7.780000e+00 1.649993e-14
7.790000e+00 1.452334e-14
7.800000e+00 1.278080e-14
7.810000e+00 1.124501e-14
7.820000e+00 9.891754e-15
7.830000e+00 8.699643e-15
7.840000e+00 7.649730e-15
7.850000e+00 6.725286e-15
7.860000e+00 5.911497e-15
7.870000e+00 5.195299e-15
7.880000e+00 4.565130e-15
7.890000e+00 4.010775e-15
7.900000e+00 3.523218e-15
7.910000e+00 3.094507e-15
7.920000e+00 2.717619e-15
7.930000e+00 2.386350e-15
7.940000e+00 2.095246e-15
7.950000e+00 1.839476e-15
7.960000e+00 1.614797e-15
7.970000e+00 1.417465e-15
7.980000e+00 1.244179e-15
7.990000e+00 1.092032e-15
8.000000e+00 9.584678e-16
8.010000e+00 8.412341e-16
8.020000e+00 7.383445e-16
8.030000e+00 6.480578e-16
8.040000e+00 5.688385e-16
8.050000e+00 4.993340e-16
8.060000e+00 4.383592e-16
8.070000e+00 3.848742e-16
8.080000e+00 3.379614e-16
8.090000e+00 2.968112e-16
8.100000e+00 2.607195e-16
8.110000e+00 2.290650e-16
8.120000e+00 2.012998e-16
8.130000e+00 1.769477e-16
8.140000e+00 1.555887e-16
8.150000e+00 1.368519e-16
8.160000e+00 1.204147e-16
8.170000e+00 1.059940e-16
8.180000e+00 9.333978e-17
8.190000e+00 8.223481e-17
8.200000e+00 7.248774e-17
8.210000e+00 6.393061e-17
8.220000e+00 5.641651e-17
8.230000e+00 4.981665e-17
8.240000e+00 4.401821e-17
8.250000e+00 3.892162e-17
8.260000e+00 3.444130e-17
8.270000e+00 3.050123e-17
8.280000e+00 2.703413e-17
8.290000e+00 2.398227e-17
8.300000e+00 2.129466e-17
8.310000e+00 1.892633e-17
8.320000e+00 1.683877e-17
8.330000e+00 1.499749e-17
8.340000e+00 1.337211e-17
8.350000e+00 1.193668e-17
8.360000e+00 1.066772e-17
8.370000e+00 9.545351e-18
8.380000e+00 8.552030e-18
8.390000e+00 7.671885e-18
8.400000e+00 6.891297e-18
8.410000e+00 6.198787e-18
8.420000e+00 5.583333e-18
8.430000e+00 5.036018e-18
8.440000e+00 4.549194e-18
8.450000e+00 4.115127e-18
8.460000e+00 3.727912e-18
8.470000e+00 3.382019e-18
8.480000e+00 3.072858e-18
8.490000e+00 2.795994e-18
8.500000e+00 2.547770e-18
8.510000e+00 2.325066e-18
8.520000e+00 2.124904e-18
8.530000e+00 1.944770e-18
8.540000e+00 1.782364e-18
8.550000e+00 1.635764e-18
8.560000e+00 1.503287e-18
8.570000e+00 1.383396e-18
8.580000e+00 1.274736e-18
8.590000e+00 1.176122e-18
8.600000e+00 1.086389e-18
8.610000e+00 1.004819e-18
8.620000e+00 9.303402e-19
8.630000e+00 8.623847e-19
8.640000e+00 8.002468e-19
8.650000e+00 7.433106e-19
8.660000e+00 6.911241e-19
8.670000e+00 6.431727e-19
8.680000e+00 5.991102e-19
8.690000e+00 5.584924e-19
8.700000e+00 5.210544e-19
8.710000e+00 4.864339e-19
8.720000e+00 4.545019e-19
8.730000e+00 4.249053e-19
8.740000e+00 3.974492e-19
8.750000e+00 3.720011e-19
8.760000e+00 3.483533e-19
8.770000e+00 3.263808e-19
8.780000e+00 3.059290e-19
8.790000e+00 2.868618e-19
8.800000e+00 2.690469e-19
8.810000e+00 2.524396e-19
8.820000e+00 2.369464e-19
8.830000e+00 2.224519e-19
8.840000e+00 2.088677e-19
8.850000e+00 1.961495e-19
8.860000e+00 1.842652e-19
8.870000e+00 1.730877e-19
8.880000e+00 1.626487e-19
8.890000e+00 1.528284e-19
8.900000e+00 1.435780e-19
8.910000e+00 1.349500e-19
8.920000e+00 1.267952e-19
8.930000e+00 1.191405e-19
8.940000e+00 1.119231e-19
8.950000e+00 1.051529e-19
8.960000e+00 9.880288e-20
8.970000e+00 9.281549e-20
8.980000e+00 8.718706e-20
8.990000e+00 8.191482e-20
9.000000e+00 7.692799e-20
9.010000e+00 7.221290e-20
9.020000e+00 6.778302e-20
9.030000e+00 6.362858e-20
9.040000e+00 5.971383e-20
9.050000e+00 5.602044e-20
9.060000e+00 5.256313e-20
9.070000e+00 4.928549e-20
9.080000e+00 4.620357e-20
9.090000e+00 4.330055e-20
9.100000e+00 4.059720e-20
9.110000e+00 3.803357e-20
9.120000e+00 3.561878e-20
9.130000e+00 3.334953e-20
9.140000e+00 3.123085e-20
9.150000e+00 2.923418e-20
9.160000e+00 2.734529e-20
9.170000e+00 2.558282e-20
9.180000e+00 2.391365e-20
9.190000e+00 2.235648e-20
9.200000e+00 2.089440e-20
9.210000e+00 1.951939e-20
9.220000e+00 1.822830e-20
9.230000e+00 1.702656e-20
9.240000e+00 1.589026e-20
9.250000e+00 1.482989e-20
9.260000e+00 1.382774e-20
9.270000e+00 1.289481e-20
9.280000e+00 1.201348e-20
9.290000e+00 1.119767e-20
9.300000e+00 1.043578e-20
9.310000e+00 9.714334e-21
9.320000e+00 9.045013e-21
9.330000e+00 8.409913e-21
9.340000e+00 7.824891e-21
9.350000e+00 7.275862e-21
9.360000e+00 6.766168e-21
9.370000e+00 6.281713e-21
9.380000e+00 5.839845e-21
9.390000e+00 5.422724e-21
9.400000e+00 5.027519e-21
9.410000e+00 4.668960e-21
9.420000e+00 4.334375e-21
9.430000e+00 4.014717e-21
9.440000e+00 3.721893e-21
9.450000e+00 3.451537e-21
9.460000e+00 3.195879e-21
9.470000e+00 2.958518e-21
9.480000e+00 2.735217e-21
9.490000e+00 2.535592e-21
9.500000e+00 2.342256e-21
9.510000e+00 2.165680e-21
9.520000e+00 2.000540e-21
9.530000e+00 1.845553e-21
9.540000e+00 1.707444e-21
9.550000e+00 1.575044e-21
9.560000e+00 1.452989e-21
9.570000e+00 1.339766e-21
9.580000e+00 1.234478e-21
9.590000e+00 1.140089e-21
9.600000e+00 1.051653e-21
9.610000e+00 9.678628e-22
9.620000e+00 8.907930e-22
9.630000e+00 8.187941e-22
9.640000e+00 7.545953e-22
9.650000e+00 6.949624e-22
9.660000e+00 6.381680e-22
9.670000e+00 5.864719e-22
9.680000e+00 5.375186e-22
9.690000e+00 4.929854e-22
9.700000e+00 4.525289e-22
9.710000e+00 4.140553e-22
9.720000e+00 3.795321e-22
9.730000e+00 3.488584e-22
9.740000e+00 3.195389e-22
9.750000e+00 2.920765e-22
9.760000e+00 2.677779e-22
9.770000e+00 2.442777e-22
9.780000e+00 2.235888e-22
9.790000e+00 2.048122e-22
9.800000e+00 1.871662e-22
9.810000e+00 1.700836e-22
9.820000e+00 1.554228e-22
9.830000e+00 1.416702e-22
9.840000e+00 1.286808e-22
9.850000e+00 1.185164e-22
9.860000e+00 1.075109e-22
9.870000e+00 9.804033e-23
9.880000e+00 8.902798e-23
9.890000e+00 8.087282e-23
9.900000e+00 7.384440e-23
9.910000e+00 6.685165e-23
9.920000e+00 6.057371e-23
9.930000e+00 5.510246e-23
9.940000e+00 4.964921e-23
9.950000e+00 4.517589e-23
9.960000e+00 4.081408e-23
9.970000e+00 3.697131e-23
9.980000e+00 3.386662e-23
9.990000e+00 3.016495e-23
1.000000e+01 2.760267e-23
1.001000e+01 2.472026e-23
1.002000e+01 2.237780e-23
1.003000e+01 2.021612e-23
1.004000e+01 1.838536e-23
1.005000e+01 1.636616e-23
1.006000e+01 1.438863e-23
1.007000e+01 1.305160e-23
1.008000e+01 1.164486e-23
1.009000e+01 1.086655e-23
1.010000e+01 9.490595e-24
1.011000e+01 8.356372e-24
1.012000e+01 7.691946e-24
1.013000e+01 6.998434e-24
1.014000e+01 6.316579e-24
1.015000e+01 5.485171e-24
1.016000e+01 4.834304e-24
1.017000e+01 4.409220e-24
1.018000e+01 3.926357e-24
1.019000e+01 3.386642e-24
1.020000e+01 3.111872e-24
1.021000e+01 2.823953e-24
1.022000e+01 2.365030e-24
1.023000e+01 2.147730e-24
1.024000e+01 1.962807e-24
1.025000e+01 1.676605e-24
1.026000e+01 1.431324e-24
1.027000e+01 1.261797e-24
1.028000e+01 1.143819e-24
1.029000e+01 1.008986e-24
1.030000e+01 9.111023e-25
1.031000e+01 7.662642e-25
1.032000e+01 6.821983e-25
1.033000e+01 6.094249e-25
1.034000e+01 5.328838e-25
1.035000e+01 4.691794e-25
1.036000e+01 4.051650e-25
1.037000e+01 3.350673e-25
1.038000e+01 2.785443e-25
1.039000e+01 2.463717e-25
1.040000e+01 1.984700e-25
1.041000e+01 1.736097e-25
1.042000e+01 1.515558e-25
1.043000e+01 1.296015e-25
1.044000e+01 9.526699e-26
1.045000e+01 6.732981e-26
1.046000e+01 6.697910e-26
1.047000e+01 6.268287e-26
1.048000e+01 5.458998e-26
1.049000e+01 4.562399e-26
1.050000e+01 3.341605e-26
1.051000e+01 3.740542e-26
1.052000e+01 3.233862e-26
1.053000e+01 2.590043e-26
1.054000e+01 2.882380e-26
1.055000e+01 1.812799e-26
1.056000e+01 1.076461e-26
1.057000e+01 1.860219e-26
1.058000e+01 2.247987e-26
1.059000e+01 1.215415e-26
1.060000e+01 1.244784e-26
1.061000e+01 1.802682e-26
1.062000e+01 1.023228e-26
1.063000e+01 1.357247e-26
1.064000e+01 1.203863e-26
1.065000e+01 1.039601e-26
1.066000e+01 1.204092e-26
1.067000e+01 5.152247e-27
1.068000e+01 9.970411e-27
1.069000e+01 9.739551e-27
1.070000e+01 1.003612e-26
1.071000e+01 1.437029e-26
1.072000e+01 1.807016e-26
1.073000e+01 2.099400e-26
1.074000e+01 1.887625e-26
1.075000e+01 1.018308e-26
1.076000e+01 1.120726e-26
1.077000e+01 9.422910e-27
1.078000e+01 2.027218e-26
1.079000e+01 2.322285e-26
1.080000e+01 1.099732e-26
1.081000e+01 1.274598e-26
1.082000e+01 8.849443e-27
1.083000e+01 1.178386e-26
1.084000e+01 1.175732e-26
1.085000e+01 9.929210e-27
1.086000e+01 7.581447e-27
1.087000e+01 7.212069e-27
1.088000e+01 1.055895e-26
1.089000e+01 1.212564e-26
1.090000e+01 8.016887e-27
1.091000e+01 1.266720e-26
1.092000e+01 8.816194e-27
1.093000e+01 8.108312e-27
1.094000e+01 1.433026e-26
1.095000e+01 1.387082e-26
1.096000e+01 1.724237e-26
1.097000e+01 1.152723e-26
1.098000e+01 1.172213e-26
1.099000e+01 1.151027e-26
1.100000e+01 1.770388e-26
1.101000e+01 1.073340e-26
1.102000e+01 7.270739e-27
1.103000e+01 7.556304e-27
1.104000e+01 7.085906e-27
1.105000e+01 5.921800e-27
1.106000e+01 3.602603e-27
1.107000e+01 1.092584e-26
1.108000e+01 3.911752e-27
1.109000e+01 6.684313e-27
1.110000e+01 6.581538e-27
1.111000e+01 4.578809e-27
1.112000e+01 4.938857e-27
1.113000e+01 2.151770e-27
1.114000e+01 2.531731e-27
1.115000e+01 2.720459e-27
1.116000e+01 5.989697e-27
1.117000e+01 5.271250e-27
1.118000e+01 2.566328e-27
1.119000e+01 2.886401e-27
1.120000e+01 4.121866e-27
1.121000e+01 5.195645e-27
1.122000e+01 3.568658e-27
1.123000e+01 4.801169e-27
1.124000e+01 3.867390e-27
1.125000e+01 3.652574e-27
1.126000e+01 4.832335e-27
1.127000e+01 1.922799e-27
1.128000e+01 2.367998e-27
1.129000e+01 8.189063e-28
1.130000e+01 8.444983e-28
1.131000e+01 2.378879e-27
1.132000e+01 7.835242e-28
1.133000e+01 1.099741e-27
1.134000e+01 2.183250e-27
1.135000e+01 9.507739e-28
1.136000e+01 1.230664e-27
1.137000e+01 5.971476e-28
1.138000e+01 2.173676e-27
1.139000e+01 1.949736e-27
1.140000e+01 1.457250e-27
1.141000e+01 2.551182e-27
1.142000e+01 8.499575e-28
1.143000e+01 1.709732e-27
1.144000e+01 1.387475e-27
1.145000e+01 3.725574e-27
1.146000e+01 3.448223e-27
1.147000e+01 2.223590e-27
1.148000e+01 3.812022e-28
1.149000e+01 1.418697e-27
1.150000e+01 2.966781e-27
1.151000e+01 1.336574e-27
1.152000e+01 5.320740e-28
1.153000e+01 8.790629e-28
1.154000e+01 8.814852e-28
1.155000e+01 2.932681e-28
1.156000e+01 3.230180e-29
1.157000e+01 4.751140e-28
1.158000e+01 2.977408e-28
1.159000e+01 8.362719e-28
1.160000e+01 5.896211e-28
1.161000e+01 1.415370e-27
1.162000e+01 2.225119e-28
1.163000e+01 1.236541e-28
1.164000e+01 1.493698e-27
1.165000e+01 5.446950e-28
1.166000e+01 2.474666e-27
1.167000e+01 1.948617e-27
1.168000e+01 1.154070e-27
1.169000e+01 8.748285e-29
1.170000e+01 1.681839e-28
1.171000e+01 2.107914e-28
1.172000e+01 2.216788e-28
1.173000e+01 2.166669e-28
1.174000e+01 1.860525e-28
1.175000e+01 1.238783e-27
1.176000e+01 7.655885e-28
1.177000e+01 6.259004e-28
1.178000e+01 6.546781e-29
1.179000e+01 5.444858e-28
1.180000e+01 4.618602e-28
1.181000e+01 6.212743e-28
1.182000e+01 3.233465e-29
1.183000e+01 5.033864e-29
1.184000e+01 1.568212e-27
1.185000e+01 9.023752e-28
1.186000e+01 8.595180e-28
1.187000e+01 2.700579e-28
1.188000e+01 6.330998e-29
1.189000e+01 3.826305e-29
1.190000e+01 6.717221e-28
1.191000e+01 6.022770e-28
1.192000e+01 1.326929e-27
1.193000e+01 2.090947e-27
1.194000e+01 1.862835e-27
1.195000e+01 2.650288e-28
1.196000e+01 9.084255e-28
1.197000e+01 3.520589e-27
1.198000e+01 3.037040e-27
1.199000e+01 1.550165e-27
1.200000e+01 1.084329e-27
1.201000e+01 9.679808e-28
1.202000e+01 5.653008e-28
1.203000e+01 8.423947e-29
1.204000e+01 1.039236e-27
1.205000e+01 8.367052e-28
1.206000e+01 2.040190e-27
1.207000e+01 9.195937e-28
1.208000e+01 9.589449e-30
1.209000e+01 1.766620e-28
1.210000e+01 9.856275e-29
1.211000e+01 1.422832e-27
1.212000e+01 1.125587e-27
1.213000e+01 1.351771e-27
1.214000e+01 2.667081e-28
1.215000e+01 1.228732e-28
1.216000e+01 7.395958e-28
1.217000e+01 6.029129e-28
1.218000e+01 4.790513e-28
1.219000e+01 5.835296e-28
1.220000e+01 3.532087e-28
1.221000e+01 7.506032e-29
1.222000e+01 7.052307e-29
1.223000e+01 2.635501e-28
1.224000e+01 3.744087e-28
1.225000e+01 4.562399e-28
1.226000e+01 2.788782e-28
1.227000e+01 5.215214e-28
1.228000e+01 6.574701e-28
1.229000e+01 2.072671e-28
1.230000e+01 4.342481e-28
1.231000e+01 3.349527e-28
1.232000e+01 7.721049e-29
1.233000e+01 8.666703e-28
1.234000e+01 3.321987e-28
1.235000e+01 2.226188e-28
1.236000e+01 9.709306e-30
1.237000e+01 2.735761e-28
1.238000e+01 9.439540e-28
1.239000e+01 2.282719e-27
1.240000e+01 7.514593e-28
1.241000e+01 7.209818e-28
1.242000e+01 8.259850e-28
1.243000e+01 1.388167e-27
1.244000e+01 1.215665e-27
1.245000e+01 7.649742e-28
1.246000e+01 1.959187e-29
1.247000e+01 6.453590e-28
1.248000e+01 2.633918e-28
1.249000e+01 5.943236e-28
1.250000e+01 9.439207e-29
1.251000e+01 9.889071e-28
1.252000e+01 1.406894e-27
1.253000e+01 3.615319e-29
1.254000e+01 1.614991e-29
1.255000e+01 2.878835e-28
1.256000e+01 7.829786e-29
1.257000e+01 1.224046e-27
1.258000e+01 1.000840e-27
1.259000e+01 7.103987e-29
1.260000e+01 7.241465e-28
1.261000e+01 1.061814e-27
1.262000e+01 7.874313e-29
1.263000e+01 8.077712e-28
1.264000e+01 2.929482e-28
1.265000e+01 6.033726e-28
1.266000e+01 1.163723e-27
1.267000e+01 1.330460e-27
1.268000e+01 2.019924e-27
1.269000e+01 6.003526e-28
1.270000e+01 2.094259e-28
1.271000e+01 1.466905e-28
1.272000e+01 8.124748e-29
1.273000e+01 1.774721e-29
1.274000e+01 2.187275e-28
1.275000e+01 3.769027e-28
1.276000e+01 6.239977e-29
1.277000e+01 1.798044e-28
1.278000e+01 6.488016e-29
1.279000e+01 1.635764e-28
1.280000e+01 7.468750e-29
1.281000e+01 1.497117e-28
1.282000e+01 7.101955e-28
1.283000e+01 4.191354e-28
1.284000e+01 1.302516e-28
1.285000e+01 1.584073e-27
1.286000e+01 1.466672e-27
1.287000e+01 6.739824e-28
1.288000e+01 1.304545e-27
1.289000e+01 9.914057e-29
1.290000e+01 7.235996e-28
1.291000e+01 2.109524e-28
1.292000e+01 1.015578e-28
1.293000e+01 1.223737e-28
1.294000e+01 1.252809e-27
1.295000e+01 3.894233e-28
1.296000e+01 1.824754e-27
1.297000e+01 2.891193e-28
1.298000e+01 8.172023e-29
1.299000e+01 5.894184e-29
1.300000e+01 6.730943e-28
1.301000e+01 1.447862e-27
1.302000e+01 8.187959e-28
1.303000e+01 7.652477e-28
1.304000e+01 7.815848e-28
1.305000e+01 4.900607e-29
1.306000e+01 3.226260e-27
1.307000e+01 4.413971e-28
1.308000e+01 2.593808e-27
1.309000e+01 9.360382e-28
1.310000e+01 1.121749e-27
1.311000e+01 4.425546e-28
1.312000e+01 7.429998e-28
1.313000e+01 2.270618e-27
1.314000e+01 3.588858e-28
1.315000e+01 1.289437e-28
1.316000e+01 1.459573e-28
1.317000e+01 6.288344e-28
1.318000e+01 2.376152e-27
1.319000e+01 2.202291e-28
1.320000e+01 2.335677e-27
1.321000e+01 5.792149e-28
1.322000e+01 7.596382e-30
1.323000e+01 1.144958e-28
1.324000e+01 2.101164e-27
1.325000e+01 3.294598e-27
1.326000e+01 6.780116e-28
1.327000e+01 1.053795e-27
1.328000e+01 1.081878e-27
1.329000e+01 1.638907e-28
1.330000e+01 3.190999e-28
1.331000e+01 4.348032e-28
1.332000e+01 7.943191e-29
1.333000e+01 2.076672e-28
1.334000e+01 2.526105e-28
1.335000e+01 9.291915e-28
1.336000e+01 7.970837e-28
1.337000e+01 6.145436e-28
1.338000e+01 5.886799e-29
1.339000e+01 1.042966e-27
1.340000e+01 5.849992e-29
1.341000e+01 2.405873e-28
1.342000e+01 3.949748e-28
1.343000e+01 5.817168e-28
1.344000e+01 1.941916e-28
1.345000e+01 2.235644e-27
1.346000e+01 6.946406e-28
1.347000e+01 1.720476e-27
1.348000e+01 4.231839e-29
1.349000e+01 3.132180e-28
1.350000e+01 3.488616e-28
1.351000e+01 8.359304e-28
1.352000e+01 1.874724e-29
1.353000e+01 3.265880e-29
1.354000e+01 6.694370e-29
1.355000e+01 4.479281e-28
1.356000e+01 3.682296e-28
1.357000e+01 3.775316e-28
1.358000e+01 5.409832e-28
1.359000e+01 2.928366e-28
1.360000e+01 1.175208e-30
1.361000e+01 1.519083e-28
1.362000e+01 1.429141e-27
1.363000e+01 9.320516e-29
1.364000e+01 7.435294e-28
1.365000e+01 1.641314e-28
1.366000e+01 2.171318e-27
1.367000e+01 2.388840e-28
1.368000e+01 7.852069e-28
1.369000e+01 6.758343e-28
1.370000e+01 4.828986e-28
1.371000e+01 1.589528e-28
1.372000e+01 2.531695e-28
1.373000e+01 4.676280e-28
1.374000e+01 3.446901e-28
1.375000e+01 3.516758e-28
1.376000e+01 5.936129e-28
1.377000e+01 5.042589e-28
1.378000e+01 1.371981e-28
1.379000e+01 1.977029e-29
1.380000e+01 1.481213e-28
1.381000e+01 4.125128e-31
1.382000e+01 7.083987e-29
1.383000e+01 5.552945e-28
1.384000e+01 1.368251e-28
1.385000e+01 9.849344e-29
1.386000e+01 2.193840e-28
1.387000e+01 1.676341e-29
1.388000e+01 1.508319e-28
1.389000e+01 9.501232e-29
1.390000e+01 7.926092e-28
1.391000e+01 5.385231e-28
1.392000e+01 2.509971e-27
1.393000e+01 1.280301e-27
1.394000e+01 3.336477e-29
1.395000e+01 1.906201e-28
1.396000e+01 8.513924e-29
1.397000e+01 8.383956e-28
1.398000e+01 2.538309e-28
1.399000e+01 4.236042e-28
1.400000e+01 2.815076e-28
1.401000e+01 2.349510e-28
1.402000e+01 2.493175e-27
1.403000e+01 6.817607e-29
1.404000e+01 4.458696e-29
1.405000e+01 2.716468e-28
1.406000e+01 4.029438e-28
1.407000e+01 7.397184e-29
1.408000e+01 6.618089e-28
1.409000e+01 1.160915e-27
1.410000e+01 2.566234e-28
1.411000e+01 2.146257e-28
1.412000e+01 1.131212e-27
1.413000e+01 2.578096e-28
1.414000e+01 9.458458e-28
1.415000e+01 1.051761e-27
1.416000e+01 4.898751e-28
1.417000e+01 6.884213e-28
1.418000e+01 6.787817e-28
1.419000e+01 1.879350e-27
1.420000e+01 2.685801e-28
1.421000e+01 2.733903e-28
1.422000e+01 9.011671e-29
1.423000e+01 6.454165e-28
1.424000e+01 9.201725e-29
1.425000e+01 2.810783e-28
1.426000e+01 9.686604e-28
1.427000e+01 2.401740e-28
1.428000e+01 5.546223e-29
1.429000e+01 2.556838e-28
1.430000e+01 8.572421e-28
1.431000e+01 2.613132e-28
1.432000e+01 3.862716e-28
1.433000e+01 2.529633e-28
1.434000e+01 6.030297e-28
1.435000e+01 1.210956e-27
1.436000e+01 4.491234e-28
1.437000e+01 3.833723e-28
1.438000e+01 3.629931e-28
1.439000e+01 3.266623e-28
1.440000e+01 1.393548e-28
1.441000e+01 7.967845e-31
1.442000e+01 2.373201e-27
1.443000e+01 1.200238e-27
1.444000e+01 5.011752e-28
1.445000e+01 2.761328e-27
1.446000e+01 5.181870e-28
1.447000e+01 3.368886e-28
1.448000e+01 5.677567e-28
1.449000e+01 4.003735e-28
1.450000e+01 8.748635e-28
1.451000e+01 1.910376e-27
1.452000e+01 5.812450e-28
1.453000e+01 3.518405e-28
1.454000e+01 4.938853e-28
1.455000e+01 1.366732e-27
1.456000e+01 6.602705e-28
1.457000e+01 1.140166e-27
1.458000e+01 2.967921e-28
1.459000e+01 4.737970e-28
1.460000e+01 1.262234e-28
1.461000e+01 2.002300e-28
1.462000e+01 1.298727e-27
1.463000e+01 2.608929e-27
1.464000e+01 8.617462e-28
1.465000e+01 8.435540e-28
1.466000e+01 1.324393e-27
1.467000e+01 6.022634e-28
1.468000e+01 2.719839e-28
1.469000e+01 2.557062e-28
1.470000e+01 5.484372e-28
1.471000e+01 8.922231e-28
1.472000e+01 3.173206e-28
1.473000e+01 2.361802e-29
1.474000e+01 3.100175e-28
1.475000e+01 4.630586e-28
1.476000e+01 8.682501e-28
1.477000e+01 2.972902e-28
1.478000e+01 1.027558e-27
1.479000e+01 2.926817e-27
1.480000e+01 1.860766e-27
1.481000e+01 1.659960e-27
1.482000e+01 9.363959e-28
1.483000e+01 1.540189e-27
1.484000e+01 8.597239e-28
1.485000e+01 7.988980e-28
1.486000e+01 3.556237e-28
1.487000e+01 8.276524e-28
1.488000e+01 8.352947e-28
1.489000e+01 1.582352e-27
1.490000e+01 1.294757e-27
1.491000e+01 3.100087e-28
1.492000e+01 2.159353e-28
1.493000e+01 1.179324e-28
1.494000e+01 1.099537e-28
1.495000e+01 8.205709e-28
1.496000e+01 1.089760e-27
1.497000e+01 1.693538e-27
1.498000e+01 7.736438e-28
1.499000e+01 0.000000e+00
