0.000000e+00 3.914150e-01
1.000000e-02 3.914150e-01
2.000000e-02 3.913979e-01
3.000000e-02 3.913673e-01
4.000000e-02 3.913234e-01
5.000000e-02 3.912663e-01
6.000000e-02 3.911963e-01
7.000000e-02 3.911132e-01
8.000000e-02 3.910172e-01
9.000000e-02 3.909085e-01
1.000000e-01 3.907868e-01
1.100000e-01 3.906522e-01
1.200000e-01 3.905048e-01
1.300000e-01 3.903443e-01
1.400000e-01 3.901710e-01
1.500000e-01 3.899847e-01
1.600000e-01 3.897855e-01
1.700000e-01 3.895733e-01
1.800000e-01 3.893481e-01
1.900000e-01 3.891100e-01
2.000000e-01 3.888588e-01
2.100000e-01 3.885945e-01
2.200000e-01 3.883173e-01
2.300000e-01 3.880270e-01
2.400000e-01 3.877238e-01
2.500000e-01 3.874074e-01
2.600000e-01 3.870780e-01
2.700000e-01 3.867353e-01
2.800000e-01 3.863795e-01
2.900000e-01 3.860105e-01
3.000000e-01 3.856283e-01
3.100000e-01 3.852330e-01
3.200000e-01 3.848244e-01
3.300000e-01 3.844025e-01
3.400000e-01 3.839673e-01
3.500000e-01 3.835187e-01
3.600000e-01 3.830567e-01
3.700000e-01 3.825814e-01
3.800000e-01 3.820926e-01
3.900000e-01 3.815904e-01
4.000000e-01 3.810747e-01
4.100000e-01 3.805455e-01
4.200000e-01 3.800028e-01
4.300000e-01 3.794466e-01
4.400000e-01 3.788768e-01
4.500000e-01 3.782933e-01
4.600000e-01 3.776962e-01
4.700000e-01 3.770853e-01
4.800000e-01 3.764608e-01
4.900000e-01 3.758225e-01
5.000000e-01 3.751704e-01
5.100000e-01 3.745046e-01
5.200000e-01 3.738249e-01
5.300000e-01 3.731314e-01
5.400000e-01 3.724239e-01
5.500000e-01 3.717025e-01
5.600000e-01 3.709671e-01
5.700000e-01 3.702176e-01
5.800000e-01 3.694541e-01
5.900000e-01 3.686765e-01
6.000000e-01 3.678849e-01
6.100000e-01 3.670792e-01
6.200000e-01 3.662593e-01
6.300000e-01 3.654252e-01
6.400000e-01 3.645769e-01
6.500000e-01 3.637143e-01
6.600000e-01 3.628374e-01
6.700000e-01 3.619462e-01
6.800000e-01 3.610406e-01
6.900000e-01 3.601208e-01
7.000000e-01 3.591866e-01
7.100000e-01 3.582380e-01
7.200000e-01 3.572750e-01
7.300000e-01 3.562976e-01
7.400000e-01 3.553056e-01
7.500000e-01 3.542992e-01
7.600000e-01 3.532783e-01
7.700000e-01 3.522428e-01
7.800000e-01 3.511928e-01
7.900000e-01 3.501282e-01
8.000000e-01 3.490491e-01
8.100000e-01 3.479555e-01
8.200000e-01 3.468472e-01
8.300000e-01 3.457244e-01
8.400000e-01 3.445871e-01
8.500000e-01 3.434352e-01
8.600000e-01 3.422687e-01
8.700000e-01 3.410876e-01
8.800000e-01 3.398919e-01
8.900000e-01 3.386817e-01
9.000000e-01 3.374569e-01
9.100000e-01 3.362175e-01
9.200000e-01 3.349635e-01
9.300000e-01 3.336950e-01
9.400000e-01 3.324120e-01
9.500000e-01 3.311145e-01
9.600000e-01 3.298026e-01
9.700000e-01 3.284763e-01
9.800000e-01 3.271356e-01
9.900000e-01 3.257805e-01
1.000000e+00 3.244110e-01
1.010000e+00 3.230273e-01
1.020000e+00 3.216294e-01
1.030000e+00 3.202173e-01
1.040000e+00 3.187910e-01
1.050000e+00 3.173507e-01
1.060000e+00 3.158963e-01
1.070000e+00 3.144279e-01
1.080000e+00 3.129457e-01
1.090000e+00 3.114496e-01
1.100000e+00 3.099398e-01
1.110000e+00 3.084162e-01
1.120000e+00 3.068791e-01
1.130000e+00 3.053285e-01
1.140000e+00 3.037644e-01
1.150000e+00 3.021870e-01
1.160000e+00 3.005964e-01
1.170000e+00 2.989927e-01
1.180000e+00 2.973760e-01
1.190000e+00 2.957464e-01
1.200000e+00 2.941040e-01
1.210000e+00 2.924490e-01
1.220000e+00 2.907814e-01
1.230000e+00 2.891014e-01
1.240000e+00 2.874092e-01
1.250000e+00 2.857048e-01
1.260000e+00 2.839885e-01
1.270000e+00 2.822604e-01
1.280000e+00 2.805206e-01
1.290000e+00 2.787693e-01
1.300000e+00 2.770068e-01
1.310000e+00 2.752330e-01
1.320000e+00 2.734483e-01
1.330000e+00 2.716528e-01
1.340000e+00 2.698466e-01
1.350000e+00 2.680301e-01
1.360000e+00 2.662033e-01
1.370000e+00 2.643665e-01
1.380000e+00 2.625199e-01
1.390000e+00 2.606637e-01
1.400000e+00 2.587981e-01
1.410000e+00 2.569234e-01
1.420000e+00 2.550397e-01
1.430000e+00 2.531472e-01
1.440000e+00 2.512464e-01
1.450000e+00 2.493373e-01
1.460000e+00 2.474203e-01
1.470000e+00 2.454956e-01
1.480000e+00 2.435634e-01
1.490000e+00 2.416241e-01
1.500000e+00 2.396777e-01
1.510000e+00 2.377247e-01
1.520000e+00 2.357653e-01
1.530000e+00 2.337998e-01
1.540000e+00 2.318285e-01
1.550000e+00 2.298517e-01
1.560000e+00 2.278696e-01
1.570000e+00 2.258825e-01
1.580000e+00 2.238907e-01
1.590000e+00 2.218946e-01
1.600000e+00 2.198943e-01
1.610000e+00 2.178904e-01
1.620000e+00 2.158829e-01
1.630000e+00 2.138723e-01
1.640000e+00 2.118589e-01
1.650000e+00 2.098429e-01
1.660000e+00 2.078248e-01
1.670000e+00 2.058048e-01
1.680000e+00 2.037833e-01
1.690000e+00 2.017605e-01
1.700000e+00 1.997369e-01
1.710000e+00 1.977128e-01
1.720000e+00 1.956884e-01
1.730000e+00 1.936641e-01
1.740000e+00 1.916403e-01
1.750000e+00 1.896173e-01
1.760000e+00 1.875953e-01
1.770000e+00 1.855749e-01
1.780000e+00 1.835562e-01
1.790000e+00 1.815396e-01
1.800000e+00 1.795255e-01
1.810000e+00 1.775141e-01
1.820000e+00 1.755058e-01
1.830000e+00 1.735010e-01
1.840000e+00 1.715000e-01
1.850000e+00 1.695031e-01
1.860000e+00 1.675107e-01
1.870000e+00 1.655230e-01
1.880000e+00 1.635405e-01
1.890000e+00 1.615634e-01
1.900000e+00 1.595920e-01
1.910000e+00 1.576267e-01
1.920000e+00 1.556677e-01
1.930000e+00 1.537155e-01
1.940000e+00 1.517702e-01
1.950000e+00 1.498323e-01
1.960000e+00 1.479020e-01
1.970000e+00 1.459797e-01
1.980000e+00 1.440655e-01
1.990000e+00 1.421599e-01
2.000000e+00 1.402631e-01
2.010000e+00 1.383754e-01
2.020000e+00 1.364971e-01
2.030000e+00 1.346284e-01
2.040000e+00 1.327697e-01
2.050000e+00 1.309212e-01
2.060000e+00 1.290831e-01
2.070000e+00 1.272559e-01
2.080000e+00 1.254395e-01
2.090000e+00 1.236344e-01
2.100000e+00 1.218407e-01
2.110000e+00 1.200587e-01
2.120000e+00 1.182886e-01
2.130000e+00 1.165307e-01
2.140000e+00 1.147851e-01
2.150000e+00 1.130521e-01
2.160000e+00 1.113319e-01
2.170000e+00 1.096247e-01
2.180000e+00 1.079307e-01
2.190000e+00 1.062501e-01
2.200000e+00 1.045830e-01
2.210000e+00 1.029297e-01
2.220000e+00 1.012902e-01
2.230000e+00 9.966482e-02
2.240000e+00 9.805366e-02
2.250000e+00 9.645689e-02
2.260000e+00 9.487464e-02
2.270000e+00 9.330702e-02
2.280000e+00 9.175416e-02
2.290000e+00 9.021619e-02
2.300000e+00 8.869323e-02
2.310000e+00 8.718542e-02
2.320000e+00 8.569284e-02
2.330000e+00 8.421557e-02
2.340000e+00 8.275371e-02
2.350000e+00 8.130736e-02
2.360000e+00 7.987660e-02
2.370000e+00 7.846149e-02
2.380000e+00 7.706207e-02
2.390000e+00 7.567841e-02
2.400000e+00 7.431056e-02
2.410000e+00 7.295858e-02
2.420000e+00 7.162252e-02
2.430000e+00 7.030235e-02
2.440000e+00 6.899809e-02
2.450000e+00 6.770982e-02
2.460000e+00 6.643755e-02
2.470000e+00 6.518129e-02
2.480000e+00 6.394103e-02
2.490000e+00 6.271677e-02
2.500000e+00 6.150849e-02
2.510000e+00 6.031620e-02
2.520000e+00 5.913988e-02
2.530000e+00 5.797951e-02
2.540000e+00 5.683502e-02
2.550000e+00 5.570637e-02
2.560000e+00 5.459353e-02
2.570000e+00 5.349646e-02
2.580000e+00 5.241510e-02
2.590000e+00 5.134941e-02
2.600000e+00 5.029932e-02
2.610000e+00 4.926476e-02
2.620000e+00 4.824568e-02
2.630000e+00 4.724198e-02
2.640000e+00 4.625361e-02
2.650000e+00 4.528048e-02
2.660000e+00 4.432249e-02
2.670000e+00 4.337956e-02
2.680000e+00 4.245161e-02
2.690000e+00 4.153854e-02
2.700000e+00 4.064028e-02
2.710000e+00 3.975667e-02
2.720000e+00 3.888762e-02
2.730000e+00 3.803303e-02
2.740000e+00 3.719280e-02
2.750000e+00 3.636680e-02
2.760000e+00 3.555492e-02
2.770000e+00 3.475703e-02
2.780000e+00 3.397301e-02
2.790000e+00 3.320270e-02
2.800000e+00 3.244600e-02
2.810000e+00 3.170279e-02
2.820000e+00 3.097293e-02
2.830000e+00 3.025628e-02
2.840000e+00 2.955273e-02
2.850000e+00 2.886215e-02
2.860000e+00 2.818441e-02
2.870000e+00 2.751933e-02
2.880000e+00 2.686677e-02
2.890000e+00 2.622658e-02
2.900000e+00 2.559864e-02
2.910000e+00 2.498280e-02
2.920000e+00 2.437891e-02
2.930000e+00 2.378681e-02
2.940000e+00 2.320637e-02
2.950000e+00 2.263744e-02
2.960000e+00 2.207988e-02
2.970000e+00 2.153355e-02
2.980000e+00 2.099830e-02
2.990000e+00 2.047398e-02
3.000000e+00 1.996043e-02
3.010000e+00 1.945749e-02
3.020000e+00 1.896502e-02
3.030000e+00 1.848285e-02
3.040000e+00 1.801085e-02
3.050000e+00 1.754887e-02
3.060000e+00 1.709675e-02
3.070000e+00 1.665434e-02
3.080000e+00 1.622150e-02
3.090000e+00 1.579809e-02
3.100000e+00 1.538397e-02
3.110000e+00 1.497897e-02
3.120000e+00 1.458294e-02
3.130000e+00 1.419576e-02
3.140000e+00 1.381727e-02
3.150000e+00 1.344733e-02
3.160000e+00 1.308579e-02
3.170000e+00 1.273252e-02
3.180000e+00 1.238738e-02
3.190000e+00 1.205021e-02
3.200000e+00 1.172085e-02
3.210000e+00 1.139918e-02
3.220000e+00 1.108506e-02
3.230000e+00 1.077837e-02
3.240000e+00 1.047897e-02
3.250000e+00 1.018673e-02
3.260000e+00 9.901516e-03
3.270000e+00 9.623198e-03
3.280000e+00 9.351643e-03
3.290000e+00 9.086711e-03
3.300000e+00 8.828282e-03
3.310000e+00 8.576242e-03
3.320000e+00 8.330456e-03
3.330000e+00 8.090798e-03
3.340000e+00 7.857154e-03
3.350000e+00 7.629390e-03
3.360000e+00 7.407387e-03
3.370000e+00 7.191036e-03
3.380000e+00 6.980214e-03
3.390000e+00 6.774792e-03
3.400000e+00 6.574661e-03
3.410000e+00 6.379719e-03
3.420000e+00 6.189866e-03
3.430000e+00 6.004991e-03
3.440000e+00 5.824992e-03
3.450000e+00 5.649763e-03
3.460000e+00 5.479184e-03
3.470000e+00 5.313158e-03
3.480000e+00 5.151591e-03
3.490000e+00 4.994383e-03
3.500000e+00 4.841432e-03
3.510000e+00 4.692639e-03
3.520000e+00 4.547908e-03
3.530000e+00 4.407152e-03
3.540000e+00 4.270269e-03
3.550000e+00 4.137154e-03
3.560000e+00 4.007732e-03
3.570000e+00 3.881933e-03
3.580000e+00 3.759676e-03
3.590000e+00 3.640873e-03
3.600000e+00 3.525436e-03
3.610000e+00 3.413285e-03
3.620000e+00 3.304332e-03
3.630000e+00 3.198499e-03
3.640000e+00 3.095722e-03
3.650000e+00 2.995911e-03
3.660000e+00 2.898982e-03
3.670000e+00 2.804875e-03
3.680000e+00 2.713513e-03
3.690000e+00 2.624816e-03
3.700000e+00 2.538739e-03
3.710000e+00 2.455229e-03
3.720000e+00 2.374219e-03
3.730000e+00 2.295632e-03
3.740000e+00 2.219405e-03
3.750000e+00 2.145478e-03
3.760000e+00 2.073780e-03
3.770000e+00 2.004245e-03
3.780000e+00 1.936812e-03
3.790000e+00 1.871443e-03
3.800000e+00 1.808087e-03
3.810000e+00 1.746682e-03
3.820000e+00 1.687178e-03
3.830000e+00 1.629524e-03
3.840000e+00 1.573666e-03
3.850000e+00 1.519551e-03
3.860000e+00 1.467136e-03
3.870000e+00 1.416381e-03
3.880000e+00 1.367230e-03
3.890000e+00 1.319630e-03
3.900000e+00 1.273547e-03
3.910000e+00 1.228937e-03
3.920000e+00 1.185758e-03
3.930000e+00 1.143973e-03
3.940000e+00 1.103545e-03
3.950000e+00 1.064428e-03
3.960000e+00 1.026576e-03
3.970000e+00 9.899562e-04
3.980000e+00 9.545406e-04
3.990000e+00 9.202914e-04
4.000000e+00 8.871787e-04
4.010000e+00 8.551650e-04
4.020000e+00 8.242131e-04
4.030000e+00 7.943010e-04
4.040000e+00 7.653892e-04
4.050000e+00 7.374433e-04
4.060000e+00 7.104277e-04
4.070000e+00 6.843210e-04
4.080000e+00 6.591041e-04
4.090000e+00 6.347486e-04
4.100000e+00 6.112273e-04
4.110000e+00 5.885193e-04
4.120000e+00 5.665941e-04
4.130000e+00 5.454204e-04
4.140000e+00 5.249811e-04
4.150000e+00 5.052638e-04
4.160000e+00 4.862397e-04
4.170000e+00 4.678656e-04
4.180000e+00 4.501245e-04
4.190000e+00 4.330060e-04
4.200000e+00 4.164960e-04
4.210000e+00 4.005754e-04
4.220000e+00 3.852236e-04
4.230000e+00 3.704205e-04
4.240000e+00 3.561420e-04
4.250000e+00 3.423775e-04
4.260000e+00 3.291138e-04
4.270000e+00 3.163295e-04
4.280000e+00 3.040110e-04
4.290000e+00 2.921415e-04
4.300000e+00 2.806991e-04
4.310000e+00 2.696652e-04
4.320000e+00 2.590295e-04
4.330000e+00 2.487792e-04
4.340000e+00 2.389214e-04
4.350000e+00 2.294451e-04
4.360000e+00 2.203156e-04
4.370000e+00 2.115218e-04
4.380000e+00 2.030574e-04
4.390000e+00 1.949169e-04
4.400000e+00 1.870897e-04
4.410000e+00 1.795527e-04
4.420000e+00 1.722993e-04
4.430000e+00 1.653282e-04
4.440000e+00 1.586111e-04
4.450000e+00 1.521338e-04
4.460000e+00 1.459034e-04
4.470000e+00 1.399241e-04
4.480000e+00 1.341832e-04
4.490000e+00 1.286414e-04
4.500000e+00 1.232921e-04
4.510000e+00 1.181577e-04
4.520000e+00 1.132361e-04
4.530000e+00 1.085279e-04
4.540000e+00 1.040136e-04
4.550000e+00 9.967803e-05
4.560000e+00 9.553151e-05
4.570000e+00 9.155483e-05
4.580000e+00 8.772547e-05
4.590000e+00 8.404586e-05
4.600000e+00 8.051701e-05
4.610000e+00 7.712174e-05
4.620000e+00 7.384986e-05
4.630000e+00 7.070090e-05
4.640000e+00 6.766832e-05
4.650000e+00 6.475692e-05
4.660000e+00 6.197172e-05
4.670000e+00 5.929739e-05
4.680000e+00 5.673132e-05
4.690000e+00 5.427990e-05
4.700000e+00 5.192904e-05
4.710000e+00 4.967438e-05
4.720000e+00 4.751126e-05
4.730000e+00 4.542707e-05
4.740000e+00 4.343685e-05
4.750000e+00 4.154632e-05
4.760000e+00 3.973404e-05
4.770000e+00 3.799776e-05
4.780000e+00 3.633702e-05
4.790000e+00 3.474894e-05
4.800000e+00 3.323186e-05
4.810000e+00 3.178155e-05
4.820000e+00 3.039051e-05
4.830000e+00 2.904740e-05
4.840000e+00 2.775377e-05
4.850000e+00 2.651627e-05
4.860000e+00 2.533222e-05
4.870000e+00 2.419188e-05
4.880000e+00 2.309686e-05
4.890000e+00 2.204959e-05
4.900000e+00 2.105684e-05
4.910000e+00 2.012188e-05
4.920000e+00 1.923015e-05
4.930000e+00 1.837398e-05
4.940000e+00 1.756100e-05
4.950000e+00 1.679105e-05
4.960000e+00 1.604760e-05
4.970000e+00 1.532024e-05
4.980000e+00 1.462270e-05
4.990000e+00 1.396044e-05
5.000000e+00 1.332382e-05
5.010000e+00 1.270726e-05
5.020000e+00 1.211174e-05
5.030000e+00 1.154202e-05
5.040000e+00 1.099525e-05
5.050000e+00 1.047275e-05
5.060000e+00 9.978359e-06
5.070000e+00 9.509505e-06
5.080000e+00 9.073497e-06
5.090000e+00 8.670047e-06
5.100000e+00 8.287261e-06
5.110000e+00 7.913058e-06
5.120000e+00 7.554993e-06
5.130000e+00 7.227589e-06
5.140000e+00 6.913722e-06
5.150000e+00 6.608318e-06
5.160000e+00 6.316172e-06
5.170000e+00 6.042698e-06
5.180000e+00 5.777576e-06
5.190000e+00 5.506982e-06
5.200000e+00 5.241602e-06
5.210000e+00 4.990865e-06
5.220000e+00 4.752732e-06
5.230000e+00 4.523258e-06
5.240000e+00 4.305467e-06
5.250000e+00 4.097685e-06
5.260000e+00 3.891633e-06
5.270000e+00 3.684803e-06
5.280000e+00 3.492544e-06
5.290000e+00 3.329486e-06
5.300000e+00 3.184514e-06
5.310000e+00 3.038147e-06
5.320000e+00 2.895907e-06
5.330000e+00 2.768076e-06
5.340000e+00 2.651965e-06
5.350000e+00 2.538612e-06
5.360000e+00 2.419944e-06
5.370000e+00 2.294399e-06
5.380000e+00 2.163047e-06
5.390000e+00 2.048711e-06
5.400000e+00 1.958215e-06
5.410000e+00 1.873151e-06
5.420000e+00 1.788270e-06
5.430000e+00 1.695257e-06
5.440000e+00 1.599778e-06
5.450000e+00 1.513954e-06
5.460000e+00 1.439933e-06
5.470000e+00 1.371056e-06
5.480000e+00 1.303318e-06
5.490000e+00 1.239323e-06
5.500000e+00 1.180312e-06
5.510000e+00 1.133861e-06
5.520000e+00 1.095315e-06
5.530000e+00 1.052017e-06
5.540000e+00 1.000421e-06
5.550000e+00 9.356189e-07
5.560000e+00 8.668570e-07
5.570000e+00 8.058467e-07
5.580000e+00 7.486183e-07
5.590000e+00 7.007518e-07
5.600000e+00 6.650037e-07
5.610000e+00 6.398107e-07
5.620000e+00 6.134419e-07
5.630000e+00 5.731281e-07
5.640000e+00 5.249549e-07
5.650000e+00 4.823066e-07
5.660000e+00 4.437188e-07
5.670000e+00 4.059213e-07
5.680000e+00 3.785679e-07
5.690000e+00 3.679822e-07
5.700000e+00 3.697903e-07
5.710000e+00 3.704636e-07
5.720000e+00 3.660576e-07
5.730000e+00 3.551874e-07
5.740000e+00 3.317082e-07
5.750000e+00 3.046330e-07
5.760000e+00 2.906309e-07
5.770000e+00 2.901937e-07
5.780000e+00 2.812466e-07
5.790000e+00 2.526248e-07
5.800000e+00 2.072062e-07
5.810000e+00 1.529288e-07
5.820000e+00 1.301006e-07
5.830000e+00 1.400259e-07
5.840000e+00 1.465128e-07
5.850000e+00 1.467562e-07
5.860000e+00 1.435116e-07
5.870000e+00 1.333027e-07
5.880000e+00 1.226784e-07
5.890000e+00 1.177860e-07
5.900000e+00 1.099388e-07
5.910000e+00 1.041814e-07
5.920000e+00 1.078480e-07
5.930000e+00 1.055470e-07
5.940000e+00 1.002612e-07
5.950000e+00 1.055540e-07
5.960000e+00 1.159490e-07
5.970000e+00 1.217987e-07
5.980000e+00 1.226238e-07
5.990000e+00 1.280551e-07
6.000000e+00 1.469414e-07
6.010000e+00 1.745645e-07
6.020000e+00 1.933780e-07
6.030000e+00 2.001617e-07
6.040000e+00 2.030828e-07
6.050000e+00 2.004086e-07
6.060000e+00 2.101447e-07
6.070000e+00 2.279471e-07
6.080000e+00 2.314272e-07
6.090000e+00 2.228584e-07
6.100000e+00 2.045751e-07
6.110000e+00 1.881948e-07
6.120000e+00 1.774031e-07
6.130000e+00 1.685894e-07
6.140000e+00 1.606899e-07
6.150000e+00 1.537365e-07
6.160000e+00 1.496725e-07
6.170000e+00 1.495264e-07
6.180000e+00 1.600675e-07
6.190000e+00 1.812394e-07
6.200000e+00 2.070514e-07
6.210000e+00 2.236251e-07
6.220000e+00 2.332714e-07
6.230000e+00 2.389343e-07
6.240000e+00 2.365292e-07
6.250000e+00 2.312804e-07
6.260000e+00 2.203625e-07
6.270000e+00 2.035215e-07
6.280000e+00 1.857030e-07
6.290000e+00 1.743701e-07
6.300000e+00 1.658178e-07
6.310000e+00 1.522444e-07
6.320000e+00 1.377366e-07
6.330000e+00 1.376500e-07
6.340000e+00 1.504233e-07
6.350000e+00 1.622785e-07
6.360000e+00 1.738333e-07
6.370000e+00 1.865898e-07
6.380000e+00 1.954414e-07
6.390000e+00 2.029784e-07
6.400000e+00 2.159820e-07
6.410000e+00 2.355473e-07
6.420000e+00 2.557453e-07
6.430000e+00 2.693410e-07
6.440000e+00 2.720002e-07
6.450000e+00 2.672137e-07
6.460000e+00 2.635024e-07
6.470000e+00 2.660702e-07
6.480000e+00 2.697462e-07
6.490000e+00 2.649287e-07
6.500000e+00 2.504039e-07
6.510000e+00 2.276442e-07
6.520000e+00 2.122594e-07
6.530000e+00 2.112636e-07
6.540000e+00 2.189290e-07
6.550000e+00 2.279488e-07
6.560000e+00 2.310304e-07
6.570000e+00 2.233077e-07
6.580000e+00 1.990510e-07
6.590000e+00 1.651660e-07
6.600000e+00 1.454032e-07
6.610000e+00 1.440104e-07
6.620000e+00 1.480390e-07
6.630000e+00 1.599368e-07
6.640000e+00 1.711144e-07
6.650000e+00 1.832788e-07
6.660000e+00 1.996350e-07
6.670000e+00 2.094508e-07
6.680000e+00 2.139721e-07
6.690000e+00 2.188826e-07
6.700000e+00 2.146082e-07
6.710000e+00 1.979878e-07
6.720000e+00 1.905863e-07
6.730000e+00 2.031178e-07
6.740000e+00 2.195542e-07
6.750000e+00 2.307048e-07
6.760000e+00 2.400056e-07
6.770000e+00 2.465137e-07
6.780000e+00 2.492993e-07
6.790000e+00 2.453818e-07
6.800000e+00 2.362654e-07
6.810000e+00 2.267159e-07
6.820000e+00 2.163613e-07
6.830000e+00 2.067480e-07
6.840000e+00 2.049318e-07
6.850000e+00 2.146002e-07
6.860000e+00 2.226624e-07
6.870000e+00 2.209203e-07
6.880000e+00 2.161773e-07
6.890000e+00 2.140700e-07
6.900000e+00 2.226314e-07
6.910000e+00 2.300036e-07
6.920000e+00 2.289156e-07
6.930000e+00 2.252455e-07
6.940000e+00 2.189275e-07
6.950000e+00 2.113155e-07
6.960000e+00 2.067302e-07
6.970000e+00 2.121890e-07
6.980000e+00 2.208744e-07
6.990000e+00 2.187925e-07
7.000000e+00 2.123178e-07
7.010000e+00 2.129969e-07
7.020000e+00 2.163873e-07
7.030000e+00 2.198073e-07
7.040000e+00 2.123773e-07
7.050000e+00 1.948306e-07
7.060000e+00 1.766750e-07
7.070000e+00 1.608303e-07
7.080000e+00 1.539075e-07
7.090000e+00 1.599776e-07
7.100000e+00 1.760740e-07
7.110000e+00 1.878997e-07
7.120000e+00 1.953735e-07
7.130000e+00 2.023717e-07
7.140000e+00 2.101849e-07
7.150000e+00 2.185227e-07
7.160000e+00 2.239873e-07
7.170000e+00 2.273572e-07
7.180000e+00 2.312178e-07
7.190000e+00 2.423059e-07
7.200000e+00 2.644822e-07
7.210000e+00 2.911613e-07
7.220000e+00 3.077265e-07
7.230000e+00 3.039592e-07
7.240000e+00 2.833336e-07
7.250000e+00 2.610659e-07
7.260000e+00 2.411610e-07
7.270000e+00 2.175428e-07
7.280000e+00 1.938679e-07
7.290000e+00 1.733872e-07
7.300000e+00 1.676000e-07
7.310000e+00 1.737903e-07
7.320000e+00 1.798324e-07
7.330000e+00 1.855532e-07
7.340000e+00 1.819971e-07
7.350000e+00 1.782298e-07
7.360000e+00 1.768675e-07
7.370000e+00 1.676860e-07
7.380000e+00 1.622326e-07
7.390000e+00 1.662957e-07
7.400000e+00 1.784477e-07
7.410000e+00 1.933955e-07
7.420000e+00 2.055449e-07
7.430000e+00 2.176566e-07
7.440000e+00 2.260998e-07
7.450000e+00 2.285856e-07
7.460000e+00 2.343967e-07
7.470000e+00 2.441780e-07
7.480000e+00 2.525879e-07
7.490000e+00 2.571897e-07
7.500000e+00 2.485391e-07
7.510000e+00 2.349369e-07
7.520000e+00 2.357184e-07
7.530000e+00 2.428793e-07
7.540000e+00 2.411206e-07
7.550000e+00 2.303396e-07
7.560000e+00 2.187453e-07
7.570000e+00 2.122093e-07
7.580000e+00 2.091809e-07
7.590000e+00 2.056782e-07
7.600000e+00 1.986877e-07
7.610000e+00 1.951901e-07
7.620000e+00 1.912087e-07
7.630000e+00 1.860719e-07
7.640000e+00 1.851758e-07
7.650000e+00 1.875916e-07
7.660000e+00 1.993817e-07
7.670000e+00 2.172384e-07
7.680000e+00 2.305953e-07
7.690000e+00 2.325511e-07
7.700000e+00 2.344291e-07
7.710000e+00 2.419898e-07
7.720000e+00 2.445110e-07
7.730000e+00 2.420643e-07
7.740000e+00 2.385145e-07
7.750000e+00 2.329995e-07
7.760000e+00 2.223434e-07
7.770000e+00 2.050379e-07
7.780000e+00 1.857997e-07
7.790000e+00 1.738325e-07
7.800000e+00 1.747236e-07
7.810000e+00 1.876842e-07
7.820000e+00 2.074960e-07
7.830000e+00 2.197417e-07
7.840000e+00 2.215077e-07
7.850000e+00 2.231547e-07
7.860000e+00 2.231186e-07
7.870000e+00 2.223639e-07
7.880000e+00 2.245541e-07
7.890000e+00 2.262255e-07
7.900000e+00 2.267530e-07
7.910000e+00 2.262888e-07
7.920000e+00 2.228692e-07
7.930000e+00 2.206465e-07
7.940000e+00 2.232548e-07
7.950000e+00 2.244273e-07
7.960000e+00 2.276138e-07
7.970000e+00 2.253617e-07
7.980000e+00 2.144021e-07
7.990000e+00 2.099542e-07
8.000000e+00 2.077350e-07
8.010000e+00 2.003378e-07
8.020000e+00 1.920849e-07
8.030000e+00 1.913731e-07
8.040000e+00 1.967181e-07
8.050000e+00 1.969437e-07
8.060000e+00 1.937924e-07
8.070000e+00 1.968062e-07
8.080000e+00 2.049818e-07
8.090000e+00 2.107718e-07
8.100000e+00 2.212501e-07
8.110000e+00 2.391108e-07
8.120000e+00 2.536436e-07
8.130000e+00 2.569317e-07
8.140000e+00 2.528039e-07
8.150000e+00 2.457036e-07
8.160000e+00 2.341812e-07
8.170000e+00 2.231855e-07
8.180000e+00 2.167267e-07
8.190000e+00 2.135289e-07
8.200000e+00 2.050331e-07
8.210000e+00 1.877709e-07
8.220000e+00 1.685614e-07
8.230000e+00 1.616518e-07
8.240000e+00 1.705674e-07
8.250000e+00 1.803383e-07
8.260000e+00 1.850774e-07
8.270000e+00 1.852333e-07
8.280000e+00 1.858426e-07
8.290000e+00 1.909193e-07
8.300000e+00 2.010220e-07
8.310000e+00 2.165557e-07
8.320000e+00 2.298882e-07
8.330000e+00 2.379635e-07
8.340000e+00 2.451418e-07
8.350000e+00 2.472578e-07
8.360000e+00 2.432943e-07
8.370000e+00 2.435339e-07
8.380000e+00 2.479260e-07
8.390000e+00 2.479923e-07
8.400000e+00 2.437446e-07
8.410000e+00 2.421636e-07
8.420000e+00 2.430757e-07
8.430000e+00 2.352966e-07
8.440000e+00 2.217300e-07
8.450000e+00 2.119904e-07
8.460000e+00 2.062303e-07
8.470000e+00 2.001088e-07
8.480000e+00 1.889887e-07
8.490000e+00 1.703385e-07
8.500000e+00 1.477231e-07
8.510000e+00 1.349514e-07
8.520000e+00 1.329236e-07
8.530000e+00 1.428687e-07
8.540000e+00 1.652170e-07
8.550000e+00 1.866617e-07
8.560000e+00 2.031167e-07
8.570000e+00 2.159634e-07
8.580000e+00 2.236453e-07
8.590000e+00 2.296582e-07
8.600000e+00 2.403907e-07
8.610000e+00 2.448054e-07
8.620000e+00 2.369246e-07
8.630000e+00 2.297783e-07
8.640000e+00 2.307003e-07
8.650000e+00 2.354055e-07
8.660000e+00 2.371677e-07
8.670000e+00 2.352164e-07
8.680000e+00 2.294709e-07
8.690000e+00 2.223151e-07
8.700000e+00 2.109338e-07
8.710000e+00 1.911965e-07
8.720000e+00 1.738925e-07
8.730000e+00 1.687467e-07
8.740000e+00 1.726657e-07
8.750000e+00 1.791391e-07
8.760000e+00 1.810714e-07
8.770000e+00 1.790235e-07
8.780000e+00 1.792562e-07
8.790000e+00 1.867656e-07
8.800000e+00 2.022030e-07
8.810000e+00 2.115545e-07
8.820000e+00 2.060449e-07
8.830000e+00 1.954887e-07
8.840000e+00 1.917724e-07
8.850000e+00 1.924385e-07
8.860000e+00 1.915464e-07
8.870000e+00 1.930264e-07
8.880000e+00 1.966660e-07
8.890000e+00 2.022039e-07
8.900000e+00 2.143603e-07
8.910000e+00 2.273482e-07
8.920000e+00 2.327210e-07
8.930000e+00 2.327085e-07
8.940000e+00 2.323237e-07
8.950000e+00 2.280033e-07
8.960000e+00 2.179000e-07
8.970000e+00 2.044259e-07
8.980000e+00 1.906297e-07
8.990000e+00 1.819174e-07
9.000000e+00 1.778240e-07
9.010000e+00 1.756120e-07
9.020000e+00 1.687275e-07
9.030000e+00 1.596211e-07
9.040000e+00 1.638339e-07
9.050000e+00 1.768834e-07
9.060000e+00 1.876827e-07
9.070000e+00 1.948890e-07
9.080000e+00 2.019422e-07
9.090000e+00 2.009769e-07
9.100000e+00 1.866600e-07
9.110000e+00 1.788303e-07
9.120000e+00 1.774720e-07
9.130000e+00 1.743300e-07
9.140000e+00 1.716044e-07
9.150000e+00 1.742486e-07
9.160000e+00 1.861049e-07
9.170000e+00 1.982526e-07
9.180000e+00 2.067274e-07
9.190000e+00 2.079268e-07
9.200000e+00 2.059931e-07
9.210000e+00 2.070119e-07
9.220000e+00 2.142135e-07
9.230000e+00 2.288630e-07
9.240000e+00 2.404788e-07
9.250000e+00 2.428822e-07
9.260000e+00 2.358449e-07
9.270000e+00 2.220637e-07
9.280000e+00 2.044091e-07
9.290000e+00 1.847783e-07
9.300000e+00 1.701535e-07
9.310000e+00 1.673562e-07
9.320000e+00 1.687070e-07
9.330000e+00 1.703854e-07
9.340000e+00 1.780351e-07
9.350000e+00 1.839723e-07
9.360000e+00 1.878846e-07
9.370000e+00 1.878405e-07
9.380000e+00 1.807318e-07
9.390000e+00 1.725247e-07
9.400000e+00 1.713254e-07
9.410000e+00 1.744314e-07
9.420000e+00 1.738370e-07
9.430000e+00 1.668435e-07
9.440000e+00 1.534068e-07
9.450000e+00 1.429755e-07
9.460000e+00 1.422019e-07
9.470000e+00 1.459600e-07
9.480000e+00 1.497640e-07
9.490000e+00 1.568418e-07
9.500000e+00 1.657529e-07
9.510000e+00 1.681104e-07
9.520000e+00 1.691103e-07
9.530000e+00 1.787254e-07
9.540000e+00 1.974285e-07
9.550000e+00 2.145654e-07
9.560000e+00 2.240056e-07
9.570000e+00 2.310488e-07
9.580000e+00 2.300929e-07
9.590000e+00 2.196471e-07
9.600000e+00 2.070006e-07
9.610000e+00 1.985531e-07
9.620000e+00 1.972373e-07
9.630000e+00 1.964061e-07
9.640000e+00 1.905365e-07
9.650000e+00 1.806097e-07
9.660000e+00 1.696479e-07
9.670000e+00 1.620610e-07
9.680000e+00 1.521263e-07
9.690000e+00 1.399759e-07
9.700000e+00 1.343725e-07
9.710000e+00 1.340134e-07
9.720000e+00 1.378070e-07
9.730000e+00 1.474484e-07
9.740000e+00 1.566091e-07
9.750000e+00 1.576436e-07
9.760000e+00 1.527957e-07
9.770000e+00 1.505133e-07
9.780000e+00 1.571977e-07
9.790000e+00 1.687411e-07
9.800000e+00 1.734491e-07
9.810000e+00 1.701511e-07
9.820000e+00 1.623482e-07
9.830000e+00 1.487349e-07
9.840000e+00 1.348521e-07
9.850000e+00 1.277380e-07
9.860000e+00 1.321781e-07
9.870000e+00 1.448184e-07
9.880000e+00 1.583099e-07
9.890000e+00 1.693297e-07
9.900000e+00 1.754512e-07
9.910000e+00 1.802124e-07
9.920000e+00 1.851094e-07
9.930000e+00 1.903051e-07
9.940000e+00 1.888888e-07
9.950000e+00 1.789402e-07
9.960000e+00 1.741063e-07
9.970000e+00 1.715375e-07
9.980000e+00 1.622447e-07
9.990000e+00 1.558290e-07
1.000000e+01 1.559840e-07
1.001000e+01 1.574043e-07
1.002000e+01 1.575727e-07
1.003000e+01 1.576924e-07
1.004000e+01 1.561351e-07
1.005000e+01 1.520887e-07
1.006000e+01 1.524756e-07
1.007000e+01 1.572783e-07
1.008000e+01 1.626412e-07
1.009000e+01 1.617082e-07
1.010000e+01 1.567587e-07
1.011000e+01 1.554674e-07
1.012000e+01 1.554080e-07
1.013000e+01 1.541057e-07
1.014000e+01 1.520436e-07
1.015000e+01 1.497488e-07
1.016000e+01 1.453963e-07
1.017000e+01 1.395913e-07
1.018000e+01 1.324169e-07
1.019000e+01 1.284817e-07
1.020000e+01 1.288727e-07
1.021000e+01 1.296267e-07
1.022000e+01 1.285695e-07
1.023000e+01 1.250074e-07
1.024000e+01 1.234260e-07
1.025000e+01 1.243356e-07
1.026000e+01 1.264954e-07
1.027000e+01 1.324449e-07
1.028000e+01 1.368502e-07
1.029000e+01 1.376582e-07
1.030000e+01 1.439185e-07
1.031000e+01 1.505264e-07
1.032000e+01 1.554015e-07
1.033000e+01 1.605991e-07
1.034000e+01 1.630634e-07
1.035000e+01 1.651629e-07
1.036000e+01 1.650052e-07
1.037000e+01 1.627784e-07
1.038000e+01 1.589583e-07
1.039000e+01 1.526042e-07
1.040000e+01 1.472305e-07
1.041000e+01 1.405007e-07
1.042000e+01 1.341180e-07
1.043000e+01 1.345442e-07
1.044000e+01 1.424986e-07
1.045000e+01 1.535295e-07
1.046000e+01 1.600751e-07
1.047000e+01 1.535905e-07
1.048000e+01 1.483455e-07
1.049000e+01 1.507804e-07
1.050000e+01 1.521546e-07
1.051000e+01 1.558430e-07
1.052000e+01 1.541496e-07
1.053000e+01 1.454100e-07
1.054000e+01 1.394157e-07
1.055000e+01 1.370690e-07
1.056000e+01 1.325586e-07
1.057000e+01 1.250498e-07
1.058000e+01 1.155023e-07
1.059000e+01 1.040678e-07
1.060000e+01 9.970998e-08
1.061000e+01 1.030607e-07
1.062000e+01 1.045165e-07
1.063000e+01 1.066237e-07
1.064000e+01 1.121510e-07
1.065000e+01 1.152969e-07
1.066000e+01 1.139045e-07
1.067000e+01 1.123052e-07
1.068000e+01 1.165464e-07
1.069000e+01 1.252316e-07
1.070000e+01 1.332459e-07
1.071000e+01 1.373723e-07
1.072000e+01 1.436305e-07
1.073000e+01 1.519018e-07
1.074000e+01 1.606778e-07
1.075000e+01 1.679865e-07
1.076000e+01 1.626002e-07
1.077000e+01 1.528829e-07
1.078000e+01 1.524991e-07
1.079000e+01 1.559091e-07
1.080000e+01 1.566668e-07
1.081000e+01 1.482249e-07
1.082000e+01 1.288447e-07
1.083000e+01 1.074940e-07
1.084000e+01 8.782976e-08
1.085000e+01 7.562657e-08
1.086000e+01 7.592016e-08
1.087000e+01 8.685200e-08
1.088000e+01 1.053823e-07
1.089000e+01 1.266126e-07
1.090000e+01 1.413837e-07
1.091000e+01 1.426408e-07
1.092000e+01 1.388716e-07
1.093000e+01 1.407064e-07
1.094000e+01 1.482265e-07
1.095000e+01 1.499750e-07
1.096000e+01 1.403606e-07
1.097000e+01 1.293530e-07
1.098000e+01 1.293050e-07
1.099000e+01 1.388050e-07
1.100000e+01 1.480518e-07
1.101000e+01 1.517410e-07
1.102000e+01 1.477452e-07
1.103000e+01 1.381042e-07
1.104000e+01 1.235613e-07
1.105000e+01 1.073959e-07
1.106000e+01 9.781671e-08
1.107000e+01 9.738129e-08
1.108000e+01 9.950965e-08
1.109000e+01 9.950438e-08
1.110000e+01 1.014513e-07
1.111000e+01 1.042295e-07
1.112000e+01 1.056661e-07
1.113000e+01 1.065204e-07
1.114000e+01 1.127202e-07
1.115000e+01 1.240645e-07
1.116000e+01 1.316430e-07
1.117000e+01 1.359283e-07
1.118000e+01 1.360195e-07
1.119000e+01 1.308893e-07
1.120000e+01 1.268566e-07
1.121000e+01 1.245571e-07
1.122000e+01 1.168534e-07
1.123000e+01 1.063531e-07
1.124000e+01 1.004365e-07
1.125000e+01 9.613057e-08
1.126000e+01 9.950406e-08
1.127000e+01 1.076402e-07
1.128000e+01 1.119106e-07
1.129000e+01 1.103078e-07
1.130000e+01 1.123207e-07
1.131000e+01 1.223044e-07
1.132000e+01 1.260434e-07
1.133000e+01 1.223337e-07
1.134000e+01 1.189410e-07
1.135000e+01 1.137633e-07
1.136000e+01 1.066017e-07
1.137000e+01 1.019753e-07
1.138000e+01 1.034795e-07
1.139000e+01 1.085306e-07
1.140000e+01 1.154947e-07
1.141000e+01 1.218291e-07
1.142000e+01 1.224609e-07
1.143000e+01 1.204768e-07
1.144000e+01 1.260154e-07
1.145000e+01 1.346201e-07
1.146000e+01 1.344711e-07
1.147000e+01 1.299466e-07
1.148000e+01 1.276566e-07
1.149000e+01 1.251600e-07
1.150000e+01 1.176619e-07
1.151000e+01 1.054529e-07
1.152000e+01 9.229339e-08
1.153000e+01 8.231679e-08
1.154000e+01 8.215646e-08
1.155000e+01 9.304512e-08
1.156000e+01 1.085328e-07
1.157000e+01 1.219005e-07
1.158000e+01 1.314847e-07
1.159000e+01 1.316344e-07
1.160000e+01 1.222499e-07
1.161000e+01 1.169436e-07
1.162000e+01 1.084994e-07
1.163000e+01 8.848897e-08
1.164000e+01 6.550120e-08
1.165000e+01 5.509777e-08
1.166000e+01 5.880076e-08
1.167000e+01 6.280746e-08
1.168000e+01 7.029148e-08
1.169000e+01 8.374611e-08
1.170000e+01 9.688940e-08
1.171000e+01 1.086535e-07
1.172000e+01 1.155921e-07
1.173000e+01 1.164421e-07
1.174000e+01 1.155901e-07
1.175000e+01 1.149462e-07
1.176000e+01 1.176712e-07
1.177000e+01 1.272169e-07
1.178000e+01 1.312166e-07
1.179000e+01 1.206029e-07
1.180000e+01 1.066168e-07
1.181000e+01 9.784809e-08
1.182000e+01 9.082628e-08
1.183000e+01 8.742156e-08
1.184000e+01 9.105975e-08
1.185000e+01 9.459640e-08
1.186000e+01 9.536720e-08
1.187000e+01 9.393529e-08
1.188000e+01 9.471957e-08
1.189000e+01 1.011569e-07
1.190000e+01 1.068822e-07
1.191000e+01 1.073547e-07
1.192000e+01 1.052134e-07
1.193000e+01 1.063362e-07
1.194000e+01 1.110047e-07
1.195000e+01 1.142244e-07
1.196000e+01 1.168821e-07
1.197000e+01 1.207455e-07
1.198000e+01 1.230275e-07
1.199000e+01 1.189897e-07
1.200000e+01 1.095519e-07
1.201000e+01 9.806278e-08
1.202000e+01 8.086452e-08
1.203000e+01 6.306271e-08
1.204000e+01 5.343517e-08
1.205000e+01 5.256570e-08
1.206000e+01 6.102084e-08
1.207000e+01 7.334299e-08
1.208000e+01 7.937367e-08
1.209000e+01 7.842941e-08
1.210000e+01 7.471914e-08
1.211000e+01 7.383368e-08
1.212000e+01 7.906803e-08
1.213000e+01 8.778458e-08
1.214000e+01 9.613301e-08
1.215000e+01 1.084902e-07
1.216000e+01 1.158145e-07
1.217000e+01 1.144054e-07
1.218000e+01 1.137139e-07
1.219000e+01 1.122372e-07
1.220000e+01 1.117900e-07
1.221000e+01 1.131284e-07
1.222000e+01 1.129701e-07
1.223000e+01 1.155155e-07
1.224000e+01 1.196256e-07
1.225000e+01 1.201734e-07
1.226000e+01 1.160896e-07
1.227000e+01 1.106690e-07
1.228000e+01 1.056481e-07
1.229000e+01 1.037450e-07
1.230000e+01 1.032322e-07
1.231000e+01 9.501106e-08
1.232000e+01 8.248738e-08
1.233000e+01 7.329473e-08
1.234000e+01 6.477986e-08
1.235000e+01 5.833984e-08
1.236000e+01 5.151294e-08
1.237000e+01 4.797204e-08
1.238000e+01 5.132938e-08
1.239000e+01 5.542770e-08
1.240000e+01 6.004359e-08
1.241000e+01 6.788401e-08
1.242000e+01 8.147664e-08
1.243000e+01 9.512749e-08
1.244000e+01 1.009442e-07
1.245000e+01 9.928173e-08
1.246000e+01 9.462244e-08
1.247000e+01 8.907055e-08
1.248000e+01 8.830466e-08
1.249000e+01 9.305587e-08
1.250000e+01 9.872256e-08
1.251000e+01 1.024224e-07
1.252000e+01 9.645074e-08
1.253000e+01 9.034085e-08
1.254000e+01 9.623880e-08
1.255000e+01 1.013920e-07
1.256000e+01 1.000600e-07
1.257000e+01 9.776628e-08
1.258000e+01 9.418761e-08
1.259000e+01 9.031920e-08
1.260000e+01 9.157077e-08
1.261000e+01 9.897544e-08
1.262000e+01 1.009862e-07
1.263000e+01 9.113674e-08
1.264000e+01 8.098138e-08
1.265000e+01 7.617721e-08
1.266000e+01 6.867939e-08
1.267000e+01 6.009498e-08
1.268000e+01 5.675088e-08
1.269000e+01 5.924812e-08
1.270000e+01 6.683048e-08
1.271000e+01 7.400755e-08
1.272000e+01 7.794853e-08
1.273000e+01 8.490305e-08
1.274000e+01 9.748337e-08
1.275000e+01 1.085274e-07
1.276000e+01 1.172255e-07
1.277000e+01 1.232032e-07
1.278000e+01 1.242457e-07
1.279000e+01 1.205847e-07
1.280000e+01 1.128515e-07
1.281000e+01 1.019309e-07
1.282000e+01 9.206701e-08
1.283000e+01 8.415203e-08
1.284000e+01 7.633531e-08
1.285000e+01 7.361840e-08
1.286000e+01 7.220989e-08
1.287000e+01 6.948909e-08
1.288000e+01 6.824785e-08
1.289000e+01 6.576805e-08
1.290000e+01 6.230999e-08
1.291000e+01 5.713839e-08
1.292000e+01 4.958480e-08
1.293000e+01 4.546634e-08
1.294000e+01 4.984279e-08
1.295000e+01 5.708813e-08
1.296000e+01 5.997652e-08
1.297000e+01 5.576003e-08
1.298000e+01 5.119733e-08
1.299000e+01 6.137288e-08
1.300000e+01 8.227489e-08
1.301000e+01 1.001688e-07
1.302000e+01 1.025548e-07
1.303000e+01 9.688692e-08
1.304000e+01 9.129508e-08
1.305000e+01 8.477215e-08
1.306000e+01 8.353139e-08
1.307000e+01 8.985644e-08
1.308000e+01 9.564717e-08
1.309000e+01 9.489207e-08
1.310000e+01 9.008562e-08
1.311000e+01 8.711852e-08
1.312000e+01 8.425221e-08
1.313000e+01 8.196075e-08
1.314000e+01 7.938255e-08
1.315000e+01 7.298051e-08
1.316000e+01 6.930801e-08
1.317000e+01 7.112081e-08
1.318000e+01 7.615327e-08
1.319000e+01 7.969184e-08
1.320000e+01 8.042863e-08
1.321000e+01 8.365116e-08
1.322000e+01 8.692964e-08
1.323000e+01 8.869970e-08
1.324000e+01 8.777813e-08
1.325000e+01 8.469508e-08
1.326000e+01 8.455290e-08
1.327000e+01 8.310146e-08
1.328000e+01 8.083602e-08
1.329000e+01 8.070738e-08
1.330000e+01 7.773700e-08
1.331000e+01 7.347382e-08
1.332000e+01 6.919296e-08
1.333000e+01 6.021970e-08
1.334000e+01 4.439300e-08
1.335000e+01 3.523125e-08
1.336000e+01 4.269267e-08
1.337000e+01 5.239079e-08
1.338000e+01 6.031922e-08
1.339000e+01 6.766100e-08
1.340000e+01 7.402106e-08
1.341000e+01 8.418149e-08
1.342000e+01 9.856227e-08
1.343000e+01 1.117045e-07
1.344000e+01 1.189950e-07
1.345000e+01 1.186237e-07
1.346000e+01 1.116594e-07
1.347000e+01 1.009736e-07
1.348000e+01 8.880981e-08
1.349000e+01 7.670889e-08
1.350000e+01 6.718373e-08
1.351000e+01 6.457492e-08
1.352000e+01 6.364440e-08
1.353000e+01 5.944971e-08
1.354000e+01 5.902038e-08
1.355000e+01 6.238508e-08
1.356000e+01 6.695600e-08
1.357000e+01 6.895881e-08
1.358000e+01 6.553298e-08
1.359000e+01 6.065856e-08
1.360000e+01 5.631748e-08
1.361000e+01 5.699769e-08
1.362000e+01 6.311814e-08
1.363000e+01 6.939681e-08
1.364000e+01 7.550121e-08
1.365000e+01 8.061305e-08
1.366000e+01 8.246294e-08
1.367000e+01 7.964071e-08
1.368000e+01 7.593687e-08
1.369000e+01 7.658061e-08
1.370000e+01 7.513794e-08
1.371000e+01 6.620447e-08
1.372000e+01 5.623133e-08
1.373000e+01 4.885757e-08
1.374000e+01 4.468662e-08
1.375000e+01 4.280778e-08
1.376000e+01 4.835094e-08
1.377000e+01 5.971771e-08
1.378000e+01 6.558388e-08
1.379000e+01 6.657327e-08
1.380000e+01 6.714368e-08
1.381000e+01 6.873153e-08
1.382000e+01 7.414175e-08
1.383000e+01 8.588114e-08
1.384000e+01 9.736767e-08
1.385000e+01 9.965056e-08
1.386000e+01 9.171751e-08
1.387000e+01 7.775116e-08
1.388000e+01 6.622457e-08
1.389000e+01 6.090371e-08
1.390000e+01 5.517606e-08
1.391000e+01 5.033034e-08
1.392000e+01 5.377557e-08
1.393000e+01 6.111313e-08
1.394000e+01 6.363923e-08
1.395000e+01 6.744433e-08
1.396000e+01 7.347141e-08
1.397000e+01 7.456614e-08
1.398000e+01 7.853050e-08
1.399000e+01 8.916837e-08
1.400000e+01 9.939733e-08
1.401000e+01 1.087340e-07
1.402000e+01 1.134412e-07
1.403000e+01 1.101878e-07
1.404000e+01 1.086510e-07
1.405000e+01 1.039433e-07
1.406000e+01 9.115669e-08
1.407000e+01 7.921022e-08
1.408000e+01 7.181729e-08
1.409000e+01 6.860919e-08
1.410000e+01 6.619182e-08
1.411000e+01 6.225162e-08
1.412000e+01 5.444944e-08
1.413000e+01 4.422567e-08
1.414000e+01 3.633040e-08
1.415000e+01 3.611993e-08
1.416000e+01 4.219276e-08
1.417000e+01 4.741247e-08
1.418000e+01 5.139212e-08
1.419000e+01 5.721452e-08
1.420000e+01 6.494213e-08
1.421000e+01 7.082533e-08
1.422000e+01 7.012954e-08
1.423000e+01 6.359967e-08
1.424000e+01 5.254735e-08
1.425000e+01 3.838492e-08
1.426000e+01 2.751366e-08
1.427000e+01 2.761898e-08
1.428000e+01 3.587364e-08
1.429000e+01 4.956261e-08
1.430000e+01 6.206141e-08
1.431000e+01 7.299900e-08
1.432000e+01 8.262053e-08
1.433000e+01 8.499102e-08
1.434000e+01 8.200213e-08
1.435000e+01 8.029949e-08
1.436000e+01 8.117717e-08
1.437000e+01 7.900479e-08
1.438000e+01 6.565757e-08
1.439000e+01 4.615670e-08
1.440000e+01 3.725237e-08
1.441000e+01 4.395586e-08
1.442000e+01 5.550498e-08
1.443000e+01 6.581671e-08
1.444000e+01 7.576796e-08
1.445000e+01 8.047370e-08
1.446000e+01 7.604097e-08
1.447000e+01 6.620367e-08
1.448000e+01 5.776236e-08
1.449000e+01 5.153417e-08
1.450000e+01 4.551894e-08
1.451000e+01 3.847908e-08
1.452000e+01 3.178677e-08
1.453000e+01 3.206525e-08
1.454000e+01 3.868996e-08
1.455000e+01 4.782361e-08
1.456000e+01 5.621200e-08
1.457000e+01 5.928701e-08
1.458000e+01 6.145004e-08
1.459000e+01 6.995645e-08
1.460000e+01 7.965621e-08
1.461000e+01 8.516545e-08
1.462000e+01 9.135320e-08
1.463000e+01 9.550385e-08
1.464000e+01 9.289267e-08
1.465000e+01 8.449496e-08
1.466000e+01 7.407326e-08
1.467000e+01 6.627556e-08
1.468000e+01 6.235784e-08
1.469000e+01 6.152059e-08
1.470000e+01 6.339644e-08
1.471000e+01 6.418307e-08
1.472000e+01 6.265406e-08
1.473000e+01 6.166631e-08
1.474000e+01 6.619147e-08
1.475000e+01 7.752725e-08
1.476000e+01 8.499262e-08
1.477000e+01 8.661973e-08
1.478000e+01 8.996818e-08
1.479000e+01 9.698705e-08
1.480000e+01 1.007955e-07
1.481000e+01 9.644201e-08
1.482000e+01 8.552664e-08
1.483000e+01 7.095586e-08
1.484000e+01 5.761775e-08
1.485000e+01 5.093353e-08
1.486000e+01 4.844375e-08
1.487000e+01 5.060177e-08
1.488000e+01 5.631543e-08
1.489000e+01 5.658144e-08
1.490000e+01 5.368903e-08
1.491000e+01 5.054544e-08
1.492000e+01 4.669702e-08
1.493000e+01 4.614215e-08
1.494000e+01 4.581487e-08
1.495000e+01 4.285353e-08
1.496000e+01 4.017538e-08
1.497000e+01 4.155637e-08
1.498000e+01 4.462118e-08
1.499000e+01 4.436298e-08
1.500000e+01 4.818127e-08
1.501000e+01 5.627869e-08
1.502000e+01 5.930349e-08
1.503000e+01 5.819337e-08
1.504000e+01 5.617044e-08
1.505000e+01 5.181813e-08
1.506000e+01 3.887627e-08
1.507000e+01 2.483729e-08
1.508000e+01 2.139605e-08
1.509000e+01 2.597081e-08
1.510000e+01 3.581659e-08
1.511000e+01 4.361665e-08
1.512000e+01 4.558942e-08
1.513000e+01 4.475886e-08
1.514000e+01 4.512648e-08
1.515000e+01 4.939780e-08
1.516000e+01 5.807607e-08
1.517000e+01 6.547366e-08
1.518000e+01 7.356704e-08
1.519000e+01 7.960656e-08
1.520000e+01 7.429816e-08
1.521000e+01 6.156391e-08
1.522000e+01 4.765823e-08
1.523000e+01 3.934664e-08
1.524000e+01 3.762901e-08
1.525000e+01 3.895889e-08
1.526000e+01 4.158421e-08
1.527000e+01 3.862386e-08
1.528000e+01 3.365028e-08
1.529000e+01 3.891023e-08
1.530000e+01 5.560754e-08
1.531000e+01 7.600989e-08
1.532000e+01 9.247200e-08
1.533000e+01 1.037722e-07
1.534000e+01 1.107078e-07
1.535000e+01 1.115268e-07
1.536000e+01 1.064555e-07
1.537000e+01 9.650433e-08
1.538000e+01 8.877712e-08
1.539000e+01 8.683668e-08
1.540000e+01 8.641362e-08
1.541000e+01 8.208213e-08
1.542000e+01 7.436768e-08
1.543000e+01 6.587868e-08
1.544000e+01 5.870072e-08
1.545000e+01 5.701754e-08
1.546000e+01 5.613842e-08
1.547000e+01 5.512368e-08
1.548000e+01 5.850201e-08
1.549000e+01 6.281113e-08
1.550000e+01 6.626558e-08
1.551000e+01 6.894931e-08
1.552000e+01 6.969428e-08
1.553000e+01 6.735762e-08
1.554000e+01 6.040247e-08
1.555000e+01 5.253493e-08
1.556000e+01 4.609116e-08
1.557000e+01 3.941078e-08
1.558000e+01 3.069272e-08
1.559000e+01 2.893500e-08
1.560000e+01 3.848800e-08
1.561000e+01 5.567355e-08
1.562000e+01 7.134735e-08
1.563000e+01 7.728982e-08
1.564000e+01 7.885616e-08
1.565000e+01 8.030093e-08
1.566000e+01 7.593290e-08
1.567000e+01 6.420663e-08
1.568000e+01 5.398789e-08
1.569000e+01 5.319292e-08
1.570000e+01 5.522756e-08
1.571000e+01 5.473915e-08
1.572000e+01 5.221176e-08
1.573000e+01 5.065535e-08
1.574000e+01 5.480880e-08
1.575000e+01 5.792517e-08
1.576000e+01 5.623374e-08
1.577000e+01 5.532545e-08
1.578000e+01 5.649491e-08
1.579000e+01 5.724627e-08
1.580000e+01 5.771735e-08
1.581000e+01 6.236501e-08
1.582000e+01 6.458674e-08
1.583000e+01 5.844141e-08
1.584000e+01 5.044128e-08
1.585000e+01 4.631309e-08
1.586000e+01 4.993586e-08
1.587000e+01 6.117526e-08
1.588000e+01 7.149470e-08
1.589000e+01 7.282270e-08
1.590000e+01 7.043504e-08
1.591000e+01 6.706692e-08
1.592000e+01 5.995325e-08
1.593000e+01 5.373209e-08
1.594000e+01 4.871892e-08
1.595000e+01 4.008396e-08
1.596000e+01 3.088297e-08
1.597000e+01 2.942558e-08
1.598000e+01 3.659725e-08
1.599000e+01 4.221049e-08
1.600000e+01 4.385203e-08
1.601000e+01 4.467776e-08
1.602000e+01 4.927683e-08
1.603000e+01 5.604172e-08
1.604000e+01 5.994388e-08
1.605000e+01 6.189587e-08
1.606000e+01 6.558813e-08
1.607000e+01 6.948086e-08
1.608000e+01 7.148827e-08
1.609000e+01 7.315302e-08
1.610000e+01 7.743069e-08
1.611000e+01 8.274967e-08
1.612000e+01 8.263582e-08
1.613000e+01 7.992419e-08
1.614000e+01 7.610123e-08
1.615000e+01 6.610212e-08
1.616000e+01 5.465453e-08
1.617000e+01 4.802098e-08
1.618000e+01 4.390469e-08
1.619000e+01 3.513934e-08
1.620000e+01 2.065761e-08
1.621000e+01 2.108470e-08
1.622000e+01 3.056264e-08
1.623000e+01 3.448564e-08
1.624000e+01 3.536004e-08
1.625000e+01 3.880263e-08
1.626000e+01 4.450522e-08
1.627000e+01 4.920625e-08
1.628000e+01 5.373254e-08
1.629000e+01 5.670233e-08
1.630000e+01 5.842536e-08
1.631000e+01 6.339740e-08
1.632000e+01 6.573684e-08
1.633000e+01 6.259694e-08
1.634000e+01 5.784527e-08
1.635000e+01 5.154071e-08
1.636000e+01 4.608149e-08
1.637000e+01 4.197731e-08
1.638000e+01 3.961166e-08
1.639000e+01 4.024303e-08
1.640000e+01 4.152407e-08
1.641000e+01 4.268780e-08
1.642000e+01 4.702767e-08
1.643000e+01 5.381712e-08
1.644000e+01 6.121638e-08
1.645000e+01 6.662613e-08
1.646000e+01 6.726743e-08
1.647000e+01 6.716135e-08
1.648000e+01 7.200671e-08
1.649000e+01 7.826212e-08
1.650000e+01 8.095083e-08
1.651000e+01 7.971235e-08
1.652000e+01 7.456134e-08
1.653000e+01 6.747161e-08
1.654000e+01 6.381195e-08
1.655000e+01 6.486531e-08
1.656000e+01 6.789372e-08
1.657000e+01 7.478156e-08
1.658000e+01 8.377732e-08
1.659000e+01 8.810144e-08
1.660000e+01 9.051086e-08
1.661000e+01 9.405538e-08
1.662000e+01 9.560427e-08
1.663000e+01 9.144019e-08
1.664000e+01 8.250046e-08
1.665000e+01 7.286826e-08
1.666000e+01 6.705308e-08
1.667000e+01 6.826110e-08
1.668000e+01 7.592107e-08
1.669000e+01 8.391705e-08
1.670000e+01 8.360529e-08
1.671000e+01 8.012288e-08
1.672000e+01 7.778664e-08
1.673000e+01 7.110147e-08
1.674000e+01 6.401224e-08
1.675000e+01 5.983828e-08
1.676000e+01 5.315798e-08
1.677000e+01 4.713937e-08
1.678000e+01 4.706113e-08
1.679000e+01 4.964802e-08
1.680000e+01 5.238220e-08
1.681000e+01 4.970627e-08
1.682000e+01 4.047300e-08
1.683000e+01 3.116470e-08
1.684000e+01 2.721573e-08
1.685000e+01 2.808324e-08
1.686000e+01 2.800036e-08
1.687000e+01 2.557066e-08
1.688000e+01 2.070265e-08
1.689000e+01 1.277402e-08
1.690000e+01 1.174185e-08
1.691000e+01 1.372944e-08
1.692000e+01 1.337086e-08
1.693000e+01 1.338254e-08
1.694000e+01 9.458510e-09
1.695000e+01 1.626898e-08
1.696000e+01 3.210111e-08
1.697000e+01 4.386560e-08
1.698000e+01 4.881564e-08
1.699000e+01 4.962141e-08
1.700000e+01 4.869156e-08
1.701000e+01 5.223601e-08
1.702000e+01 5.934286e-08
1.703000e+01 6.131994e-08
1.704000e+01 5.800545e-08
1.705000e+01 5.304571e-08
1.706000e+01 5.004422e-08
1.707000e+01 4.667011e-08
1.708000e+01 3.824275e-08
1.709000e+01 2.895868e-08
1.710000e+01 2.408481e-08
1.711000e+01 2.535457e-08
1.712000e+01 2.790174e-08
1.713000e+01 2.699674e-08
1.714000e+01 2.055014e-08
1.715000e+01 2.085404e-08
1.716000e+01 3.116906e-08
1.717000e+01 3.921476e-08
1.718000e+01 4.041258e-08
1.719000e+01 4.312902e-08
1.720000e+01 4.653858e-08
1.721000e+01 4.802949e-08
1.722000e+01 5.228977e-08
1.723000e+01 5.234742e-08
1.724000e+01 4.878167e-08
1.725000e+01 5.048502e-08
1.726000e+01 5.443230e-08
1.727000e+01 5.680043e-08
1.728000e+01 6.255598e-08
1.729000e+01 6.725409e-08
1.730000e+01 6.539699e-08
1.731000e+01 6.010265e-08
1.732000e+01 5.615361e-08
1.733000e+01 5.410839e-08
1.734000e+01 5.115614e-08
1.735000e+01 5.118302e-08
1.736000e+01 5.575174e-08
1.737000e+01 5.806373e-08
1.738000e+01 5.514123e-08
1.739000e+01 4.873327e-08
1.740000e+01 4.385252e-08
1.741000e+01 4.081087e-08
1.742000e+01 3.627633e-08
1.743000e+01 3.573767e-08
1.744000e+01 4.165358e-08
1.745000e+01 4.174542e-08
1.746000e+01 3.524124e-08
1.747000e+01 3.350550e-08
1.748000e+01 4.027928e-08
1.749000e+01 4.908482e-08
1.750000e+01 5.842200e-08
1.751000e+01 7.089034e-08
1.752000e+01 8.331631e-08
1.753000e+01 8.918032e-08
1.754000e+01 8.916917e-08
1.755000e+01 8.672141e-08
1.756000e+01 8.084240e-08
1.757000e+01 7.159100e-08
1.758000e+01 6.331092e-08
1.759000e+01 6.286504e-08
1.760000e+01 6.996420e-08
1.761000e+01 7.367540e-08
1.762000e+01 7.024866e-08
1.763000e+01 6.903367e-08
1.764000e+01 6.955207e-08
1.765000e+01 6.696436e-08
1.766000e+01 5.975852e-08
1.767000e+01 4.770694e-08
1.768000e+01 3.703955e-08
1.769000e+01 3.497657e-08
1.770000e+01 3.214428e-08
1.771000e+01 2.264114e-08
1.772000e+01 1.291178e-08
1.773000e+01 2.284470e-09
1.774000e+01 1.155987e-08
1.775000e+01 2.496462e-08
1.776000e+01 3.260434e-08
1.777000e+01 3.314383e-08
1.778000e+01 2.955251e-08
1.779000e+01 2.520448e-08
1.780000e+01 2.354609e-08
1.781000e+01 2.596914e-08
1.782000e+01 2.869080e-08
1.783000e+01 3.051939e-08
1.784000e+01 3.320467e-08
1.785000e+01 3.997514e-08
1.786000e+01 4.779674e-08
1.787000e+01 5.274430e-08
1.788000e+01 5.970332e-08
1.789000e+01 6.658416e-08
1.790000e+01 6.993549e-08
1.791000e+01 6.918289e-08
1.792000e+01 6.260105e-08
1.793000e+01 5.835546e-08
1.794000e+01 6.021390e-08
1.795000e+01 5.972670e-08
1.796000e+01 5.752105e-08
1.797000e+01 5.657744e-08
1.798000e+01 5.807997e-08
1.799000e+01 5.922103e-08
1.800000e+01 5.477514e-08
1.801000e+01 4.728787e-08
1.802000e+01 4.175313e-08
1.803000e+01 4.415138e-08
1.804000e+01 5.474190e-08
1.805000e+01 6.713274e-08
1.806000e+01 7.705133e-08
1.807000e+01 7.976947e-08
1.808000e+01 7.748516e-08
1.809000e+01 7.358044e-08
1.810000e+01 7.071657e-08
1.811000e+01 7.280539e-08
1.812000e+01 7.880984e-08
1.813000e+01 8.673905e-08
1.814000e+01 9.230040e-08
1.815000e+01 8.798462e-08
1.816000e+01 7.596263e-08
1.817000e+01 6.885486e-08
1.818000e+01 6.623092e-08
1.819000e+01 6.066735e-08
1.820000e+01 5.322106e-08
1.821000e+01 4.594097e-08
1.822000e+01 4.202813e-08
1.823000e+01 3.863095e-08
1.824000e+01 3.197422e-08
1.825000e+01 2.784402e-08
1.826000e+01 3.298618e-08
1.827000e+01 4.236663e-08
1.828000e+01 4.332915e-08
1.829000e+01 3.796639e-08
1.830000e+01 3.661945e-08
1.831000e+01 3.584788e-08
1.832000e+01 3.465316e-08
1.833000e+01 3.352895e-08
1.834000e+01 2.915560e-08
1.835000e+01 2.753851e-08
1.836000e+01 3.076063e-08
1.837000e+01 3.602011e-08
1.838000e+01 4.003817e-08
1.839000e+01 4.145117e-08
1.840000e+01 4.523018e-08
1.841000e+01 5.158844e-08
1.842000e+01 5.795244e-08
1.843000e+01 6.296307e-08
1.844000e+01 6.463733e-08
1.845000e+01 6.150743e-08
1.846000e+01 5.611830e-08
1.847000e+01 4.911571e-08
1.848000e+01 3.898339e-08
1.849000e+01 2.957886e-08
1.850000e+01 2.551514e-08
1.851000e+01 2.221879e-08
1.852000e+01 1.941264e-08
1.853000e+01 1.936138e-08
1.854000e+01 2.125303e-08
1.855000e+01 2.424366e-08
1.856000e+01 2.633245e-08
1.857000e+01 2.523810e-08
1.858000e+01 2.584996e-08
1.859000e+01 3.534955e-08
1.860000e+01 4.592467e-08
1.861000e+01 5.253884e-08
1.862000e+01 5.674545e-08
1.863000e+01 5.700201e-08
1.864000e+01 5.224731e-08
1.865000e+01 4.536004e-08
1.866000e+01 4.009682e-08
1.867000e+01 3.484491e-08
1.868000e+01 3.041785e-08
1.869000e+01 3.034171e-08
1.870000e+01 3.287913e-08
1.871000e+01 3.800006e-08
1.872000e+01 4.088076e-08
1.873000e+01 3.685876e-08
1.874000e+01 3.118358e-08
1.875000e+01 2.443736e-08
1.876000e+01 1.380923e-08
1.877000e+01 7.246713e-09
1.878000e+01 1.450094e-08
1.879000e+01 2.500089e-08
1.880000e+01 3.845402e-08
1.881000e+01 4.488709e-08
1.882000e+01 4.272515e-08
1.883000e+01 3.861121e-08
1.884000e+01 3.628221e-08
1.885000e+01 3.727147e-08
1.886000e+01 4.278853e-08
1.887000e+01 5.066806e-08
1.888000e+01 6.000043e-08
1.889000e+01 6.797423e-08
1.890000e+01 7.119152e-08
1.891000e+01 6.938261e-08
1.892000e+01 6.540493e-08
1.893000e+01 6.332732e-08
1.894000e+01 6.422106e-08
1.895000e+01 6.465423e-08
1.896000e+01 6.234937e-08
1.897000e+01 5.664899e-08
1.898000e+01 5.124068e-08
1.899000e+01 4.918309e-08
1.900000e+01 4.954484e-08
1.901000e+01 4.725007e-08
1.902000e+01 3.811053e-08
1.903000e+01 2.575153e-08
1.904000e+01 1.831460e-08
1.905000e+01 1.527475e-08
1.906000e+01 1.545552e-08
1.907000e+01 2.122978e-08
1.908000e+01 2.307538e-08
1.909000e+01 2.265424e-08
1.910000e+01 2.255079e-08
1.911000e+01 1.901982e-08
1.912000e+01 1.668663e-08
1.913000e+01 1.883538e-08
1.914000e+01 2.181817e-08
1.915000e+01 2.123762e-08
1.916000e+01 2.443204e-08
1.917000e+01 3.222037e-08
1.918000e+01 3.650912e-08
1.919000e+01 3.760430e-08
1.920000e+01 3.720602e-08
1.921000e+01 3.503725e-08
1.922000e+01 3.243520e-08
1.923000e+01 2.380013e-08
1.924000e+01 1.434439e-08
1.925000e+01 1.171603e-08
1.926000e+01 1.503672e-08
1.927000e+01 1.794218e-08
1.928000e+01 1.940629e-08
1.929000e+01 1.753419e-08
1.930000e+01 1.165593e-08
1.931000e+01 1.037451e-08
1.932000e+01 1.422748e-08
1.933000e+01 1.180306e-08
1.934000e+01 4.867332e-09
1.935000e+01 6.514318e-09
1.936000e+01 1.008613e-08
1.937000e+01 1.273103e-08
1.938000e+01 1.480862e-08
1.939000e+01 1.294884e-08
1.940000e+01 8.211292e-09
1.941000e+01 6.981744e-09
1.942000e+01 1.044535e-08
1.943000e+01 1.193158e-08
1.944000e+01 1.233162e-08
1.945000e+01 1.281979e-08
1.946000e+01 1.496080e-08
1.947000e+01 1.330574e-08
1.948000e+01 3.400984e-09
1.949000e+01 1.040464e-08
1.950000e+01 2.164625e-08
1.951000e+01 2.736380e-08
1.952000e+01 2.951171e-08
1.953000e+01 3.203165e-08
1.954000e+01 3.471279e-08
1.955000e+01 3.805800e-08
1.956000e+01 4.429929e-08
1.957000e+01 5.234630e-08
1.958000e+01 5.609583e-08
1.959000e+01 5.604632e-08
1.960000e+01 5.253251e-08
1.961000e+01 4.581228e-08
1.962000e+01 3.713421e-08
1.963000e+01 2.982810e-08
1.964000e+01 2.815927e-08
1.965000e+01 2.708294e-08
1.966000e+01 2.352542e-08
1.967000e+01 1.976668e-08
1.968000e+01 1.702022e-08
1.969000e+01 2.124806e-08
1.970000e+01 3.126831e-08
1.971000e+01 3.898815e-08
1.972000e+01 4.330583e-08
1.973000e+01 4.442202e-08
1.974000e+01 4.192529e-08
1.975000e+01 3.570959e-08
1.976000e+01 2.745089e-08
1.977000e+01 1.966078e-08
1.978000e+01 1.558368e-08
1.979000e+01 1.274778e-08
1.980000e+01 4.611958e-09
1.981000e+01 6.706263e-09
1.982000e+01 1.382726e-08
1.983000e+01 1.990790e-08
1.984000e+01 2.232512e-08
1.985000e+01 1.724848e-08
1.986000e+01 1.846906e-08
1.987000e+01 2.435763e-08
1.988000e+01 2.536275e-08
1.989000e+01 2.623275e-08
1.990000e+01 2.974355e-08
1.991000e+01 3.294501e-08
1.992000e+01 3.351762e-08
1.993000e+01 3.069063e-08
1.994000e+01 2.692798e-08
1.995000e+01 2.869433e-08
1.996000e+01 3.117800e-08
1.997000e+01 2.614618e-08
1.998000e+01 1.480902e-08
1.999000e+01 0.000000e+00
