0.000000e+00 3.914841e-01
1.000000e-02 3.914841e-01
2.000000e-02 3.914668e-01
3.000000e-02 3.914359e-01
4.000000e-02 3.913920e-01
5.000000e-02 3.913350e-01
6.000000e-02 3.912651e-01
7.000000e-02 3.911823e-01
8.000000e-02 3.910866e-01
9.000000e-02 3.909781e-01
1.000000e-01 3.908565e-01
1.100000e-01 3.907220e-01
1.200000e-01 3.905746e-01
1.300000e-01 3.904142e-01
1.400000e-01 3.902409e-01
1.500000e-01 3.900548e-01
1.600000e-01 3.898557e-01
1.700000e-01 3.896437e-01
1.800000e-01 3.894186e-01
1.900000e-01 3.891805e-01
2.000000e-01 3.889294e-01
2.100000e-01 3.886654e-01
2.200000e-01 3.883884e-01
2.300000e-01 3.880983e-01
2.400000e-01 3.877952e-01
2.500000e-01 3.874789e-01
2.600000e-01 3.871496e-01
2.700000e-01 3.868070e-01
2.800000e-01 3.864514e-01
2.900000e-01 3.860825e-01
3.000000e-01 3.857006e-01
3.100000e-01 3.853054e-01
3.200000e-01 3.848970e-01
3.300000e-01 3.844753e-01
3.400000e-01 3.840401e-01
3.500000e-01 3.835916e-01
3.600000e-01 3.831299e-01
3.700000e-01 3.826547e-01
3.800000e-01 3.821663e-01
3.900000e-01 3.816643e-01
4.000000e-01 3.811489e-01
4.100000e-01 3.806199e-01
4.200000e-01 3.800774e-01
4.300000e-01 3.795212e-01
4.400000e-01 3.789514e-01
4.500000e-01 3.783680e-01
4.600000e-01 3.777710e-01
4.700000e-01 3.771604e-01
4.800000e-01 3.765360e-01
4.900000e-01 3.758978e-01
5.000000e-01 3.752458e-01
5.100000e-01 3.745801e-01
5.200000e-01 3.739004e-01
5.300000e-01 3.732069e-01
5.400000e-01 3.724994e-01
5.500000e-01 3.717780e-01
5.600000e-01 3.710426e-01
5.700000e-01 3.702931e-01
5.800000e-01 3.695297e-01
5.900000e-01 3.687522e-01
6.000000e-01 3.679606e-01
6.100000e-01 3.671548e-01
6.200000e-01 3.663349e-01
6.300000e-01 3.655007e-01
6.400000e-01 3.646523e-01
6.500000e-01 3.637896e-01
6.600000e-01 3.629126e-01
6.700000e-01 3.620214e-01
6.800000e-01 3.611157e-01
6.900000e-01 3.601957e-01
7.000000e-01 3.592613e-01
7.100000e-01 3.583125e-01
7.200000e-01 3.573492e-01
7.300000e-01 3.563715e-01
7.400000e-01 3.553793e-01
7.500000e-01 3.543726e-01
7.600000e-01 3.533513e-01
7.700000e-01 3.523155e-01
7.800000e-01 3.512652e-01
7.900000e-01 3.502004e-01
8.000000e-01 3.491209e-01
8.100000e-01 3.480270e-01
8.200000e-01 3.469184e-01
8.300000e-01 3.457952e-01
8.400000e-01 3.446573e-01
8.500000e-01 3.435049e-01
8.600000e-01 3.423378e-01
8.700000e-01 3.411562e-01
8.800000e-01 3.399599e-01
8.900000e-01 3.387490e-01
9.000000e-01 3.375235e-01
9.100000e-01 3.362835e-01
9.200000e-01 3.350290e-01
9.300000e-01 3.337599e-01
9.400000e-01 3.324763e-01
9.500000e-01 3.311782e-01
9.600000e-01 3.298656e-01
9.700000e-01 3.285385e-01
9.800000e-01 3.271970e-01
9.900000e-01 3.258412e-01
1.000000e+00 3.244710e-01
1.010000e+00 3.230864e-01
1.020000e+00 3.216876e-01
1.030000e+00 3.202746e-01
1.040000e+00 3.188474e-01
1.050000e+00 3.174061e-01
1.060000e+00 3.159507e-01
1.070000e+00 3.144813e-01
1.080000e+00 3.129981e-01
1.090000e+00 3.115010e-01
1.100000e+00 3.099901e-01
1.110000e+00 3.084656e-01
1.120000e+00 3.069274e-01
1.130000e+00 3.053758e-01
1.140000e+00 3.038107e-01
1.150000e+00 3.022323e-01
1.160000e+00 3.006405e-01
1.170000e+00 2.990357e-01
1.180000e+00 2.974178e-01
1.190000e+00 2.957870e-01
1.200000e+00 2.941434e-01
1.210000e+00 2.924871e-01
1.220000e+00 2.908183e-01
1.230000e+00 2.891370e-01
1.240000e+00 2.874435e-01
1.250000e+00 2.857379e-01
1.260000e+00 2.840203e-01
1.270000e+00 2.822909e-01
1.280000e+00 2.805498e-01
1.290000e+00 2.787972e-01
1.300000e+00 2.770333e-01
1.310000e+00 2.752581e-01
1.320000e+00 2.734720e-01
1.330000e+00 2.716751e-01
1.340000e+00 2.698676e-01
1.350000e+00 2.680497e-01
1.360000e+00 2.662215e-01
1.370000e+00 2.643833e-01
1.380000e+00 2.625353e-01
1.390000e+00 2.606777e-01
1.400000e+00 2.588107e-01
1.410000e+00 2.569345e-01
1.420000e+00 2.550494e-01
1.430000e+00 2.531556e-01
1.440000e+00 2.512533e-01
1.450000e+00 2.493428e-01
1.460000e+00 2.474243e-01
1.470000e+00 2.454981e-01
1.480000e+00 2.435645e-01
1.490000e+00 2.416236e-01
1.500000e+00 2.396757e-01
1.510000e+00 2.377212e-01
1.520000e+00 2.357603e-01
1.530000e+00 2.337933e-01
1.540000e+00 2.318205e-01
1.550000e+00 2.298421e-01
1.560000e+00 2.278585e-01
1.570000e+00 2.258699e-01
1.580000e+00 2.238767e-01
1.590000e+00 2.218791e-01
1.600000e+00 2.198774e-01
1.610000e+00 2.178720e-01
1.620000e+00 2.158631e-01
1.630000e+00 2.138511e-01
1.640000e+00 2.118362e-01
1.650000e+00 2.098189e-01
1.660000e+00 2.077993e-01
1.670000e+00 2.057779e-01
1.680000e+00 2.037550e-01
1.690000e+00 2.017309e-01
1.700000e+00 1.997059e-01
1.710000e+00 1.976804e-01
1.720000e+00 1.956546e-01
1.730000e+00 1.936290e-01
1.740000e+00 1.916038e-01
1.750000e+00 1.895794e-01
1.760000e+00 1.875561e-01
1.770000e+00 1.855343e-01
1.780000e+00 1.835143e-01
1.790000e+00 1.814964e-01
1.800000e+00 1.794809e-01
1.810000e+00 1.774683e-01
1.820000e+00 1.754587e-01
1.830000e+00 1.734527e-01
1.840000e+00 1.714505e-01
1.850000e+00 1.694524e-01
1.860000e+00 1.674588e-01
1.870000e+00 1.654699e-01
1.880000e+00 1.634862e-01
1.890000e+00 1.615080e-01
1.900000e+00 1.595355e-01
1.910000e+00 1.575691e-01
1.920000e+00 1.556091e-01
1.930000e+00 1.536558e-01
1.940000e+00 1.517096e-01
1.950000e+00 1.497707e-01
1.960000e+00 1.478394e-01
1.970000e+00 1.459161e-01
1.980000e+00 1.440011e-01
1.990000e+00 1.420946e-01
2.000000e+00 1.401969e-01
2.010000e+00 1.383083e-01
2.020000e+00 1.364291e-01
2.030000e+00 1.345595e-01
2.040000e+00 1.327000e-01
2.050000e+00 1.308506e-01
2.060000e+00 1.290117e-01
2.070000e+00 1.271837e-01
2.080000e+00 1.253666e-01
2.090000e+00 1.235608e-01
2.100000e+00 1.217664e-01
2.110000e+00 1.199838e-01
2.120000e+00 1.182131e-01
2.130000e+00 1.164546e-01
2.140000e+00 1.147085e-01
2.150000e+00 1.129750e-01
2.160000e+00 1.112543e-01
2.170000e+00 1.095466e-01
2.180000e+00 1.078521e-01
2.190000e+00 1.061711e-01
2.200000e+00 1.045036e-01
2.210000e+00 1.028499e-01
2.220000e+00 1.012101e-01
2.230000e+00 9.958440e-02
2.240000e+00 9.797295e-02
2.250000e+00 9.637590e-02
2.260000e+00 9.479339e-02
2.270000e+00 9.322555e-02
2.280000e+00 9.167250e-02
2.290000e+00 9.013439e-02
2.300000e+00 8.861131e-02
2.310000e+00 8.710338e-02
2.320000e+00 8.561069e-02
2.330000e+00 8.413336e-02
2.340000e+00 8.267144e-02
2.350000e+00 8.122505e-02
2.360000e+00 7.979427e-02
2.370000e+00 7.837918e-02
2.380000e+00 7.697981e-02
2.390000e+00 7.559622e-02
2.400000e+00 7.422846e-02
2.410000e+00 7.287660e-02
2.420000e+00 7.154068e-02
2.430000e+00 7.022073e-02
2.440000e+00 6.891675e-02
2.450000e+00 6.762875e-02
2.460000e+00 6.635677e-02
2.470000e+00 6.510081e-02
2.480000e+00 6.386088e-02
2.490000e+00 6.263695e-02
2.500000e+00 6.142903e-02
2.510000e+00 6.023709e-02
2.520000e+00 5.906112e-02
2.530000e+00 5.790111e-02
2.540000e+00 5.675701e-02
2.550000e+00 5.562878e-02
2.560000e+00 5.451640e-02
2.570000e+00 5.341981e-02
2.580000e+00 5.233896e-02
2.590000e+00 5.127378e-02
2.600000e+00 5.022423e-02
2.610000e+00 4.919024e-02
2.620000e+00 4.817172e-02
2.630000e+00 4.716860e-02
2.640000e+00 4.618082e-02
2.650000e+00 4.520831e-02
2.660000e+00 4.425097e-02
2.670000e+00 4.330870e-02
2.680000e+00 4.238141e-02
2.690000e+00 4.146900e-02
2.700000e+00 4.057139e-02
2.710000e+00 3.968846e-02
2.720000e+00 3.882011e-02
2.730000e+00 3.796622e-02
2.740000e+00 3.712668e-02
2.750000e+00 3.630138e-02
2.760000e+00 3.549021e-02
2.770000e+00 3.469302e-02
2.780000e+00 3.390972e-02
2.790000e+00 3.314017e-02
2.800000e+00 3.238427e-02
2.810000e+00 3.164185e-02
2.820000e+00 3.091279e-02
2.830000e+00 3.019694e-02
2.840000e+00 2.949419e-02
2.850000e+00 2.880439e-02
2.860000e+00 2.812740e-02
2.870000e+00 2.746308e-02
2.880000e+00 2.681129e-02
2.890000e+00 2.617189e-02
2.900000e+00 2.554472e-02
2.910000e+00 2.492966e-02
2.920000e+00 2.432656e-02
2.930000e+00 2.373527e-02
2.940000e+00 2.315566e-02
2.950000e+00 2.258756e-02
2.960000e+00 2.203083e-02
2.970000e+00 2.148531e-02
2.980000e+00 2.095086e-02
2.990000e+00 2.042730e-02
3.000000e+00 1.991450e-02
3.010000e+00 1.941230e-02
3.020000e+00 1.892057e-02
3.030000e+00 1.843914e-02
3.040000e+00 1.796786e-02
3.050000e+00 1.750659e-02
3.060000e+00 1.705520e-02
3.070000e+00 1.661355e-02
3.080000e+00 1.618148e-02
3.090000e+00 1.575882e-02
3.100000e+00 1.534544e-02
3.110000e+00 1.494118e-02
3.120000e+00 1.454587e-02
3.130000e+00 1.415939e-02
3.140000e+00 1.378161e-02
3.150000e+00 1.341238e-02
3.160000e+00 1.305154e-02
3.170000e+00 1.269894e-02
3.180000e+00 1.235445e-02
3.190000e+00 1.201791e-02
3.200000e+00 1.168920e-02
3.210000e+00 1.136817e-02
3.220000e+00 1.105469e-02
3.230000e+00 1.074864e-02
3.240000e+00 1.044988e-02
3.250000e+00 1.015826e-02
3.260000e+00 9.873641e-03
3.270000e+00 9.595912e-03
3.280000e+00 9.324941e-03
3.290000e+00 9.060598e-03
3.300000e+00 8.802736e-03
3.310000e+00 8.551223e-03
3.320000e+00 8.305947e-03
3.330000e+00 8.066800e-03
3.340000e+00 7.833668e-03
3.350000e+00 7.606400e-03
3.360000e+00 7.384880e-03
3.370000e+00 7.169019e-03
3.380000e+00 6.958689e-03
3.390000e+00 6.753771e-03
3.400000e+00 6.554150e-03
3.410000e+00 6.359706e-03
3.420000e+00 6.170322e-03
3.430000e+00 5.985899e-03
3.440000e+00 5.806340e-03
3.450000e+00 5.631538e-03
3.460000e+00 5.461387e-03
3.470000e+00 5.295787e-03
3.480000e+00 5.134638e-03
3.490000e+00 4.977830e-03
3.500000e+00 4.825261e-03
3.510000e+00 4.676840e-03
3.520000e+00 4.532472e-03
3.530000e+00 4.392059e-03
3.540000e+00 4.255524e-03
3.550000e+00 4.122781e-03
3.560000e+00 3.993735e-03
3.570000e+00 3.868307e-03
3.580000e+00 3.746406e-03
3.590000e+00 3.627923e-03
3.600000e+00 3.512774e-03
3.610000e+00 3.400890e-03
3.620000e+00 3.292212e-03
3.630000e+00 3.186669e-03
3.640000e+00 3.084176e-03
3.650000e+00 2.984651e-03
3.660000e+00 2.888026e-03
3.670000e+00 2.794229e-03
3.680000e+00 2.703174e-03
3.690000e+00 2.614787e-03
3.700000e+00 2.528994e-03
3.710000e+00 2.445738e-03
3.720000e+00 2.364961e-03
3.730000e+00 2.286596e-03
3.740000e+00 2.210585e-03
3.750000e+00 2.136863e-03
3.760000e+00 2.065366e-03
3.770000e+00 1.996039e-03
3.780000e+00 1.928831e-03
3.790000e+00 1.863683e-03
3.800000e+00 1.800544e-03
3.810000e+00 1.739360e-03
3.820000e+00 1.680071e-03
3.830000e+00 1.622617e-03
3.840000e+00 1.566951e-03
3.850000e+00 1.513028e-03
3.860000e+00 1.460806e-03
3.870000e+00 1.410241e-03
3.880000e+00 1.361282e-03
3.890000e+00 1.313886e-03
3.900000e+00 1.268005e-03
3.910000e+00 1.223581e-03
3.920000e+00 1.180575e-03
3.930000e+00 1.138961e-03
3.940000e+00 1.098689e-03
3.950000e+00 1.059707e-03
3.960000e+00 1.021985e-03
3.970000e+00 9.854996e-04
3.980000e+00 9.502130e-04
3.990000e+00 9.160864e-04
4.000000e+00 8.830900e-04
4.010000e+00 8.511892e-04
4.020000e+00 8.203461e-04
4.030000e+00 7.905370e-04
4.040000e+00 7.617407e-04
4.050000e+00 7.339091e-04
4.060000e+00 7.070161e-04
4.070000e+00 6.810446e-04
4.080000e+00 6.559598e-04
4.090000e+00 6.317428e-04
4.100000e+00 6.083658e-04
4.110000e+00 5.857817e-04
4.120000e+00 5.639695e-04
4.130000e+00 5.429162e-04
4.140000e+00 5.225890e-04
4.150000e+00 5.029592e-04
4.160000e+00 4.840139e-04
4.170000e+00 4.657275e-04
4.180000e+00 4.480865e-04
4.190000e+00 4.310723e-04
4.200000e+00 4.146485e-04
4.210000e+00 3.987955e-04
4.220000e+00 3.835064e-04
4.230000e+00 3.687663e-04
4.240000e+00 3.545413e-04
4.250000e+00 3.408156e-04
4.260000e+00 3.275789e-04
4.270000e+00 3.148195e-04
4.280000e+00 3.025301e-04
4.290000e+00 2.907033e-04
4.300000e+00 2.793229e-04
4.310000e+00 2.683627e-04
4.320000e+00 2.577982e-04
4.330000e+00 2.476238e-04
4.340000e+00 2.378313e-04
4.350000e+00 2.283991e-04
4.360000e+00 2.193145e-04
4.370000e+00 2.105723e-04
4.380000e+00 2.021622e-04
4.390000e+00 1.940629e-04
4.400000e+00 1.862560e-04
4.410000e+00 1.787356e-04
4.420000e+00 1.714970e-04
4.430000e+00 1.645389e-04
4.440000e+00 1.578528e-04
4.450000e+00 1.514107e-04
4.460000e+00 1.452066e-04
4.470000e+00 1.392432e-04
4.480000e+00 1.335129e-04
4.490000e+00 1.280074e-04
4.500000e+00 1.227126e-04
4.510000e+00 1.176176e-04
4.520000e+00 1.127153e-04
4.530000e+00 1.079965e-04
4.540000e+00 1.034706e-04
4.550000e+00 9.913852e-05
4.560000e+00 9.497734e-05
4.570000e+00 9.097726e-05
4.580000e+00 8.714511e-05
4.590000e+00 8.347191e-05
4.600000e+00 7.993500e-05
4.610000e+00 7.652419e-05
4.620000e+00 7.323786e-05
4.630000e+00 7.008035e-05
4.640000e+00 6.705300e-05
4.650000e+00 6.415411e-05
4.660000e+00 6.137403e-05
4.670000e+00 5.870511e-05
4.680000e+00 5.614754e-05
4.690000e+00 5.369269e-05
4.700000e+00 5.133640e-05
4.710000e+00 4.909143e-05
4.720000e+00 4.695135e-05
4.730000e+00 4.488940e-05
4.740000e+00 4.290426e-05
4.750000e+00 4.100114e-05
4.760000e+00 3.917608e-05
4.770000e+00 3.742530e-05
4.780000e+00 3.574590e-05
4.790000e+00 3.413092e-05
4.800000e+00 3.258364e-05
4.810000e+00 3.111168e-05
4.820000e+00 2.971187e-05
4.830000e+00 2.838145e-05
4.840000e+00 2.711521e-05
4.850000e+00 2.589308e-05
4.860000e+00 2.471278e-05
4.870000e+00 2.357869e-05
4.880000e+00 2.248198e-05
4.890000e+00 2.142687e-05
4.900000e+00 2.041230e-05
4.910000e+00 1.944041e-05
4.920000e+00 1.851502e-05
4.930000e+00 1.764289e-05
4.940000e+00 1.682255e-05
4.950000e+00 1.604228e-05
4.960000e+00 1.529359e-05
4.970000e+00 1.458253e-05
4.980000e+00 1.390384e-05
4.990000e+00 1.324237e-05
5.000000e+00 1.259545e-05
5.010000e+00 1.197183e-05
5.020000e+00 1.138432e-05
5.030000e+00 1.082757e-05
5.040000e+00 1.030369e-05
5.050000e+00 9.808105e-06
5.060000e+00 9.339191e-06
5.070000e+00 8.899363e-06
5.080000e+00 8.481167e-06
5.090000e+00 8.084121e-06
5.100000e+00 7.705992e-06
5.110000e+00 7.344055e-06
5.120000e+00 6.995817e-06
5.130000e+00 6.668293e-06
5.140000e+00 6.363236e-06
5.150000e+00 6.062571e-06
5.160000e+00 5.763834e-06
5.170000e+00 5.471946e-06
5.180000e+00 5.183036e-06
5.190000e+00 4.912765e-06
5.200000e+00 4.674276e-06
5.210000e+00 4.447507e-06
5.220000e+00 4.221612e-06
5.230000e+00 4.000330e-06
5.240000e+00 3.788886e-06
5.250000e+00 3.589535e-06
5.260000e+00 3.399199e-06
5.270000e+00 3.224325e-06
5.280000e+00 3.064654e-06
5.290000e+00 2.916179e-06
5.300000e+00 2.781686e-06
5.310000e+00 2.662607e-06
5.320000e+00 2.556478e-06
5.330000e+00 2.459630e-06
5.340000e+00 2.365538e-06
5.350000e+00 2.267830e-06
5.360000e+00 2.165705e-06
5.370000e+00 2.067949e-06
5.380000e+00 1.983414e-06
5.390000e+00 1.901641e-06
5.400000e+00 1.809774e-06
5.410000e+00 1.714007e-06
5.420000e+00 1.630835e-06
5.430000e+00 1.556522e-06
5.440000e+00 1.477819e-06
5.450000e+00 1.403064e-06
5.460000e+00 1.341839e-06
5.470000e+00 1.284260e-06
5.480000e+00 1.223208e-06
5.490000e+00 1.163896e-06
5.500000e+00 1.109359e-06
5.510000e+00 1.061921e-06
5.520000e+00 1.018317e-06
5.530000e+00 9.786313e-07
5.540000e+00 9.444301e-07
5.550000e+00 9.128051e-07
5.560000e+00 8.819001e-07
5.570000e+00 8.535900e-07
5.580000e+00 8.178987e-07
5.590000e+00 7.813438e-07
5.600000e+00 7.607636e-07
5.610000e+00 7.604831e-07
5.620000e+00 7.611200e-07
5.630000e+00 7.359633e-07
5.640000e+00 6.948875e-07
5.650000e+00 6.534580e-07
5.660000e+00 6.217954e-07
5.670000e+00 5.928794e-07
5.680000e+00 5.603028e-07
5.690000e+00 5.233132e-07
5.700000e+00 4.917511e-07
5.710000e+00 4.632672e-07
5.720000e+00 4.290709e-07
5.730000e+00 4.039892e-07
5.740000e+00 3.875762e-07
5.750000e+00 3.799048e-07
5.760000e+00 3.808287e-07
5.770000e+00 3.863314e-07
5.780000e+00 3.970737e-07
5.790000e+00 4.083247e-07
5.800000e+00 4.206485e-07
5.810000e+00 4.311868e-07
5.820000e+00 4.338638e-07
5.830000e+00 4.276825e-07
5.840000e+00 4.176411e-07
5.850000e+00 4.021631e-07
5.860000e+00 3.728579e-07
5.870000e+00 3.365857e-07
5.880000e+00 3.052476e-07
5.890000e+00 2.790795e-07
5.900000e+00 2.581891e-07
5.910000e+00 2.457176e-07
5.920000e+00 2.309964e-07
5.930000e+00 2.080620e-07
5.940000e+00 1.864033e-07
5.950000e+00 1.777199e-07
5.960000e+00 1.805434e-07
5.970000e+00 1.856226e-07
5.980000e+00 1.903351e-07
5.990000e+00 1.944136e-07
6.000000e+00 2.014104e-07
6.010000e+00 2.141574e-07
6.020000e+00 2.293078e-07
6.030000e+00 2.351765e-07
6.040000e+00 2.270889e-07
6.050000e+00 2.135543e-07
6.060000e+00 1.998696e-07
6.070000e+00 1.998562e-07
6.080000e+00 2.125232e-07
6.090000e+00 2.184709e-07
6.100000e+00 2.145236e-07
6.110000e+00 2.139735e-07
6.120000e+00 2.128658e-07
6.130000e+00 2.076351e-07
6.140000e+00 2.036179e-07
6.150000e+00 2.057273e-07
6.160000e+00 2.128989e-07
6.170000e+00 2.132574e-07
6.180000e+00 2.084605e-07
6.190000e+00 2.051716e-07
6.200000e+00 2.050587e-07
6.210000e+00 2.013891e-07
6.220000e+00 1.916131e-07
6.230000e+00 1.823106e-07
6.240000e+00 1.823527e-07
6.250000e+00 1.877579e-07
6.260000e+00 1.930379e-07
6.270000e+00 2.000442e-07
6.280000e+00 2.100035e-07
6.290000e+00 2.137305e-07
6.300000e+00 2.033298e-07
6.310000e+00 1.920619e-07
6.320000e+00 1.894109e-07
6.330000e+00 1.919478e-07
6.340000e+00 2.009212e-07
6.350000e+00 2.032704e-07
6.360000e+00 1.994977e-07
6.370000e+00 1.986921e-07
6.380000e+00 1.996708e-07
6.390000e+00 2.022096e-07
6.400000e+00 1.970352e-07
6.410000e+00 1.872374e-07
6.420000e+00 1.782730e-07
6.430000e+00 1.702511e-07
6.440000e+00 1.754266e-07
6.450000e+00 1.841892e-07
6.460000e+00 1.855285e-07
6.470000e+00 1.849329e-07
6.480000e+00 1.846961e-07
6.490000e+00 1.870235e-07
6.500000e+00 1.894619e-07
6.510000e+00 1.929709e-07
6.520000e+00 1.984412e-07
6.530000e+00 2.061241e-07
6.540000e+00 2.143524e-07
6.550000e+00 2.226092e-07
6.560000e+00 2.296485e-07
6.570000e+00 2.377772e-07
6.580000e+00 2.424774e-07
6.590000e+00 2.382028e-07
6.600000e+00 2.302762e-07
6.610000e+00 2.141965e-07
6.620000e+00 1.953557e-07
6.630000e+00 1.752167e-07
6.640000e+00 1.532928e-07
6.650000e+00 1.384815e-07
6.660000e+00 1.391424e-07
6.670000e+00 1.483972e-07
6.680000e+00 1.583384e-07
6.690000e+00 1.711193e-07
6.700000e+00 1.790654e-07
6.710000e+00 1.879553e-07
6.720000e+00 2.058408e-07
6.730000e+00 2.160098e-07
6.740000e+00 2.125594e-07
6.750000e+00 2.114989e-07
6.760000e+00 2.181280e-07
6.770000e+00 2.227601e-07
6.780000e+00 2.225440e-07
6.790000e+00 2.236158e-07
6.800000e+00 2.311469e-07
6.810000e+00 2.373578e-07
6.820000e+00 2.311418e-07
6.830000e+00 2.206905e-07
6.840000e+00 2.147655e-07
6.850000e+00 2.024964e-07
6.860000e+00 1.848433e-07
6.870000e+00 1.775279e-07
6.880000e+00 1.805028e-07
6.890000e+00 1.856568e-07
6.900000e+00 1.859448e-07
6.910000e+00 1.724795e-07
6.920000e+00 1.582951e-07
6.930000e+00 1.603875e-07
6.940000e+00 1.674517e-07
6.950000e+00 1.663575e-07
6.960000e+00 1.629392e-07
6.970000e+00 1.672246e-07
6.980000e+00 1.747470e-07
6.990000e+00 1.793616e-07
7.000000e+00 1.849001e-07
7.010000e+00 1.909791e-07
7.020000e+00 1.959590e-07
7.030000e+00 2.077365e-07
7.040000e+00 2.172933e-07
7.050000e+00 2.208960e-07
7.060000e+00 2.200963e-07
7.070000e+00 2.167873e-07
7.080000e+00 2.188359e-07
7.090000e+00 2.215343e-07
7.100000e+00 2.240472e-07
7.110000e+00 2.266257e-07
7.120000e+00 2.239147e-07
7.130000e+00 2.190361e-07
7.140000e+00 2.136095e-07
7.150000e+00 2.001588e-07
7.160000e+00 1.860502e-07
7.170000e+00 1.845682e-07
7.180000e+00 1.841435e-07
7.190000e+00 1.842363e-07
7.200000e+00 1.929285e-07
7.210000e+00 2.018969e-07
7.220000e+00 2.044237e-07
7.230000e+00 2.020111e-07
7.240000e+00 1.938195e-07
7.250000e+00 1.885091e-07
7.260000e+00 1.934235e-07
7.270000e+00 1.946152e-07
7.280000e+00 1.903718e-07
7.290000e+00 1.789903e-07
7.300000e+00 1.642360e-07
7.310000e+00 1.572401e-07
7.320000e+00 1.541669e-07
7.330000e+00 1.511431e-07
7.340000e+00 1.498612e-07
7.350000e+00 1.629329e-07
7.360000e+00 1.847263e-07
7.370000e+00 1.976598e-07
7.380000e+00 2.008338e-07
7.390000e+00 2.003405e-07
7.400000e+00 2.051939e-07
7.410000e+00 2.158006e-07
7.420000e+00 2.219547e-07
7.430000e+00 2.285710e-07
7.440000e+00 2.314974e-07
7.450000e+00 2.283490e-07
7.460000e+00 2.236199e-07
7.470000e+00 2.254837e-07
7.480000e+00 2.349374e-07
7.490000e+00 2.364102e-07
7.500000e+00 2.312971e-07
7.510000e+00 2.182115e-07
7.520000e+00 2.005015e-07
7.530000e+00 1.840788e-07
7.540000e+00 1.705594e-07
7.550000e+00 1.617873e-07
7.560000e+00 1.544142e-07
7.570000e+00 1.507162e-07
7.580000e+00 1.595184e-07
7.590000e+00 1.731509e-07
7.600000e+00 1.814279e-07
7.610000e+00 1.841199e-07
7.620000e+00 1.874590e-07
7.630000e+00 1.913093e-07
7.640000e+00 1.867084e-07
7.650000e+00 1.783310e-07
7.660000e+00 1.717158e-07
7.670000e+00 1.696948e-07
7.680000e+00 1.752995e-07
7.690000e+00 1.860157e-07
7.700000e+00 1.961938e-07
7.710000e+00 2.031482e-07
7.720000e+00 2.138277e-07
7.730000e+00 2.146275e-07
7.740000e+00 2.015601e-07
7.750000e+00 1.918190e-07
7.760000e+00 1.818176e-07
7.770000e+00 1.777165e-07
7.780000e+00 1.835121e-07
7.790000e+00 1.897405e-07
7.800000e+00 1.944691e-07
7.810000e+00 2.002828e-07
7.820000e+00 2.034458e-07
7.830000e+00 1.985382e-07
7.840000e+00 1.895798e-07
7.850000e+00 1.839628e-07
7.860000e+00 1.852932e-07
7.870000e+00 1.885694e-07
7.880000e+00 1.938622e-07
7.890000e+00 2.002453e-07
7.900000e+00 2.023170e-07
7.910000e+00 2.044613e-07
7.920000e+00 2.078324e-07
7.930000e+00 2.085048e-07
7.940000e+00 2.048972e-07
7.950000e+00 1.928781e-07
7.960000e+00 1.737933e-07
7.970000e+00 1.591479e-07
7.980000e+00 1.515694e-07
7.990000e+00 1.482816e-07
8.000000e+00 1.530463e-07
8.010000e+00 1.587644e-07
8.020000e+00 1.666114e-07
8.030000e+00 1.800482e-07
8.040000e+00 1.901472e-07
8.050000e+00 1.975244e-07
8.060000e+00 2.081014e-07
8.070000e+00 2.129999e-07
8.080000e+00 2.057949e-07
8.090000e+00 1.963826e-07
8.100000e+00 1.937766e-07
8.110000e+00 1.991882e-07
8.120000e+00 2.019902e-07
8.130000e+00 1.979198e-07
8.140000e+00 1.957905e-07
8.150000e+00 1.990746e-07
8.160000e+00 1.965544e-07
8.170000e+00 1.876619e-07
8.180000e+00 1.818757e-07
8.190000e+00 1.761256e-07
8.200000e+00 1.724093e-07
8.210000e+00 1.710405e-07
8.220000e+00 1.667946e-07
8.230000e+00 1.609665e-07
8.240000e+00 1.550063e-07
8.250000e+00 1.548647e-07
8.260000e+00 1.533441e-07
8.270000e+00 1.447116e-07
8.280000e+00 1.478104e-07
8.290000e+00 1.647135e-07
8.300000e+00 1.867211e-07
8.310000e+00 2.129571e-07
8.320000e+00 2.365943e-07
8.330000e+00 2.481695e-07
8.340000e+00 2.444601e-07
8.350000e+00 2.283113e-07
8.360000e+00 2.113247e-07
8.370000e+00 2.003432e-07
8.380000e+00 1.908413e-07
8.390000e+00 1.764762e-07
8.400000e+00 1.648432e-07
8.410000e+00 1.644532e-07
8.420000e+00 1.701915e-07
8.430000e+00 1.722249e-07
8.440000e+00 1.718126e-07
8.450000e+00 1.714417e-07
8.460000e+00 1.717506e-07
8.470000e+00 1.767409e-07
8.480000e+00 1.764870e-07
8.490000e+00 1.707247e-07
8.500000e+00 1.675413e-07
8.510000e+00 1.657089e-07
8.520000e+00 1.656953e-07
8.530000e+00 1.651870e-07
8.540000e+00 1.666195e-07
8.550000e+00 1.679308e-07
8.560000e+00 1.733595e-07
8.570000e+00 1.848201e-07
8.580000e+00 1.916579e-07
8.590000e+00 1.977534e-07
8.600000e+00 1.993981e-07
8.610000e+00 1.953257e-07
8.620000e+00 1.900835e-07
8.630000e+00 1.806497e-07
8.640000e+00 1.704988e-07
8.650000e+00 1.638344e-07
8.660000e+00 1.595785e-07
8.670000e+00 1.569491e-07
8.680000e+00 1.597780e-07
8.690000e+00 1.723496e-07
8.700000e+00 1.888689e-07
8.710000e+00 1.969162e-07
8.720000e+00 1.975711e-07
8.730000e+00 2.024053e-07
8.740000e+00 2.084211e-07
8.750000e+00 2.049008e-07
8.760000e+00 1.977487e-07
8.770000e+00 2.002621e-07
8.780000e+00 2.012202e-07
8.790000e+00 1.959342e-07
8.800000e+00 1.899803e-07
8.810000e+00 1.799976e-07
8.820000e+00 1.645758e-07
8.830000e+00 1.492863e-07
8.840000e+00 1.363843e-07
8.850000e+00 1.220746e-07
8.860000e+00 1.123643e-07
8.870000e+00 1.126458e-07
8.880000e+00 1.177155e-07
8.890000e+00 1.261772e-07
8.900000e+00 1.418016e-07
8.910000e+00 1.578749e-07
8.920000e+00 1.720478e-07
8.930000e+00 1.849006e-07
8.940000e+00 1.967323e-07
8.950000e+00 2.095761e-07
8.960000e+00 2.166197e-07
8.970000e+00 2.148874e-07
8.980000e+00 2.108799e-07
8.990000e+00 2.144293e-07
9.000000e+00 2.171133e-07
9.010000e+00 2.073665e-07
9.020000e+00 1.867610e-07
9.030000e+00 1.626213e-07
9.040000e+00 1.502833e-07
9.050000e+00 1.489024e-07
9.060000e+00 1.508882e-07
9.070000e+00 1.570070e-07
9.080000e+00 1.583418e-07
9.090000e+00 1.542732e-07
9.100000e+00 1.484859e-07
9.110000e+00 1.399167e-07
9.120000e+00 1.428054e-07
9.130000e+00 1.586965e-07
9.140000e+00 1.709073e-07
9.150000e+00 1.780289e-07
9.160000e+00 1.854918e-07
9.170000e+00 1.919517e-07
9.180000e+00 1.884308e-07
9.190000e+00 1.760559e-07
9.200000e+00 1.684131e-07
9.210000e+00 1.653602e-07
9.220000e+00 1.599779e-07
9.230000e+00 1.553359e-07
9.240000e+00 1.488654e-07
9.250000e+00 1.417605e-07
9.260000e+00 1.441293e-07
9.270000e+00 1.532157e-07
9.280000e+00 1.635893e-07
9.290000e+00 1.741292e-07
9.300000e+00 1.777194e-07
9.310000e+00 1.731214e-07
9.320000e+00 1.700519e-07
9.330000e+00 1.676696e-07
9.340000e+00 1.663643e-07
9.350000e+00 1.702358e-07
9.360000e+00 1.679546e-07
9.370000e+00 1.629666e-07
9.380000e+00 1.623772e-07
9.390000e+00 1.600231e-07
9.400000e+00 1.549761e-07
9.410000e+00 1.599182e-07
9.420000e+00 1.751721e-07
9.430000e+00 1.837782e-07
9.440000e+00 1.789741e-07
9.450000e+00 1.624378e-07
9.460000e+00 1.486113e-07
9.470000e+00 1.438497e-07
9.480000e+00 1.448295e-07
9.490000e+00 1.487802e-07
9.500000e+00 1.515496e-07
9.510000e+00 1.557967e-07
9.520000e+00 1.634063e-07
9.530000e+00 1.705832e-07
9.540000e+00 1.736918e-07
9.550000e+00 1.760048e-07
9.560000e+00 1.755684e-07
9.570000e+00 1.729396e-07
9.580000e+00 1.714407e-07
9.590000e+00 1.699778e-07
9.600000e+00 1.600600e-07
9.610000e+00 1.464817e-07
9.620000e+00 1.370503e-07
9.630000e+00 1.258735e-07
9.640000e+00 1.147567e-07
9.650000e+00 1.187866e-07
9.660000e+00 1.425784e-07
9.670000e+00 1.672569e-07
9.680000e+00 1.744693e-07
9.690000e+00 1.676367e-07
9.700000e+00 1.657370e-07
9.710000e+00 1.675367e-07
9.720000e+00 1.672660e-07
9.730000e+00 1.651863e-07
9.740000e+00 1.556944e-07
9.750000e+00 1.406405e-07
9.760000e+00 1.310494e-07
9.770000e+00 1.320562e-07
9.780000e+00 1.343700e-07
9.790000e+00 1.433597e-07
9.800000e+00 1.622402e-07
9.810000e+00 1.843905e-07
9.820000e+00 2.054116e-07
9.830000e+00 2.134574e-07
9.840000e+00 2.040507e-07
9.850000e+00 1.858735e-07
9.860000e+00 1.669658e-07
9.870000e+00 1.492190e-07
9.880000e+00 1.361182e-07
9.890000e+00 1.307872e-07
9.900000e+00 1.249041e-07
9.910000e+00 1.139079e-07
9.920000e+00 1.113786e-07
9.930000e+00 1.197890e-07
9.940000e+00 1.323215e-07
9.950000e+00 1.425429e-07
9.960000e+00 1.548464e-07
9.970000e+00 1.701181e-07
9.980000e+00 1.716838e-07
9.990000e+00 1.613449e-07
1.000000e+01 1.510769e-07
1.001000e+01 1.401680e-07
1.002000e+01 1.289149e-07
1.003000e+01 1.253240e-07
1.004000e+01 1.277926e-07
1.005000e+01 1.382224e-07
1.006000e+01 1.499901e-07
1.007000e+01 1.516366e-07
1.008000e+01 1.517897e-07
1.009000e+01 1.475645e-07
1.010000e+01 1.420267e-07
1.011000e+01 1.442883e-07
1.012000e+01 1.506012e-07
1.013000e+01 1.557990e-07
1.014000e+01 1.580810e-07
1.015000e+01 1.629651e-07
1.016000e+01 1.692819e-07
1.017000e+01 1.691557e-07
1.018000e+01 1.633266e-07
1.019000e+01 1.557735e-07
1.020000e+01 1.435775e-07
1.021000e+01 1.314806e-07
1.022000e+01 1.241546e-07
1.023000e+01 1.156937e-07
1.024000e+01 1.089478e-07
1.025000e+01 1.102653e-07
1.026000e+01 1.189169e-07
1.027000e+01 1.292461e-07
1.028000e+01 1.399366e-07
1.029000e+01 1.499177e-07
1.030000e+01 1.556798e-07
1.031000e+01 1.541039e-07
1.032000e+01 1.491147e-07
1.033000e+01 1.520111e-07
1.034000e+01 1.612902e-07
1.035000e+01 1.667552e-07
1.036000e+01 1.683041e-07
1.037000e+01 1.644914e-07
1.038000e+01 1.521198e-07
1.039000e+01 1.379264e-07
1.040000e+01 1.281621e-07
1.041000e+01 1.244413e-07
1.042000e+01 1.221901e-07
1.043000e+01 1.192302e-07
1.044000e+01 1.188055e-07
1.045000e+01 1.193874e-07
1.046000e+01 1.216640e-07
1.047000e+01 1.221018e-07
1.048000e+01 1.190146e-07
1.049000e+01 1.206843e-07
1.050000e+01 1.299732e-07
1.051000e+01 1.407005e-07
1.052000e+01 1.492447e-07
1.053000e+01 1.509686e-07
1.054000e+01 1.457178e-07
1.055000e+01 1.389188e-07
1.056000e+01 1.348759e-07
1.057000e+01 1.339436e-07
1.058000e+01 1.336100e-07
1.059000e+01 1.333066e-07
1.060000e+01 1.274731e-07
1.061000e+01 1.213818e-07
1.062000e+01 1.240990e-07
1.063000e+01 1.308481e-07
1.064000e+01 1.355703e-07
1.065000e+01 1.368595e-07
1.066000e+01 1.338895e-07
1.067000e+01 1.297806e-07
1.068000e+01 1.311836e-07
1.069000e+01 1.381635e-07
1.070000e+01 1.482835e-07
1.071000e+01 1.540219e-07
1.072000e+01 1.502093e-07
1.073000e+01 1.417730e-07
1.074000e+01 1.304086e-07
1.075000e+01 1.164456e-07
1.076000e+01 1.049953e-07
1.077000e+01 1.028080e-07
1.078000e+01 1.070514e-07
1.079000e+01 1.122867e-07
1.080000e+01 1.251127e-07
1.081000e+01 1.413394e-07
1.082000e+01 1.458105e-07
1.083000e+01 1.419574e-07
1.084000e+01 1.357054e-07
1.085000e+01 1.239275e-07
1.086000e+01 1.186722e-07
1.087000e+01 1.279655e-07
1.088000e+01 1.370007e-07
1.089000e+01 1.300204e-07
1.090000e+01 1.136988e-07
1.091000e+01 1.026785e-07
1.092000e+01 9.916110e-08
1.093000e+01 9.991369e-08
1.094000e+01 1.048288e-07
1.095000e+01 1.129955e-07
1.096000e+01 1.213315e-07
1.097000e+01 1.247055e-07
1.098000e+01 1.234377e-07
1.099000e+01 1.243415e-07
1.100000e+01 1.278905e-07
1.101000e+01 1.343338e-07
1.102000e+01 1.432625e-07
1.103000e+01 1.461922e-07
1.104000e+01 1.423973e-07
1.105000e+01 1.330902e-07
1.106000e+01 1.194794e-07
1.107000e+01 1.121864e-07
1.108000e+01 1.151710e-07
1.109000e+01 1.219320e-07
1.110000e+01 1.234026e-07
1.111000e+01 1.199239e-07
1.112000e+01 1.179678e-07
1.113000e+01 1.160538e-07
1.114000e+01 1.181364e-07
1.115000e+01 1.252455e-07
1.116000e+01 1.271287e-07
1.117000e+01 1.237175e-07
1.118000e+01 1.201778e-07
1.119000e+01 1.186082e-07
1.120000e+01 1.212495e-07
1.121000e+01 1.233838e-07
1.122000e+01 1.175324e-07
1.123000e+01 1.115308e-07
1.124000e+01 1.120593e-07
1.125000e+01 1.131512e-07
1.126000e+01 1.117726e-07
1.127000e+01 1.067438e-07
1.128000e+01 1.027504e-07
1.129000e+01 1.067268e-07
1.130000e+01 1.183714e-07
1.131000e+01 1.304044e-07
1.132000e+01 1.288183e-07
1.133000e+01 1.118045e-07
1.134000e+01 9.325319e-08
1.135000e+01 8.035921e-08
1.136000e+01 7.111804e-08
1.137000e+01 6.843776e-08
1.138000e+01 7.466280e-08
1.139000e+01 8.441404e-08
1.140000e+01 9.743891e-08
1.141000e+01 1.108244e-07
1.142000e+01 1.215858e-07
1.143000e+01 1.342511e-07
1.144000e+01 1.446070e-07
1.145000e+01 1.480162e-07
1.146000e+01 1.506412e-07
1.147000e+01 1.526125e-07
1.148000e+01 1.514948e-07
1.149000e+01 1.509723e-07
1.150000e+01 1.546669e-07
1.151000e+01 1.614662e-07
1.152000e+01 1.619018e-07
1.153000e+01 1.548304e-07
1.154000e+01 1.455296e-07
1.155000e+01 1.326605e-07
1.156000e+01 1.171409e-07
1.157000e+01 9.952829e-08
1.158000e+01 7.939923e-08
1.159000e+01 6.227612e-08
1.160000e+01 5.707071e-08
1.161000e+01 6.011771e-08
1.162000e+01 6.344686e-08
1.163000e+01 6.393388e-08
1.164000e+01 6.617351e-08
1.165000e+01 7.660658e-08
1.166000e+01 9.311730e-08
1.167000e+01 1.078934e-07
1.168000e+01 1.160331e-07
1.169000e+01 1.176083e-07
1.170000e+01 1.215320e-07
1.171000e+01 1.302679e-07
1.172000e+01 1.326167e-07
1.173000e+01 1.261335e-07
1.174000e+01 1.184557e-07
1.175000e+01 1.060938e-07
1.176000e+01 8.923758e-08
1.177000e+01 7.971599e-08
1.178000e+01 8.091894e-08
1.179000e+01 8.618913e-08
1.180000e+01 8.743642e-08
1.181000e+01 8.945888e-08
1.182000e+01 9.840712e-08
1.183000e+01 1.069517e-07
1.184000e+01 1.140940e-07
1.185000e+01 1.237594e-07
1.186000e+01 1.312088e-07
1.187000e+01 1.360202e-07
1.188000e+01 1.440584e-07
1.189000e+01 1.481643e-07
1.190000e+01 1.475843e-07
1.191000e+01 1.513958e-07
1.192000e+01 1.502134e-07
1.193000e+01 1.398937e-07
1.194000e+01 1.257960e-07
1.195000e+01 1.072767e-07
1.196000e+01 8.957887e-08
1.197000e+01 7.714851e-08
1.198000e+01 6.679625e-08
1.199000e+01 6.041594e-08
1.200000e+01 5.772167e-08
1.201000e+01 6.044469e-08
1.202000e+01 6.937806e-08
1.203000e+01 7.858568e-08
1.204000e+01 8.436890e-08
1.205000e+01 7.801562e-08
1.206000e+01 6.252855e-08
1.207000e+01 5.524269e-08
1.208000e+01 6.177929e-08
1.209000e+01 7.688727e-08
1.210000e+01 8.997512e-08
1.211000e+01 9.955051e-08
1.212000e+01 1.116256e-07
1.213000e+01 1.221166e-07
1.214000e+01 1.281398e-07
1.215000e+01 1.322654e-07
1.216000e+01 1.336511e-07
1.217000e+01 1.310539e-07
1.218000e+01 1.250482e-07
1.219000e+01 1.224083e-07
1.220000e+01 1.230536e-07
1.221000e+01 1.206033e-07
1.222000e+01 1.107434e-07
1.223000e+01 9.328971e-08
1.224000e+01 7.567478e-08
1.225000e+01 6.282621e-08
1.226000e+01 5.969300e-08
1.227000e+01 6.822647e-08
1.228000e+01 8.225367e-08
1.229000e+01 9.386239e-08
1.230000e+01 1.002051e-07
1.231000e+01 1.016152e-07
1.232000e+01 1.017776e-07
1.233000e+01 1.055361e-07
1.234000e+01 1.055296e-07
1.235000e+01 9.860035e-08
1.236000e+01 9.527895e-08
1.237000e+01 9.513600e-08
1.238000e+01 9.384835e-08
1.239000e+01 9.604416e-08
1.240000e+01 9.939707e-08
1.241000e+01 1.043373e-07
1.242000e+01 1.121692e-07
1.243000e+01 1.218678e-07
1.244000e+01 1.296029e-07
1.245000e+01 1.284467e-07
1.246000e+01 1.165586e-07
1.247000e+01 9.883796e-08
1.248000e+01 8.441987e-08
1.249000e+01 8.036285e-08
1.250000e+01 8.364198e-08
1.251000e+01 8.662087e-08
1.252000e+01 9.017064e-08
1.253000e+01 9.118587e-08
1.254000e+01 8.484307e-08
1.255000e+01 7.866300e-08
1.256000e+01 7.362604e-08
1.257000e+01 6.785858e-08
1.258000e+01 6.399328e-08
1.259000e+01 6.671011e-08
1.260000e+01 7.684248e-08
1.261000e+01 8.480812e-08
1.262000e+01 8.843914e-08
1.263000e+01 9.265076e-08
1.264000e+01 9.582699e-08
1.265000e+01 9.560385e-08
1.266000e+01 9.004641e-08
1.267000e+01 7.960233e-08
1.268000e+01 7.074305e-08
1.269000e+01 6.751488e-08
1.270000e+01 7.409830e-08
1.271000e+01 8.984706e-08
1.272000e+01 1.036404e-07
1.273000e+01 1.056622e-07
1.274000e+01 1.004314e-07
1.275000e+01 9.240763e-08
1.276000e+01 8.671624e-08
1.277000e+01 9.266063e-08
1.278000e+01 1.042982e-07
1.279000e+01 1.159979e-07
1.280000e+01 1.229583e-07
1.281000e+01 1.239346e-07
1.282000e+01 1.231695e-07
1.283000e+01 1.189790e-07
1.284000e+01 1.068362e-07
1.285000e+01 8.839970e-08
1.286000e+01 7.418516e-08
1.287000e+01 7.052520e-08
1.288000e+01 7.370298e-08
1.289000e+01 7.947855e-08
1.290000e+01 8.476032e-08
1.291000e+01 8.642534e-08
1.292000e+01 8.989667e-08
1.293000e+01 9.728779e-08
1.294000e+01 1.039989e-07
1.295000e+01 1.060585e-07
1.296000e+01 1.016904e-07
1.297000e+01 9.659818e-08
1.298000e+01 8.919678e-08
1.299000e+01 7.454588e-08
1.300000e+01 5.920806e-08
1.301000e+01 4.416275e-08
1.302000e+01 3.486509e-08
1.303000e+01 3.895245e-08
1.304000e+01 4.207958e-08
1.305000e+01 3.464097e-08
1.306000e+01 2.740816e-08
1.307000e+01 2.944370e-08
1.308000e+01 3.424710e-08
1.309000e+01 4.489498e-08
1.310000e+01 6.324741e-08
1.311000e+01 8.002388e-08
1.312000e+01 9.874344e-08
1.313000e+01 1.211910e-07
1.314000e+01 1.375560e-07
1.315000e+01 1.427073e-07
1.316000e+01 1.407678e-07
1.317000e+01 1.375093e-07
1.318000e+01 1.345607e-07
1.319000e+01 1.306036e-07
1.320000e+01 1.225265e-07
1.321000e+01 1.143487e-07
1.322000e+01 1.109100e-07
1.323000e+01 1.120059e-07
1.324000e+01 1.069484e-07
1.325000e+01 9.687501e-08
1.326000e+01 9.258683e-08
1.327000e+01 9.094888e-08
1.328000e+01 9.029052e-08
1.329000e+01 8.655525e-08
1.330000e+01 7.883637e-08
1.331000e+01 7.138187e-08
1.332000e+01 5.820296e-08
1.333000e+01 4.630688e-08
1.334000e+01 5.040564e-08
1.335000e+01 5.966334e-08
1.336000e+01 6.386255e-08
1.337000e+01 6.410658e-08
1.338000e+01 6.265043e-08
1.339000e+01 6.230130e-08
1.340000e+01 6.473680e-08
1.341000e+01 6.863428e-08
1.342000e+01 7.237836e-08
1.343000e+01 7.903261e-08
1.344000e+01 9.195971e-08
1.345000e+01 1.042007e-07
1.346000e+01 1.118898e-07
1.347000e+01 1.145474e-07
1.348000e+01 1.157034e-07
1.349000e+01 1.160038e-07
1.350000e+01 1.126511e-07
1.351000e+01 1.071802e-07
1.352000e+01 1.030550e-07
1.353000e+01 1.021793e-07
1.354000e+01 9.715515e-08
1.355000e+01 8.562195e-08
1.356000e+01 7.490506e-08
1.357000e+01 6.283793e-08
1.358000e+01 4.756482e-08
1.359000e+01 4.172665e-08
1.360000e+01 5.143230e-08
1.361000e+01 6.011826e-08
1.362000e+01 6.413977e-08
1.363000e+01 6.585224e-08
1.364000e+01 6.343282e-08
1.365000e+01 5.704931e-08
1.366000e+01 5.207693e-08
1.367000e+01 5.138424e-08
1.368000e+01 5.459669e-08
1.369000e+01 6.261416e-08
1.370000e+01 7.133966e-08
1.371000e+01 7.972268e-08
1.372000e+01 8.906437e-08
1.373000e+01 9.894730e-08
1.374000e+01 1.088699e-07
1.375000e+01 1.169389e-07
1.376000e+01 1.184520e-07
1.377000e+01 1.169932e-07
1.378000e+01 1.158903e-07
1.379000e+01 1.107110e-07
1.380000e+01 1.008164e-07
1.381000e+01 8.680421e-08
1.382000e+01 7.266994e-08
1.383000e+01 6.440376e-08
1.384000e+01 5.989064e-08
1.385000e+01 5.541512e-08
1.386000e+01 5.083818e-08
1.387000e+01 4.790116e-08
1.388000e+01 5.073915e-08
1.389000e+01 5.744524e-08
1.390000e+01 6.030147e-08
1.391000e+01 6.220441e-08
1.392000e+01 6.556275e-08
1.393000e+01 6.535770e-08
1.394000e+01 6.504003e-08
1.395000e+01 6.781478e-08
1.396000e+01 7.182875e-08
1.397000e+01 7.443844e-08
1.398000e+01 7.466664e-08
1.399000e+01 7.596515e-08
1.400000e+01 8.121778e-08
1.401000e+01 8.577148e-08
1.402000e+01 8.306580e-08
1.403000e+01 7.567044e-08
1.404000e+01 7.331705e-08
1.405000e+01 7.500177e-08
1.406000e+01 7.070972e-08
1.407000e+01 5.999977e-08
1.408000e+01 4.920051e-08
1.409000e+01 4.523604e-08
1.410000e+01 5.098426e-08
1.411000e+01 5.875789e-08
1.412000e+01 6.481477e-08
1.413000e+01 6.911434e-08
1.414000e+01 7.000977e-08
1.415000e+01 7.013148e-08
1.416000e+01 6.909752e-08
1.417000e+01 6.782097e-08
1.418000e+01 6.991078e-08
1.419000e+01 7.452758e-08
1.420000e+01 8.431265e-08
1.421000e+01 9.531063e-08
1.422000e+01 1.004777e-07
1.423000e+01 1.028931e-07
1.424000e+01 1.056413e-07
1.425000e+01 1.034319e-07
1.426000e+01 9.396376e-08
1.427000e+01 8.944885e-08
1.428000e+01 9.255812e-08
1.429000e+01 9.226136e-08
1.430000e+01 8.346609e-08
1.431000e+01 7.248003e-08
1.432000e+01 6.729142e-08
1.433000e+01 6.078775e-08
1.434000e+01 5.047298e-08
1.435000e+01 4.691027e-08
1.436000e+01 4.501568e-08
1.437000e+01 4.210366e-08
1.438000e+01 4.186068e-08
1.439000e+01 4.516216e-08
1.440000e+01 5.025874e-08
1.441000e+01 4.959632e-08
1.442000e+01 4.890913e-08
1.443000e+01 5.313134e-08
1.444000e+01 5.670911e-08
1.445000e+01 5.834392e-08
1.446000e+01 6.152912e-08
1.447000e+01 6.766830e-08
1.448000e+01 7.304680e-08
1.449000e+01 7.541715e-08
1.450000e+01 7.887747e-08
1.451000e+01 8.293158e-08
1.452000e+01 8.457527e-08
1.453000e+01 8.621530e-08
1.454000e+01 8.836306e-08
1.455000e+01 8.929355e-08
1.456000e+01 8.687073e-08
1.457000e+01 7.767765e-08
1.458000e+01 6.675902e-08
1.459000e+01 6.122986e-08
1.460000e+01 5.616413e-08
1.461000e+01 4.997115e-08
1.462000e+01 4.643755e-08
1.463000e+01 4.201385e-08
1.464000e+01 4.030825e-08
1.465000e+01 4.598907e-08
1.466000e+01 5.538282e-08
1.467000e+01 6.313836e-08
1.468000e+01 6.661623e-08
1.469000e+01 7.099394e-08
1.470000e+01 7.423923e-08
1.471000e+01 7.363051e-08
1.472000e+01 7.425923e-08
1.473000e+01 7.770082e-08
1.474000e+01 7.949435e-08
1.475000e+01 7.757905e-08
1.476000e+01 7.211055e-08
1.477000e+01 6.183604e-08
1.478000e+01 5.217890e-08
1.479000e+01 5.259219e-08
1.480000e+01 5.844162e-08
1.481000e+01 6.114410e-08
1.482000e+01 6.103248e-08
1.483000e+01 5.750169e-08
1.484000e+01 5.221001e-08
1.485000e+01 5.112929e-08
1.486000e+01 5.516989e-08
1.487000e+01 6.267878e-08
1.488000e+01 7.496422e-08
1.489000e+01 8.698296e-08
1.490000e+01 8.770878e-08
1.491000e+01 8.121402e-08
1.492000e+01 7.663488e-08
1.493000e+01 7.328268e-08
1.494000e+01 7.453781e-08
1.495000e+01 7.592707e-08
1.496000e+01 7.664816e-08
1.497000e+01 7.843622e-08
1.498000e+01 7.597461e-08
1.499000e+01 7.616233e-08
1.500000e+01 7.938501e-08
1.501000e+01 7.310123e-08
1.502000e+01 6.197724e-08
1.503000e+01 5.401811e-08
1.504000e+01 4.662163e-08
1.505000e+01 3.643395e-08
1.506000e+01 2.739056e-08
1.507000e+01 2.191454e-08
1.508000e+01 2.007883e-08
1.509000e+01 2.420553e-08
1.510000e+01 3.145282e-08
1.511000e+01 3.663778e-08
1.512000e+01 4.198193e-08
1.513000e+01 5.332538e-08
1.514000e+01 6.764980e-08
1.515000e+01 7.676788e-08
1.516000e+01 8.223390e-08
1.517000e+01 8.774917e-08
1.518000e+01 9.410404e-08
1.519000e+01 1.004359e-07
1.520000e+01 9.910459e-08
1.521000e+01 8.939434e-08
1.522000e+01 7.656614e-08
1.523000e+01 6.825337e-08
1.524000e+01 6.957764e-08
1.525000e+01 6.980091e-08
1.526000e+01 6.716550e-08
1.527000e+01 6.198739e-08
1.528000e+01 5.551014e-08
1.529000e+01 5.407928e-08
1.530000e+01 5.527957e-08
1.531000e+01 5.716498e-08
1.532000e+01 5.500221e-08
1.533000e+01 4.686349e-08
1.534000e+01 3.717921e-08
1.535000e+01 3.301412e-08
1.536000e+01 3.749470e-08
1.537000e+01 4.173905e-08
1.538000e+01 4.119934e-08
1.539000e+01 4.143357e-08
1.540000e+01 4.500609e-08
1.541000e+01 4.854692e-08
1.542000e+01 5.435570e-08
1.543000e+01 5.974035e-08
1.544000e+01 6.427429e-08
1.545000e+01 6.810159e-08
1.546000e+01 6.732600e-08
1.547000e+01 6.595818e-08
1.548000e+01 6.814156e-08
1.549000e+01 7.183948e-08
1.550000e+01 7.345870e-08
1.551000e+01 7.595625e-08
1.552000e+01 8.264919e-08
1.553000e+01 8.528893e-08
1.554000e+01 7.975001e-08
1.555000e+01 7.148988e-08
1.556000e+01 6.430761e-08
1.557000e+01 6.127964e-08
1.558000e+01 6.233885e-08
1.559000e+01 6.581620e-08
1.560000e+01 7.003620e-08
1.561000e+01 7.373102e-08
1.562000e+01 7.395665e-08
1.563000e+01 6.946588e-08
1.564000e+01 6.171273e-08
1.565000e+01 5.331862e-08
1.566000e+01 5.194726e-08
1.567000e+01 5.550280e-08
1.568000e+01 5.459537e-08
1.569000e+01 4.910715e-08
1.570000e+01 4.114810e-08
1.571000e+01 3.709205e-08
1.572000e+01 4.001747e-08
1.573000e+01 4.708944e-08
1.574000e+01 5.238804e-08
1.575000e+01 5.255852e-08
1.576000e+01 5.258105e-08
1.577000e+01 5.464437e-08
1.578000e+01 5.318143e-08
1.579000e+01 5.466775e-08
1.580000e+01 6.128837e-08
1.581000e+01 6.637757e-08
1.582000e+01 6.811292e-08
1.583000e+01 6.941137e-08
1.584000e+01 7.643242e-08
1.585000e+01 8.254457e-08
1.586000e+01 7.769068e-08
1.587000e+01 7.091626e-08
1.588000e+01 6.771459e-08
1.589000e+01 6.624571e-08
1.590000e+01 6.565209e-08
1.591000e+01 6.236741e-08
1.592000e+01 5.743084e-08
1.593000e+01 5.857632e-08
1.594000e+01 6.498583e-08
1.595000e+01 6.369384e-08
1.596000e+01 5.468281e-08
1.597000e+01 4.924633e-08
1.598000e+01 4.049550e-08
1.599000e+01 2.749952e-08
1.600000e+01 2.239129e-08
1.601000e+01 3.002042e-08
1.602000e+01 4.109718e-08
1.603000e+01 5.019223e-08
1.604000e+01 5.401523e-08
1.605000e+01 5.497295e-08
1.606000e+01 5.870722e-08
1.607000e+01 6.246048e-08
1.608000e+01 5.870926e-08
1.609000e+01 5.135469e-08
1.610000e+01 4.748284e-08
1.611000e+01 4.549094e-08
1.612000e+01 4.584213e-08
1.613000e+01 5.243137e-08
1.614000e+01 6.299760e-08
1.615000e+01 6.917227e-08
1.616000e+01 7.307228e-08
1.617000e+01 8.060092e-08
1.618000e+01 8.778089e-08
1.619000e+01 8.890138e-08
1.620000e+01 8.609183e-08
1.621000e+01 8.523308e-08
1.622000e+01 8.684469e-08
1.623000e+01 8.501633e-08
1.624000e+01 8.044386e-08
1.625000e+01 7.761784e-08
1.626000e+01 7.368533e-08
1.627000e+01 6.785974e-08
1.628000e+01 6.233851e-08
1.629000e+01 5.472811e-08
1.630000e+01 4.606034e-08
1.631000e+01 3.755619e-08
1.632000e+01 3.098349e-08
1.633000e+01 3.065888e-08
1.634000e+01 3.079213e-08
1.635000e+01 2.558152e-08
1.636000e+01 2.434446e-08
1.637000e+01 3.082589e-08
1.638000e+01 3.919348e-08
1.639000e+01 4.923736e-08
1.640000e+01 5.950623e-08
1.641000e+01 6.838818e-08
1.642000e+01 7.485716e-08
1.643000e+01 7.585465e-08
1.644000e+01 7.164103e-08
1.645000e+01 6.562516e-08
1.646000e+01 5.810683e-08
1.647000e+01 5.582348e-08
1.648000e+01 5.798907e-08
1.649000e+01 5.514308e-08
1.650000e+01 4.745819e-08
1.651000e+01 4.036423e-08
1.652000e+01 3.208822e-08
1.653000e+01 2.358546e-08
1.654000e+01 2.029586e-08
1.655000e+01 2.587184e-08
1.656000e+01 3.696170e-08
1.657000e+01 5.199526e-08
1.658000e+01 6.440551e-08
1.659000e+01 6.919496e-08
1.660000e+01 6.998859e-08
1.661000e+01 6.328967e-08
1.662000e+01 5.315985e-08
1.663000e+01 4.698677e-08
1.664000e+01 4.355094e-08
1.665000e+01 4.009307e-08
1.666000e+01 3.780641e-08
1.667000e+01 4.411652e-08
1.668000e+01 5.482041e-08
1.669000e+01 6.298947e-08
1.670000e+01 7.005094e-08
1.671000e+01 7.368968e-08
1.672000e+01 7.186792e-08
1.673000e+01 6.846027e-08
1.674000e+01 6.665166e-08
1.675000e+01 6.573964e-08
1.676000e+01 6.956001e-08
1.677000e+01 7.753732e-08
1.678000e+01 8.082525e-08
1.679000e+01 7.785568e-08
1.680000e+01 7.015710e-08
1.681000e+01 5.667083e-08
1.682000e+01 4.159335e-08
1.683000e+01 3.712728e-08
1.684000e+01 3.762957e-08
1.685000e+01 3.314828e-08
1.686000e+01 2.980963e-08
1.687000e+01 2.957008e-08
1.688000e+01 2.939506e-08
1.689000e+01 2.690407e-08
1.690000e+01 2.707241e-08
1.691000e+01 3.627985e-08
1.692000e+01 5.057467e-08
1.693000e+01 6.327569e-08
1.694000e+01 7.367725e-08
1.695000e+01 8.644490e-08
1.696000e+01 9.675080e-08
1.697000e+01 9.803630e-08
1.698000e+01 9.310142e-08
1.699000e+01 8.562104e-08
1.700000e+01 7.979793e-08
1.701000e+01 7.885956e-08
1.702000e+01 7.761770e-08
1.703000e+01 7.083277e-08
1.704000e+01 5.975710e-08
1.705000e+01 4.719334e-08
1.706000e+01 4.038548e-08
1.707000e+01 4.196382e-08
1.708000e+01 4.551490e-08
1.709000e+01 4.803499e-08
1.710000e+01 4.639615e-08
1.711000e+01 4.201160e-08
1.712000e+01 3.841401e-08
1.713000e+01 3.607681e-08
1.714000e+01 3.451400e-08
1.715000e+01 3.564840e-08
1.716000e+01 4.061745e-08
1.717000e+01 4.223043e-08
1.718000e+01 4.333524e-08
1.719000e+01 4.692321e-08
1.720000e+01 4.705806e-08
1.721000e+01 4.425022e-08
1.722000e+01 4.408092e-08
1.723000e+01 4.721042e-08
1.724000e+01 4.930405e-08
1.725000e+01 4.736100e-08
1.726000e+01 4.089088e-08
1.727000e+01 3.364174e-08
1.728000e+01 3.511923e-08
1.729000e+01 4.161398e-08
1.730000e+01 4.494391e-08
1.731000e+01 4.817405e-08
1.732000e+01 5.402358e-08
1.733000e+01 5.658363e-08
1.734000e+01 5.222169e-08
1.735000e+01 4.551734e-08
1.736000e+01 4.210839e-08
1.737000e+01 4.338202e-08
1.738000e+01 4.591856e-08
1.739000e+01 4.658132e-08
1.740000e+01 4.614587e-08
1.741000e+01 4.651429e-08
1.742000e+01 4.885116e-08
1.743000e+01 5.291378e-08
1.744000e+01 5.835227e-08
1.745000e+01 6.424231e-08
1.746000e+01 6.834318e-08
1.747000e+01 6.747665e-08
1.748000e+01 6.558753e-08
1.749000e+01 6.458890e-08
1.750000e+01 5.602430e-08
1.751000e+01 4.719156e-08
1.752000e+01 4.922675e-08
1.753000e+01 5.175097e-08
1.754000e+01 5.231341e-08
1.755000e+01 5.329400e-08
1.756000e+01 5.064137e-08
1.757000e+01 4.774988e-08
1.758000e+01 4.830025e-08
1.759000e+01 5.343905e-08
1.760000e+01 5.858383e-08
1.761000e+01 6.161151e-08
1.762000e+01 6.097771e-08
1.763000e+01 5.653614e-08
1.764000e+01 4.989880e-08
1.765000e+01 4.528441e-08
1.766000e+01 5.002313e-08
1.767000e+01 5.532561e-08
1.768000e+01 5.543640e-08
1.769000e+01 5.468668e-08
1.770000e+01 4.903834e-08
1.771000e+01 4.345013e-08
1.772000e+01 4.495526e-08
1.773000e+01 5.072240e-08
1.774000e+01 5.750501e-08
1.775000e+01 6.278068e-08
1.776000e+01 6.633528e-08
1.777000e+01 6.779259e-08
1.778000e+01 6.535293e-08
1.779000e+01 6.145807e-08
1.780000e+01 5.896160e-08
1.781000e+01 5.701819e-08
1.782000e+01 5.558487e-08
1.783000e+01 5.662525e-08
1.784000e+01 5.723174e-08
1.785000e+01 5.511241e-08
1.786000e+01 5.298017e-08
1.787000e+01 4.937817e-08
1.788000e+01 4.555048e-08
1.789000e+01 4.233759e-08
1.790000e+01 3.530065e-08
1.791000e+01 2.741581e-08
1.792000e+01 2.112663e-08
1.793000e+01 1.664551e-08
1.794000e+01 1.731566e-08
1.795000e+01 1.772679e-08
1.796000e+01 1.649422e-08
1.797000e+01 1.659054e-08
1.798000e+01 2.320462e-08
1.799000e+01 3.309022e-08
1.800000e+01 4.258893e-08
1.801000e+01 5.299362e-08
1.802000e+01 6.010233e-08
1.803000e+01 6.339107e-08
1.804000e+01 6.249759e-08
1.805000e+01 5.851932e-08
1.806000e+01 5.110602e-08
1.807000e+01 4.127141e-08
1.808000e+01 3.758209e-08
1.809000e+01 4.369939e-08
1.810000e+01 5.589733e-08
1.811000e+01 6.551480e-08
1.812000e+01 6.789975e-08
1.813000e+01 6.340073e-08
1.814000e+01 5.411667e-08
1.815000e+01 5.171518e-08
1.816000e+01 5.689253e-08
1.817000e+01 5.753066e-08
1.818000e+01 5.397509e-08
1.819000e+01 5.070374e-08
1.820000e+01 4.471749e-08
1.821000e+01 3.832087e-08
1.822000e+01 3.565869e-08
1.823000e+01 3.172762e-08
1.824000e+01 2.244461e-08
1.825000e+01 1.140478e-08
1.826000e+01 1.533990e-09
1.827000e+01 2.785282e-09
1.828000e+01 1.338228e-09
1.829000e+01 6.126891e-09
1.830000e+01 1.421627e-08
1.831000e+01 2.364898e-08
1.832000e+01 2.909385e-08
1.833000e+01 3.087258e-08
1.834000e+01 2.958923e-08
1.835000e+01 3.211448e-08
1.836000e+01 4.067958e-08
1.837000e+01 4.131061e-08
1.838000e+01 3.476149e-08
1.839000e+01 3.392951e-08
1.840000e+01 4.383325e-08
1.841000e+01 5.702720e-08
1.842000e+01 6.333061e-08
1.843000e+01 6.145677e-08
1.844000e+01 5.769417e-08
1.845000e+01 5.806215e-08
1.846000e+01 5.857033e-08
1.847000e+01 5.302514e-08
1.848000e+01 4.490014e-08
1.849000e+01 3.616468e-08
1.850000e+01 3.248508e-08
1.851000e+01 3.508731e-08
1.852000e+01 3.633909e-08
1.853000e+01 3.582043e-08
1.854000e+01 4.248040e-08
1.855000e+01 5.831270e-08
1.856000e+01 7.381544e-08
1.857000e+01 8.025985e-08
1.858000e+01 7.747226e-08
1.859000e+01 7.078210e-08
1.860000e+01 6.395036e-08
1.861000e+01 6.303757e-08
1.862000e+01 6.933973e-08
1.863000e+01 7.638471e-08
1.864000e+01 7.912425e-08
1.865000e+01 7.800919e-08
1.866000e+01 7.976663e-08
1.867000e+01 8.354810e-08
1.868000e+01 8.020422e-08
1.869000e+01 7.349609e-08
1.870000e+01 7.253314e-08
1.871000e+01 7.319839e-08
1.872000e+01 7.291430e-08
1.873000e+01 7.336345e-08
1.874000e+01 7.367210e-08
1.875000e+01 7.474473e-08
1.876000e+01 7.007129e-08
1.877000e+01 5.755016e-08
1.878000e+01 4.955951e-08
1.879000e+01 5.164776e-08
1.880000e+01 5.750694e-08
1.881000e+01 6.173123e-08
1.882000e+01 6.760784e-08
1.883000e+01 7.575601e-08
1.884000e+01 8.083798e-08
1.885000e+01 7.974361e-08
1.886000e+01 7.157945e-08
1.887000e+01 6.105328e-08
1.888000e+01 5.297303e-08
1.889000e+01 4.591175e-08
1.890000e+01 3.657538e-08
1.891000e+01 2.826687e-08
1.892000e+01 2.613520e-08
1.893000e+01 2.564888e-08
1.894000e+01 2.399796e-08
1.895000e+01 1.763187e-08
1.896000e+01 1.036061e-08
1.897000e+01 9.205363e-09
1.898000e+01 8.729121e-09
1.899000e+01 7.165790e-09
1.900000e+01 7.657341e-09
1.901000e+01 8.085718e-09
1.902000e+01 1.217939e-08
1.903000e+01 1.836344e-08
1.904000e+01 2.428943e-08
1.905000e+01 2.957065e-08
1.906000e+01 3.258479e-08
1.907000e+01 3.236840e-08
1.908000e+01 3.249177e-08
1.909000e+01 3.629151e-08
1.910000e+01 4.366067e-08
1.911000e+01 4.952967e-08
1.912000e+01 4.765424e-08
1.913000e+01 3.897406e-08
1.914000e+01 3.197919e-08
1.915000e+01 3.063574e-08
1.916000e+01 3.254749e-08
1.917000e+01 3.122783e-08
1.918000e+01 2.512545e-08
1.919000e+01 2.281843e-08
1.920000e+01 2.866488e-08
1.921000e+01 3.288858e-08
1.922000e+01 3.189463e-08
1.923000e+01 2.860545e-08
1.924000e+01 2.507146e-08
1.925000e+01 2.636528e-08
1.926000e+01 2.825626e-08
1.927000e+01 2.336118e-08
1.928000e+01 1.851424e-08
1.929000e+01 1.557928e-08
1.930000e+01 1.060661e-08
1.931000e+01 1.149902e-08
1.932000e+01 1.903145e-08
1.933000e+01 2.578897e-08
1.934000e+01 2.663555e-08
1.935000e+01 2.534446e-08
1.936000e+01 2.618750e-08
1.937000e+01 2.594134e-08
1.938000e+01 2.413265e-08
1.939000e+01 2.871256e-08
1.940000e+01 3.464163e-08
1.941000e+01 3.909155e-08
1.942000e+01 4.579936e-08
1.943000e+01 5.768417e-08
1.944000e+01 7.039558e-08
1.945000e+01 7.897530e-08
1.946000e+01 8.421792e-08
1.947000e+01 8.133683e-08
1.948000e+01 7.073344e-08
1.949000e+01 6.238080e-08
1.950000e+01 6.228828e-08
1.951000e+01 6.767049e-08
1.952000e+01 6.984072e-08
1.953000e+01 6.561499e-08
1.954000e+01 5.931423e-08
1.955000e+01 5.220975e-08
1.956000e+01 4.565737e-08
1.957000e+01 4.314011e-08
1.958000e+01 4.025801e-08
1.959000e+01 3.676284e-08
1.960000e+01 3.914451e-08
1.961000e+01 4.704317e-08
1.962000e+01 5.631506e-08
1.963000e+01 6.120060e-08
1.964000e+01 6.098445e-08
1.965000e+01 5.951192e-08
1.966000e+01 5.986203e-08
1.967000e+01 6.232904e-08
1.968000e+01 6.231692e-08
1.969000e+01 5.620536e-08
1.970000e+01 4.735166e-08
1.971000e+01 3.873338e-08
1.972000e+01 3.693447e-08
1.973000e+01 4.284590e-08
1.974000e+01 5.156685e-08
1.975000e+01 5.799269e-08
1.976000e+01 5.930421e-08
1.977000e+01 5.538048e-08
1.978000e+01 4.933460e-08
1.979000e+01 4.296247e-08
1.980000e+01 4.006297e-08
1.981000e+01 4.072524e-08
1.982000e+01 3.653312e-08
1.983000e+01 2.464619e-08
1.984000e+01 1.077766e-08
1.985000e+01 1.316220e-08
1.986000e+01 2.004532e-08
1.987000e+01 2.182849e-08
1.988000e+01 1.740619e-08
1.989000e+01 1.678255e-08
1.990000e+01 2.251015e-08
1.991000e+01 2.660333e-08
1.992000e+01 2.370812e-08
1.993000e+01 1.945354e-08
1.994000e+01 1.902990e-08
1.995000e+01 1.812652e-08
1.996000e+01 1.511740e-08
1.997000e+01 1.210588e-08
1.998000e+01 8.215136e-09
1.999000e+01 0.000000e+00
