0.000000e+00 5.641896e-01
1.000000e-02 5.641614e-01
2.000000e-02 5.640768e-01
3.000000e-02 5.639358e-01
4.000000e-02 5.637384e-01
5.000000e-02 5.634848e-01
6.000000e-02 5.631750e-01
7.000000e-02 5.628090e-01
8.000000e-02 5.623871e-01
9.000000e-02 5.619092e-01
1.000000e-01 5.613757e-01
1.100000e-01 5.607865e-01
1.200000e-01 5.601420e-01
1.300000e-01 5.594423e-01
1.400000e-01 5.586875e-01
1.500000e-01 5.578780e-01
1.600000e-01 5.570140e-01
1.700000e-01 5.560957e-01
1.800000e-01 5.551233e-01
1.900000e-01 5.540973e-01
2.000000e-01 5.530179e-01
2.100000e-01 5.518854e-01
2.200000e-01 5.507001e-01
2.300000e-01 5.494624e-01
2.400000e-01 5.481727e-01
2.500000e-01 5.468313e-01
2.600000e-01 5.454387e-01
2.700000e-01 5.439952e-01
2.800000e-01 5.425012e-01
2.900000e-01 5.409573e-01
3.000000e-01 5.393638e-01
3.100000e-01 5.377213e-01
3.200000e-01 5.360301e-01
3.300000e-01 5.342908e-01
3.400000e-01 5.325040e-01
3.500000e-01 5.306700e-01
3.600000e-01 5.287894e-01
3.700000e-01 5.268629e-01
3.800000e-01 5.248908e-01
3.900000e-01 5.228739e-01
4.000000e-01 5.208126e-01
4.100000e-01 5.187076e-01
4.200000e-01 5.165594e-01
4.300000e-01 5.143687e-01
4.400000e-01 5.121361e-01
4.500000e-01 5.098621e-01
4.600000e-01 5.075475e-01
4.700000e-01 5.051929e-01
4.800000e-01 5.027989e-01
4.900000e-01 5.003663e-01
5.000000e-01 4.978956e-01
5.100000e-01 4.953875e-01
5.200000e-01 4.928428e-01
5.300000e-01 4.902622e-01
5.400000e-01 4.876463e-01
5.500000e-01 4.849959e-01
5.600000e-01 4.823116e-01
5.700000e-01 4.795942e-01
5.800000e-01 4.768444e-01
5.900000e-01 4.740631e-01
6.000000e-01 4.712508e-01
6.100000e-01 4.684083e-01
6.200000e-01 4.655364e-01
6.300000e-01 4.626359e-01
6.400000e-01 4.597075e-01
6.500000e-01 4.567519e-01
6.600000e-01 4.537699e-01
6.700000e-01 4.507624e-01
6.800000e-01 4.477300e-01
6.900000e-01 4.446735e-01
7.000000e-01 4.415937e-01
7.100000e-01 4.384915e-01
7.200000e-01 4.353674e-01
7.300000e-01 4.322224e-01
7.400000e-01 4.290572e-01
7.500000e-01 4.258726e-01
7.600000e-01 4.226694e-01
7.700000e-01 4.194483e-01
7.800000e-01 4.162102e-01
7.900000e-01 4.129557e-01
8.000000e-01 4.096857e-01
8.100000e-01 4.064010e-01
8.200000e-01 4.031023e-01
8.300000e-01 3.997904e-01
8.400000e-01 3.964660e-01
8.500000e-01 3.931300e-01
8.600000e-01 3.897831e-01
8.700000e-01 3.864260e-01
8.800000e-01 3.830595e-01
8.900000e-01 3.796844e-01
9.000000e-01 3.763014e-01
9.100000e-01 3.729112e-01
9.200000e-01 3.695146e-01
9.300000e-01 3.661124e-01
9.400000e-01 3.627052e-01
9.500000e-01 3.592938e-01
9.600000e-01 3.558788e-01
9.700000e-01 3.524611e-01
9.800000e-01 3.490413e-01
9.900000e-01 3.456201e-01
1.000000e+00 3.421983e-01
1.010000e+00 3.387764e-01
1.020000e+00 3.353552e-01
1.030000e+00 3.319354e-01
1.040000e+00 3.285176e-01
1.050000e+00 3.251024e-01
1.060000e+00 3.216906e-01
1.070000e+00 3.182828e-01
1.080000e+00 3.148796e-01
1.090000e+00 3.114816e-01
1.100000e+00 3.080895e-01
1.110000e+00 3.047039e-01
1.120000e+00 3.013253e-01
1.130000e+00 2.979544e-01
1.140000e+00 2.945917e-01
1.150000e+00 2.912379e-01
1.160000e+00 2.878934e-01
1.170000e+00 2.845589e-01
1.180000e+00 2.812349e-01
1.190000e+00 2.779220e-01
1.200000e+00 2.746206e-01
1.210000e+00 2.713312e-01
1.220000e+00 2.680545e-01
1.230000e+00 2.647909e-01
1.240000e+00 2.615408e-01
1.250000e+00 2.583048e-01
1.260000e+00 2.550833e-01
1.270000e+00 2.518769e-01
1.280000e+00 2.486858e-01
1.290000e+00 2.455107e-01
1.300000e+00 2.423518e-01
1.310000e+00 2.392096e-01
1.320000e+00 2.360846e-01
1.330000e+00 2.329771e-01
1.340000e+00 2.298876e-01
1.350000e+00 2.268163e-01
1.360000e+00 2.237636e-01
1.370000e+00 2.207300e-01
1.380000e+00 2.177158e-01
1.390000e+00 2.147212e-01
1.400000e+00 2.117466e-01
1.410000e+00 2.087924e-01
1.420000e+00 2.058588e-01
1.430000e+00 2.029461e-01
1.440000e+00 2.000546e-01
1.450000e+00 1.971846e-01
1.460000e+00 1.943363e-01
1.470000e+00 1.915101e-01
1.480000e+00 1.887060e-01
1.490000e+00 1.859244e-01
1.500000e+00 1.831655e-01
1.510000e+00 1.804295e-01
1.520000e+00 1.777166e-01
1.530000e+00 1.750270e-01
1.540000e+00 1.723609e-01
1.550000e+00 1.697184e-01
1.560000e+00 1.670996e-01
1.570000e+00 1.645049e-01
1.580000e+00 1.619342e-01
1.590000e+00 1.593878e-01
1.600000e+00 1.568657e-01
1.610000e+00 1.543682e-01
1.620000e+00 1.518951e-01
1.630000e+00 1.494468e-01
1.640000e+00 1.470232e-01
1.650000e+00 1.446244e-01
1.660000e+00 1.422506e-01
1.670000e+00 1.399017e-01
1.680000e+00 1.375779e-01
1.690000e+00 1.352791e-01
1.700000e+00 1.330055e-01
1.710000e+00 1.307570e-01
1.720000e+00 1.285336e-01
1.730000e+00 1.263354e-01
1.740000e+00 1.241624e-01
1.750000e+00 1.220146e-01
1.760000e+00 1.198919e-01
1.770000e+00 1.177944e-01
1.780000e+00 1.157220e-01
1.790000e+00 1.136746e-01
1.800000e+00 1.116524e-01
1.810000e+00 1.096551e-01
1.820000e+00 1.076829e-01
1.830000e+00 1.057355e-01
1.840000e+00 1.038129e-01
1.850000e+00 1.019151e-01
1.860000e+00 1.000420e-01
1.870000e+00 9.819353e-02
1.880000e+00 9.636956e-02
1.890000e+00 9.457000e-02
1.900000e+00 9.279478e-02
1.910000e+00 9.104377e-02
1.920000e+00 8.931687e-02
1.930000e+00 8.761396e-02
1.940000e+00 8.593493e-02
1.950000e+00 8.427964e-02
1.960000e+00 8.264798e-02
1.970000e+00 8.103980e-02
1.980000e+00 7.945496e-02
1.990000e+00 7.789333e-02
2.000000e+00 7.635476e-02
2.010000e+00 7.483909e-02
2.020000e+00 7.334617e-02
2.030000e+00 7.187585e-02
2.040000e+00 7.042796e-02
2.050000e+00 6.900233e-02
2.060000e+00 6.759881e-02
2.070000e+00 6.621721e-02
2.080000e+00 6.485736e-02
2.090000e+00 6.351908e-02
2.100000e+00 6.220220e-02
2.110000e+00 6.090653e-02
2.120000e+00 5.963188e-02
2.130000e+00 5.837807e-02
2.140000e+00 5.714491e-02
2.150000e+00 5.593221e-02
2.160000e+00 5.473976e-02
2.170000e+00 5.356738e-02
2.180000e+00 5.241487e-02
2.190000e+00 5.128203e-02
2.200000e+00 5.016865e-02
2.210000e+00 4.907454e-02
2.220000e+00 4.799949e-02
2.230000e+00 4.694329e-02
2.240000e+00 4.590575e-02
2.250000e+00 4.488665e-02
2.260000e+00 4.388578e-02
2.270000e+00 4.290294e-02
2.280000e+00 4.193792e-02
2.290000e+00 4.099050e-02
2.300000e+00 4.006048e-02
2.310000e+00 3.914765e-02
2.320000e+00 3.825179e-02
2.330000e+00 3.737269e-02
2.340000e+00 3.651015e-02
2.350000e+00 3.566395e-02
2.360000e+00 3.483388e-02
2.370000e+00 3.401972e-02
2.380000e+00 3.322127e-02
2.390000e+00 3.243832e-02
2.400000e+00 3.167065e-02
2.410000e+00 3.091806e-02
2.420000e+00 3.018033e-02
2.430000e+00 2.945726e-02
2.440000e+00 2.874864e-02
2.450000e+00 2.805426e-02
2.460000e+00 2.737391e-02
2.470000e+00 2.670739e-02
2.480000e+00 2.605450e-02
2.490000e+00 2.541502e-02
2.500000e+00 2.478876e-02
2.510000e+00 2.417551e-02
2.520000e+00 2.357508e-02
2.530000e+00 2.298726e-02
2.540000e+00 2.241186e-02
2.550000e+00 2.184868e-02
2.560000e+00 2.129751e-02
2.570000e+00 2.075818e-02
2.580000e+00 2.023048e-02
2.590000e+00 1.971422e-02
2.600000e+00 1.920922e-02
2.610000e+00 1.871528e-02
2.620000e+00 1.823222e-02
2.630000e+00 1.775985e-02
2.640000e+00 1.729799e-02
2.650000e+00 1.684646e-02
2.660000e+00 1.640507e-02
2.670000e+00 1.597365e-02
2.680000e+00 1.555202e-02
2.690000e+00 1.514000e-02
2.700000e+00 1.473743e-02
2.710000e+00 1.434412e-02
2.720000e+00 1.395992e-02
2.730000e+00 1.358465e-02
2.740000e+00 1.321814e-02
2.750000e+00 1.286024e-02
2.760000e+00 1.251078e-02
2.770000e+00 1.216959e-02
2.780000e+00 1.183653e-02
2.790000e+00 1.151143e-02
2.800000e+00 1.119414e-02
2.810000e+00 1.088451e-02
2.820000e+00 1.058238e-02
2.830000e+00 1.028761e-02
2.840000e+00 1.000005e-02
2.850000e+00 9.719560e-03
2.860000e+00 9.445990e-03
2.870000e+00 9.179203e-03
2.880000e+00 8.919058e-03
2.890000e+00 8.665420e-03
2.900000e+00 8.418152e-03
2.910000e+00 8.177123e-03
2.920000e+00 7.942200e-03
2.930000e+00 7.713255e-03
2.940000e+00 7.490161e-03
2.950000e+00 7.272793e-03
2.960000e+00 7.061026e-03
2.970000e+00 6.854740e-03
2.980000e+00 6.653815e-03
2.990000e+00 6.458133e-03
3.000000e+00 6.267580e-03
3.010000e+00 6.082041e-03
3.020000e+00 5.901404e-03
3.030000e+00 5.725560e-03
3.040000e+00 5.554400e-03
3.050000e+00 5.387817e-03
3.060000e+00 5.225708e-03
3.070000e+00 5.067970e-03
3.080000e+00 4.914502e-03
3.090000e+00 4.765204e-03
3.100000e+00 4.619980e-03
3.110000e+00 4.478734e-03
3.120000e+00 4.341372e-03
3.130000e+00 4.207802e-03
3.140000e+00 4.077933e-03
3.150000e+00 3.951678e-03
3.160000e+00 3.828949e-03
3.170000e+00 3.709660e-03
3.180000e+00 3.593729e-03
3.190000e+00 3.481072e-03
3.200000e+00 3.371610e-03
3.210000e+00 3.265263e-03
3.220000e+00 3.161954e-03
3.230000e+00 3.061608e-03
3.240000e+00 2.964150e-03
3.250000e+00 2.869507e-03
3.260000e+00 2.777609e-03
3.270000e+00 2.688384e-03
3.280000e+00 2.601766e-03
3.290000e+00 2.517686e-03
3.300000e+00 2.436080e-03
3.310000e+00 2.356884e-03
3.320000e+00 2.280034e-03
3.330000e+00 2.205469e-03
3.340000e+00 2.133130e-03
3.350000e+00 2.062957e-03
3.360000e+00 1.994893e-03
3.370000e+00 1.928882e-03
3.380000e+00 1.864868e-03
3.390000e+00 1.802799e-03
3.400000e+00 1.742621e-03
3.410000e+00 1.684284e-03
3.420000e+00 1.627736e-03
3.430000e+00 1.572930e-03
3.440000e+00 1.519818e-03
3.450000e+00 1.468351e-03
3.460000e+00 1.418486e-03
3.470000e+00 1.370178e-03
3.480000e+00 1.323382e-03
3.490000e+00 1.278056e-03
3.500000e+00 1.234160e-03
3.510000e+00 1.191652e-03
3.520000e+00 1.150493e-03
3.530000e+00 1.110644e-03
3.540000e+00 1.072069e-03
3.550000e+00 1.034730e-03
3.560000e+00 9.985913e-04
3.570000e+00 9.636186e-04
3.580000e+00 9.297778e-04
3.590000e+00 8.970357e-04
3.600000e+00 8.653600e-04
3.610000e+00 8.347194e-04
3.620000e+00 8.050832e-04
3.630000e+00 7.764216e-04
3.640000e+00 7.487054e-04
3.650000e+00 7.219065e-04
3.660000e+00 6.959972e-04
3.670000e+00 6.709507e-04
3.680000e+00 6.467408e-04
3.690000e+00 6.233422e-04
3.700000e+00 6.007300e-04
3.710000e+00 5.788802e-04
3.720000e+00 5.577694e-04
3.730000e+00 5.373747e-04
3.740000e+00 5.176740e-04
3.750000e+00 4.986456e-04
3.760000e+00 4.802686e-04
3.770000e+00 4.625227e-04
3.780000e+00 4.453879e-04
3.790000e+00 4.288450e-04
3.800000e+00 4.128753e-04
3.810000e+00 3.974605e-04
3.820000e+00 3.825830e-04
3.830000e+00 3.682255e-04
3.840000e+00 3.543714e-04
3.850000e+00 3.410045e-04
3.860000e+00 3.281089e-04
3.870000e+00 3.156694e-04
3.880000e+00 3.036712e-04
3.890000e+00 2.920998e-04
3.900000e+00 2.809413e-04
3.910000e+00 2.701819e-04
3.920000e+00 2.598087e-04
3.930000e+00 2.498087e-04
3.940000e+00 2.401697e-04
3.950000e+00 2.308794e-04
3.960000e+00 2.219264e-04
3.970000e+00 2.132991e-04
3.980000e+00 2.049868e-04
3.990000e+00 1.969787e-04
4.000000e+00 1.892645e-04
4.010000e+00 1.818343e-04
4.020000e+00 1.746782e-04
4.030000e+00 1.677870e-04
4.040000e+00 1.611516e-04
4.050000e+00 1.547631e-04
4.060000e+00 1.486130e-04
4.070000e+00 1.426930e-04
4.080000e+00 1.369952e-04
4.090000e+00 1.315117e-04
4.100000e+00 1.262350e-04
4.110000e+00 1.211580e-04
4.120000e+00 1.162736e-04
4.130000e+00 1.115748e-04
4.140000e+00 1.070553e-04
4.150000e+00 1.027086e-04
4.160000e+00 9.852848e-05
4.170000e+00 9.450905e-05
4.180000e+00 9.064453e-05
4.190000e+00 8.692934e-05
4.200000e+00 8.335809e-05
4.210000e+00 7.992555e-05
4.220000e+00 7.662670e-05
4.230000e+00 7.345666e-05
4.240000e+00 7.041073e-05
4.250000e+00 6.748434e-05
4.260000e+00 6.467312e-05
4.270000e+00 6.197280e-05
4.280000e+00 5.937930e-05
4.290000e+00 5.688864e-05
4.300000e+00 5.449700e-05
4.310000e+00 5.220068e-05
4.320000e+00 4.999613e-05
4.330000e+00 4.787989e-05
4.340000e+00 4.584864e-05
4.350000e+00 4.389918e-05
4.360000e+00 4.202840e-05
4.370000e+00 4.023332e-05
4.380000e+00 3.851107e-05
4.390000e+00 3.685884e-05
4.400000e+00 3.527398e-05
4.410000e+00 3.375389e-05
4.420000e+00 3.229607e-05
4.430000e+00 3.089813e-05
4.440000e+00 2.955774e-05
4.450000e+00 2.827267e-05
4.460000e+00 2.704077e-05
4.470000e+00 2.585995e-05
4.480000e+00 2.472823e-05
4.490000e+00 2.364367e-05
4.500000e+00 2.260442e-05
4.510000e+00 2.160869e-05
4.520000e+00 2.065476e-05
4.530000e+00 1.974096e-05
4.540000e+00 1.886570e-05
4.550000e+00 1.802745e-05
4.560000e+00 1.722472e-05
4.570000e+00 1.645609e-05
4.580000e+00 1.572019e-05
4.590000e+00 1.501569e-05
4.600000e+00 1.434133e-05
4.610000e+00 1.369589e-05
4.620000e+00 1.307819e-05
4.630000e+00 1.248709e-05
4.640000e+00 1.192153e-05
4.650000e+00 1.138043e-05
4.660000e+00 1.086282e-05
4.670000e+00 1.036770e-05
4.680000e+00 9.894169e-06
4.690000e+00 9.441318e-06
4.700000e+00 9.008293e-06
4.710000e+00 8.594269e-06
4.720000e+00 8.198454e-06
4.730000e+00 7.820086e-06
4.740000e+00 7.458435e-06
4.750000e+00 7.112797e-06
4.760000e+00 6.782499e-06
4.770000e+00 6.466892e-06
4.780000e+00 6.165354e-06
4.790000e+00 5.877289e-06
4.800000e+00 5.602123e-06
4.810000e+00 5.339306e-06
4.820000e+00 5.088309e-06
4.830000e+00 4.848627e-06
4.840000e+00 4.619773e-06
4.850000e+00 4.401281e-06
4.860000e+00 4.192703e-06
4.870000e+00 3.993610e-06
4.880000e+00 3.803591e-06
4.890000e+00 3.622251e-06
4.900000e+00 3.449211e-06
4.910000e+00 3.284110e-06
4.920000e+00 3.126598e-06
4.930000e+00 2.976344e-06
4.940000e+00 2.833027e-06
4.950000e+00 2.696341e-06
4.960000e+00 2.565993e-06
4.970000e+00 2.441703e-06
4.980000e+00 2.323200e-06
4.990000e+00 2.210228e-06
5.000000e+00 2.102539e-06
5.010000e+00 1.999897e-06
5.020000e+00 1.902075e-06
5.030000e+00 1.808858e-06
5.040000e+00 1.720037e-06
5.050000e+00 1.635413e-06
5.060000e+00 1.554798e-06
5.070000e+00 1.478009e-06
5.080000e+00 1.404871e-06
5.090000e+00 1.335219e-06
5.100000e+00 1.268894e-06
5.110000e+00 1.205743e-06
5.120000e+00 1.145620e-06
5.130000e+00 1.088386e-06
5.140000e+00 1.033908e-06
5.150000e+00 9.820585e-07
5.160000e+00 9.327161e-07
5.170000e+00 8.857643e-07
5.180000e+00 8.410919e-07
5.190000e+00 7.985926e-07
5.200000e+00 7.581649e-07
5.210000e+00 7.197118e-07
5.220000e+00 6.831407e-07
5.230000e+00 6.483631e-07
5.240000e+00 6.152944e-07
5.250000e+00 5.838540e-07
5.260000e+00 5.539647e-07
5.270000e+00 5.255529e-07
5.280000e+00 4.985485e-07
5.290000e+00 4.728844e-07
5.300000e+00 4.484965e-07
5.310000e+00 4.253239e-07
5.320000e+00 4.033081e-07
5.330000e+00 3.823938e-07
5.340000e+00 3.625277e-07
5.350000e+00 3.436593e-07
5.360000e+00 3.257404e-07
5.370000e+00 3.087250e-07
5.380000e+00 2.925691e-07
5.390000e+00 2.772309e-07
5.400000e+00 2.626706e-07
5.410000e+00 2.488501e-07
5.420000e+00 2.357333e-07
5.430000e+00 2.232854e-07
5.440000e+00 2.114738e-07
5.450000e+00 2.002669e-07
5.460000e+00 1.896349e-07
5.470000e+00 1.795495e-07
5.480000e+00 1.699834e-07
5.490000e+00 1.609109e-07
5.500000e+00 1.523074e-07
5.510000e+00 1.441495e-07
5.520000e+00 1.364149e-07
5.530000e+00 1.290824e-07
5.540000e+00 1.221318e-07
5.550000e+00 1.155439e-07
5.560000e+00 1.093005e-07
5.570000e+00 1.033841e-07
5.580000e+00 9.777813e-08
5.590000e+00 9.246691e-08
5.600000e+00 8.743546e-08
5.610000e+00 8.266951e-08
5.620000e+00 7.815554e-08
5.630000e+00 7.388065e-08
5.640000e+00 6.983260e-08
5.650000e+00 6.599975e-08
5.660000e+00 6.237103e-08
5.670000e+00 5.893593e-08
5.680000e+00 5.568445e-08
5.690000e+00 5.260709e-08
5.700000e+00 4.969483e-08
5.710000e+00 4.693909e-08
5.720000e+00 4.433174e-08
5.730000e+00 4.186503e-08
5.740000e+00 3.953162e-08
5.750000e+00 3.732454e-08
5.760000e+00 3.523715e-08
5.770000e+00 3.326317e-08
5.780000e+00 3.139664e-08
5.790000e+00 2.963188e-08
5.800000e+00 2.796352e-08
5.810000e+00 2.638646e-08
5.820000e+00 2.489584e-08
5.830000e+00 2.348709e-08
5.840000e+00 2.215584e-08
5.850000e+00 2.089795e-08
5.860000e+00 1.970950e-08
5.870000e+00 1.858679e-08
5.880000e+00 1.752627e-08
5.890000e+00 1.652461e-08
5.900000e+00 1.557864e-08
5.910000e+00 1.468536e-08
5.920000e+00 1.384191e-08
5.930000e+00 1.304560e-08
5.940000e+00 1.229387e-08
5.950000e+00 1.158430e-08
5.960000e+00 1.091460e-08
5.970000e+00 1.028258e-08
5.980000e+00 9.686187e-09
5.990000e+00 9.123476e-09
6.000000e+00 8.592596e-09
6.010000e+00 8.091797e-09
6.020000e+00 7.619425e-09
6.030000e+00 7.173910e-09
6.040000e+00 6.753770e-09
6.050000e+00 6.357600e-09
6.060000e+00 5.984070e-09
6.070000e+00 5.631923e-09
6.080000e+00 5.299969e-09
6.090000e+00 4.987082e-09
6.100000e+00 4.692197e-09
6.110000e+00 4.414307e-09
6.120000e+00 4.152460e-09
6.130000e+00 3.905754e-09
6.140000e+00 3.673338e-09
6.150000e+00 3.454407e-09
6.160000e+00 3.248200e-09
6.170000e+00 3.053996e-09
6.180000e+00 2.871116e-09
6.190000e+00 2.698918e-09
6.200000e+00 2.536794e-09
6.210000e+00 2.384170e-09
6.220000e+00 2.240504e-09
6.230000e+00 2.105285e-09
6.240000e+00 1.978029e-09
6.250000e+00 1.858279e-09
6.260000e+00 1.745604e-09
6.270000e+00 1.639598e-09
6.280000e+00 1.539874e-09
6.290000e+00 1.446072e-09
6.300000e+00 1.357848e-09
6.310000e+00 1.274879e-09
6.320000e+00 1.196859e-09
6.330000e+00 1.123502e-09
6.340000e+00 1.054536e-09
6.350000e+00 9.897043e-10
6.360000e+00 9.287654e-10
6.370000e+00 8.714916e-10
6.380000e+00 8.176678e-10
6.390000e+00 7.670916e-10
6.400000e+00 7.195717e-10
6.410000e+00 6.749281e-10
6.420000e+00 6.329910e-10
6.430000e+00 5.936003e-10
6.440000e+00 5.566052e-10
6.450000e+00 5.218636e-10
6.460000e+00 4.892415e-10
6.470000e+00 4.586128e-10
6.480000e+00 4.298585e-10
6.490000e+00 4.028669e-10
6.500000e+00 3.775323e-10
6.510000e+00 3.537556e-10
6.520000e+00 3.314431e-10
6.530000e+00 3.105069e-10
6.540000e+00 2.908641e-10
6.550000e+00 2.724367e-10
6.560000e+00 2.551512e-10
6.570000e+00 2.389385e-10
6.580000e+00 2.237336e-10
6.590000e+00 2.094754e-10
6.600000e+00 1.961062e-10
6.610000e+00 1.835719e-10
6.620000e+00 1.718215e-10
6.630000e+00 1.608072e-10
6.640000e+00 1.504839e-10
6.650000e+00 1.408093e-10
6.660000e+00 1.317434e-10
6.670000e+00 1.232489e-10
6.680000e+00 1.152906e-10
6.690000e+00 1.078354e-10
6.700000e+00 1.008522e-10
6.710000e+00 9.431179e-11
6.720000e+00 8.818670e-11
6.730000e+00 8.245116e-11
6.740000e+00 7.708095e-11
6.750000e+00 7.205330e-11
6.760000e+00 6.734685e-11
6.770000e+00 6.294153e-11
6.780000e+00 5.881848e-11
6.790000e+00 5.496003e-11
6.800000e+00 5.134955e-11
6.810000e+00 4.797146e-11
6.820000e+00 4.481111e-11
6.830000e+00 4.185479e-11
6.840000e+00 3.908959e-11
6.850000e+00 3.650343e-11
6.860000e+00 3.408496e-11
6.870000e+00 3.182354e-11
6.880000e+00 2.970918e-11
6.890000e+00 2.773253e-11
6.900000e+00 2.588481e-11
6.910000e+00 2.415777e-11
6.920000e+00 2.254371e-11
6.930000e+00 2.103539e-11
6.940000e+00 1.962602e-11
6.950000e+00 1.830925e-11
6.960000e+00 1.707911e-11
6.970000e+00 1.593003e-11
6.980000e+00 1.485678e-11
6.990000e+00 1.385445e-11
7.000000e+00 1.291845e-11
7.010000e+00 1.204448e-11
7.020000e+00 1.122851e-11
7.030000e+00 1.046678e-11
7.040000e+00 9.755743e-12
7.050000e+00 9.092102e-12
7.060000e+00 8.472759e-12
7.070000e+00 7.894815e-12
7.080000e+00 7.355558e-12
7.090000e+00 6.852449e-12
7.100000e+00 6.383115e-12
7.110000e+00 5.945331e-12
7.120000e+00 5.537018e-12
7.130000e+00 5.156232e-12
7.140000e+00 4.801153e-12
7.150000e+00 4.470079e-12
7.160000e+00 4.161419e-12
7.170000e+00 3.873685e-12
7.180000e+00 3.605485e-12
7.190000e+00 3.355518e-12
7.200000e+00 3.122569e-12
7.210000e+00 2.905502e-12
7.220000e+00 2.703254e-12
7.230000e+00 2.514832e-12
7.240000e+00 2.339310e-12
7.250000e+00 2.175821e-12
7.260000e+00 2.023556e-12
7.270000e+00 1.881757e-12
7.280000e+00 1.749721e-12
7.290000e+00 1.626786e-12
7.300000e+00 1.512337e-12
7.310000e+00 1.405799e-12
7.320000e+00 1.306636e-12
7.330000e+00 1.214347e-12
7.340000e+00 1.128463e-12
7.350000e+00 1.048548e-12
7.360000e+00 9.741950e-13
7.370000e+00 9.050240e-13
7.380000e+00 8.406803e-13
7.390000e+00 7.808331e-13
7.400000e+00 7.251739e-13
7.410000e+00 6.734148e-13
7.420000e+00 6.252874e-13
7.430000e+00 5.805416e-13
7.440000e+00 5.389439e-13
7.450000e+00 5.002768e-13
7.460000e+00 4.643374e-13
7.470000e+00 4.309368e-13
7.480000e+00 3.998988e-13
7.490000e+00 3.710591e-13
7.500000e+00 3.442649e-13
7.510000e+00 3.193736e-13
7.520000e+00 2.962523e-13
7.530000e+00 2.747774e-13
7.540000e+00 2.548338e-13
7.550000e+00 2.363140e-13
7.560000e+00 2.191182e-13
7.570000e+00 2.031534e-13
7.580000e+00 1.883330e-13
7.590000e+00 1.745762e-13
7.600000e+00 1.618082e-13
7.610000e+00 1.499589e-13
7.620000e+00 1.389635e-13
7.630000e+00 1.287614e-13
7.640000e+00 1.192964e-13
7.650000e+00 1.105161e-13
7.660000e+00 1.023718e-13
7.670000e+00 9.481821e-14
7.680000e+00 8.781317e-14
7.690000e+00 8.131752e-14
7.700000e+00 7.529483e-14
7.710000e+00 6.971123e-14
7.720000e+00 6.453524e-14
7.730000e+00 5.973759e-14
7.740000e+00 5.529107e-14
7.750000e+00 5.117041e-14
7.760000e+00 4.735211e-14
7.770000e+00 4.381435e-14
7.780000e+00 4.053685e-14
7.790000e+00 3.750077e-14
7.800000e+00 3.468861e-14
7.810000e+00 3.208413e-14
7.820000e+00 2.967223e-14
7.830000e+00 2.743889e-14
7.840000e+00 2.537112e-14
7.850000e+00 2.345682e-14
7.860000e+00 2.168480e-14
7.870000e+00 2.004463e-14
7.880000e+00 1.852667e-14
7.890000e+00 1.712195e-14
7.900000e+00 1.582216e-14
7.910000e+00 1.461958e-14
7.920000e+00 1.350705e-14
7.930000e+00 1.247793e-14
7.940000e+00 1.152607e-14
7.950000e+00 1.064576e-14
7.960000e+00 9.831696e-15
7.970000e+00 9.078976e-15
7.980000e+00 8.383047e-15
7.990000e+00 7.739689e-15
8.000000e+00 7.144990e-15
8.010000e+00 6.595328e-15
8.020000e+00 6.087342e-15
8.030000e+00 5.617920e-15
8.040000e+00 5.184179e-15
8.050000e+00 4.783447e-15
8.060000e+00 4.413250e-15
8.070000e+00 4.071296e-15
8.080000e+00 3.755463e-15
8.090000e+00 3.463783e-15
8.100000e+00 3.194439e-15
8.110000e+00 2.945744e-15
8.120000e+00 2.716139e-15
8.130000e+00 2.504180e-15
8.140000e+00 2.308531e-15
8.150000e+00 2.127955e-15
8.160000e+00 1.961308e-15
8.170000e+00 1.807530e-15
8.180000e+00 1.665643e-15
8.190000e+00 1.534741e-15
8.200000e+00 1.413984e-15
8.210000e+00 1.302599e-15
8.220000e+00 1.199868e-15
8.230000e+00 1.105128e-15
8.240000e+00 1.017767e-15
8.250000e+00 9.372188e-16
8.260000e+00 8.629586e-16
8.270000e+00 7.945030e-16
8.280000e+00 7.314046e-16
8.290000e+00 6.732500e-16
8.300000e+00 6.196574e-16
8.310000e+00 5.702739e-16
8.320000e+00 5.247735e-16
8.330000e+00 4.828552e-16
8.340000e+00 4.442408e-16
8.350000e+00 4.086736e-16
8.360000e+00 3.759164e-16
8.370000e+00 3.457503e-16
8.380000e+00 3.179731e-16
8.390000e+00 2.923982e-16
8.400000e+00 2.688535e-16
8.410000e+00 2.471800e-16
8.420000e+00 2.272309e-16
8.430000e+00 2.088710e-16
8.440000e+00 1.919753e-16
8.450000e+00 1.764287e-16
8.460000e+00 1.621249e-16
8.470000e+00 1.489658e-16
8.480000e+00 1.368611e-16
8.490000e+00 1.257275e-16
8.500000e+00 1.154880e-16
8.510000e+00 1.060719e-16
8.520000e+00 9.741369e-17
8.530000e+00 8.945330e-17
8.540000e+00 8.213520e-17
8.550000e+00 7.540825e-17
8.560000e+00 6.922532e-17
8.570000e+00 6.354299e-17
8.580000e+00 5.832126e-17
8.590000e+00 5.352328e-17
8.600000e+00 4.911511e-17
8.610000e+00 4.506549e-17
8.620000e+00 4.134563e-17
8.630000e+00 3.792903e-17
8.640000e+00 3.479128e-17
8.650000e+00 3.190991e-17
8.660000e+00 2.926425e-17
8.670000e+00 2.683526e-17
8.680000e+00 2.460542e-17
8.690000e+00 2.255861e-17
8.700000e+00 2.067999e-17
8.710000e+00 1.895593e-17
8.720000e+00 1.737386e-17
8.730000e+00 1.592224e-17
8.740000e+00 1.459044e-17
8.750000e+00 1.336871e-17
8.760000e+00 1.224805e-17
8.770000e+00 1.122021e-17
8.780000e+00 1.027760e-17
8.790000e+00 9.413235e-18
8.800000e+00 8.620704e-18
8.810000e+00 7.894109e-18
8.820000e+00 7.228031e-18
8.830000e+00 6.617494e-18
8.840000e+00 6.057921e-18
8.850000e+00 5.545112e-18
8.860000e+00 5.075204e-18
8.870000e+00 4.644653e-18
8.880000e+00 4.250203e-18
8.890000e+00 3.888863e-18
8.900000e+00 3.557887e-18
8.910000e+00 3.254754e-18
8.920000e+00 2.977151e-18
8.930000e+00 2.722952e-18
8.940000e+00 2.490209e-18
8.950000e+00 2.277132e-18
8.960000e+00 2.082079e-18
8.970000e+00 1.903543e-18
8.980000e+00 1.740142e-18
8.990000e+00 1.590609e-18
9.000000e+00 1.453780e-18
9.010000e+00 1.328588e-18
9.020000e+00 1.214056e-18
9.030000e+00 1.109286e-18
9.040000e+00 1.013456e-18
9.050000e+00 9.258128e-19
9.060000e+00 8.456639e-19
9.070000e+00 7.723764e-19
9.080000e+00 7.053697e-19
9.090000e+00 6.441116e-19
9.100000e+00 5.881147e-19
9.110000e+00 5.369323e-19
9.120000e+00 4.901552e-19
9.130000e+00 4.474085e-19
9.140000e+00 4.083489e-19
9.150000e+00 3.726621e-19
9.160000e+00 3.400600e-19
9.170000e+00 3.102790e-19
9.180000e+00 2.830779e-19
9.190000e+00 2.582355e-19
9.200000e+00 2.355497e-19
9.210000e+00 2.148354e-19
9.220000e+00 1.959231e-19
9.230000e+00 1.786578e-19
9.240000e+00 1.628976e-19
9.250000e+00 1.485129e-19
9.260000e+00 1.353849e-19
9.270000e+00 1.234050e-19
9.280000e+00 1.124740e-19
9.290000e+00 1.025009e-19
9.300000e+00 9.340286e-20
9.310000e+00 8.510383e-20
9.320000e+00 7.753442e-20
9.330000e+00 7.063120e-20
9.340000e+00 6.433617e-20
9.350000e+00 5.859633e-20
9.360000e+00 5.336323e-20
9.370000e+00 4.859264e-20
9.380000e+00 4.424410e-20
9.390000e+00 4.028068e-20
9.400000e+00 3.666864e-20
9.410000e+00 3.337717e-20
9.420000e+00 3.037810e-20
9.430000e+00 2.764575e-20
9.440000e+00 2.515664e-20
9.450000e+00 2.288936e-20
9.460000e+00 2.082433e-20
9.470000e+00 1.894371e-20
9.480000e+00 1.723121e-20
9.490000e+00 1.567194e-20
9.500000e+00 1.425235e-20
9.510000e+00 1.296006e-20
9.520000e+00 1.178376e-20
9.530000e+00 1.071315e-20
9.540000e+00 9.738840e-21
9.550000e+00 8.852253e-21
9.560000e+00 8.045573e-21
9.570000e+00 7.311672e-21
9.580000e+00 6.644052e-21
9.590000e+00 6.036788e-21
9.600000e+00 5.484478e-21
9.610000e+00 4.982202e-21
9.620000e+00 4.525473e-21
9.630000e+00 4.110201e-21
9.640000e+00 3.732663e-21
9.650000e+00 3.389465e-21
9.660000e+00 3.077514e-21
9.670000e+00 2.793994e-21
9.680000e+00 2.536340e-21
9.690000e+00 2.302216e-21
9.700000e+00 2.089494e-21
9.710000e+00 1.896238e-21
9.720000e+00 1.720684e-21
9.730000e+00 1.561227e-21
9.740000e+00 1.416405e-21
9.750000e+00 1.284889e-21
9.760000e+00 1.165467e-21
9.770000e+00 1.057039e-21
9.780000e+00 9.586033e-22
9.790000e+00 8.692470e-22
9.800000e+00 7.881412e-22
9.810000e+00 7.145316e-22
9.820000e+00 6.477322e-22
9.830000e+00 5.871189e-22
9.840000e+00 5.321244e-22
9.850000e+00 4.822329e-22
9.860000e+00 4.369756e-22
9.870000e+00 3.959260e-22
9.880000e+00 3.586967e-22
9.890000e+00 3.249357e-22
9.900000e+00 2.943228e-22
9.910000e+00 2.665674e-22
9.920000e+00 2.414053e-22
9.930000e+00 2.185964e-22
9.940000e+00 1.979228e-22
9.950000e+00 1.791865e-22
9.960000e+00 1.622076e-22
9.970000e+00 1.468229e-22
9.980000e+00 1.328841e-22
9.990000e+00 1.202565e-22
1.000000e+01 1.088181e-22
1.001000e+01 9.845773e-23
1.002000e+01 8.907487e-23
1.003000e+01 8.057813e-23
1.004000e+01 7.288459e-23
1.005000e+01 6.591904e-23
1.006000e+01 5.961322e-23
1.007000e+01 5.390522e-23
1.008000e+01 4.873889e-23
1.009000e+01 4.406330e-23
1.010000e+01 3.983227e-23
1.011000e+01 3.600390e-23
1.012000e+01 3.254023e-23
1.013000e+01 2.940684e-23
1.014000e+01 2.657251e-23
1.015000e+01 2.400896e-23
1.016000e+01 2.169056e-23
1.017000e+01 1.959408e-23
1.018000e+01 1.769845e-23
1.019000e+01 1.598462e-23
1.020000e+01 1.443531e-23
1.021000e+01 1.303486e-23
1.022000e+01 1.176910e-23
1.023000e+01 1.062519e-23
1.024000e+01 9.591500e-24
1.025000e+01 8.657511e-24
1.026000e+01 7.813690e-24
1.027000e+01 7.051408e-24
1.028000e+01 6.362856e-24
1.029000e+01 5.740965e-24
1.030000e+01 5.179338e-24
1.031000e+01 4.672187e-24
1.032000e+01 4.214274e-24
1.033000e+01 3.800860e-24
1.034000e+01 3.427658e-24
1.035000e+01 3.090792e-24
1.036000e+01 2.786753e-24
1.037000e+01 2.512372e-24
1.038000e+01 2.264779e-24
1.039000e+01 2.041383e-24
1.040000e+01 1.839838e-24
1.041000e+01 1.658025e-24
1.042000e+01 1.494030e-24
1.043000e+01 1.346121e-24
1.044000e+01 1.212734e-24
1.045000e+01 1.092455e-24
1.046000e+01 9.840066e-25
1.047000e+01 8.862354e-25
1.048000e+01 7.980989e-25
1.049000e+01 7.186558e-25
1.050000e+01 6.470558e-25
1.051000e+01 5.825311e-25
1.052000e+01 5.243884e-25
1.053000e+01 4.720017e-25
1.054000e+01 4.248060e-25
1.055000e+01 3.822912e-25
1.056000e+01 3.439969e-25
1.057000e+01 3.095076e-25
1.058000e+01 2.784483e-25
1.059000e+01 2.504809e-25
1.060000e+01 2.252999e-25
1.061000e+01 2.026302e-25
1.062000e+01 1.822232e-25
1.063000e+01 1.638551e-25
1.064000e+01 1.473238e-25
1.065000e+01 1.324470e-25
1.066000e+01 1.190606e-25
1.067000e+01 1.070165e-25
1.068000e+01 9.618107e-26
1.069000e+01 8.643413e-26
1.070000e+01 7.766716e-26
1.071000e+01 6.978245e-26
1.072000e+01 6.269192e-26
1.073000e+01 5.631622e-26
1.074000e+01 5.058386e-26
1.075000e+01 4.543045e-26
1.076000e+01 4.079798e-26
1.077000e+01 3.663421e-26
1.078000e+01 3.289210e-26
1.079000e+01 2.952929e-26
1.080000e+01 2.650763e-26
1.081000e+01 2.379279e-26
1.082000e+01 2.135386e-26
1.083000e+01 1.916302e-26
1.084000e+01 1.719524e-26
1.085000e+01 1.542798e-26
1.086000e+01 1.384096e-26
1.087000e+01 1.241596e-26
1.088000e+01 1.113655e-26
1.089000e+01 9.987982e-27
1.090000e+01 8.956975e-27
1.091000e+01 8.031590e-27
1.092000e+01 7.201091e-27
1.093000e+01 6.455823e-27
1.094000e+01 5.787107e-27
1.095000e+01 5.187140e-27
1.096000e+01 4.648909e-27
1.097000e+01 4.166109e-27
1.098000e+01 3.733076e-27
1.099000e+01 3.344719e-27
1.100000e+01 2.996463e-27
1.101000e+01 2.684200e-27
1.102000e+01 2.404237e-27
1.103000e+01 2.153259e-27
1.104000e+01 1.928288e-27
1.105000e+01 1.726649e-27
1.106000e+01 1.545941e-27
1.107000e+01 1.384007e-27
1.108000e+01 1.238911e-27
1.109000e+01 1.108916e-27
1.110000e+01 9.924611e-28
1.111000e+01 8.881475e-28
1.112000e+01 7.947184e-28
1.113000e+01 7.110465e-28
1.114000e+01 6.361204e-28
1.115000e+01 5.690327e-28
1.116000e+01 5.089694e-28
1.117000e+01 4.552004e-28
1.118000e+01 4.070711e-28
1.119000e+01 3.639942e-28
1.120000e+01 3.254432e-28
1.121000e+01 2.909460e-28
1.122000e+01 2.600796e-28
1.123000e+01 2.324646e-28
1.124000e+01 2.077609e-28
1.125000e+01 1.856639e-28
1.126000e+01 1.659004e-28
1.127000e+01 1.482260e-28
1.128000e+01 1.324212e-28
1.129000e+01 1.182898e-28
1.130000e+01 1.056559e-28
1.131000e+01 9.436194e-29
1.132000e+01 8.426679e-29
1.133000e+01 7.524413e-29
1.134000e+01 6.718082e-29
1.135000e+01 5.997560e-29
1.136000e+01 5.353779e-29
1.137000e+01 4.778625e-29
1.138000e+01 4.264832e-29
1.139000e+01 3.805901e-29
1.140000e+01 3.396015e-29
1.141000e+01 3.029970e-29
1.142000e+01 2.703109e-29
1.143000e+01 2.411268e-29
1.144000e+01 2.150720e-29
1.145000e+01 1.918134e-29
1.146000e+01 1.710529e-29
1.147000e+01 1.525241e-29
1.148000e+01 1.359889e-29
1.149000e+01 1.212340e-29
1.150000e+01 1.080693e-29
1.151000e+01 9.632452e-30
1.152000e+01 8.584754e-30
1.153000e+01 7.650246e-30
1.154000e+01 6.816784e-30
1.155000e+01 6.073517e-30
1.156000e+01 5.410751e-30
1.157000e+01 4.819826e-30
1.158000e+01 4.293009e-30
1.159000e+01 3.823391e-30
1.160000e+01 3.404806e-30
1.161000e+01 3.031743e-30
1.162000e+01 2.699287e-30
1.163000e+01 2.403048e-30
1.164000e+01 2.139106e-30
1.165000e+01 1.903964e-30
1.166000e+01 1.694500e-30
1.167000e+01 1.507930e-30
1.168000e+01 1.341768e-30
1.169000e+01 1.193796e-30
1.170000e+01 1.062036e-30
1.171000e+01 9.447243e-31
1.172000e+01 8.402867e-31
1.173000e+01 7.473197e-31
1.174000e+01 6.645719e-31
1.175000e+01 5.909274e-31
1.176000e+01 5.253912e-31
1.177000e+01 4.670765e-31
1.178000e+01 4.151929e-31
1.179000e+01 3.690356e-31
1.180000e+01 3.279769e-31
1.181000e+01 2.914572e-31
1.182000e+01 2.589780e-31
1.183000e+01 2.300952e-31
1.184000e+01 2.044131e-31
1.185000e+01 1.815794e-31
1.186000e+01 1.612802e-31
1.187000e+01 1.432359e-31
1.188000e+01 1.271978e-31
1.189000e+01 1.129441e-31
1.190000e+01 1.002777e-31
1.191000e+01 8.902285e-32
1.192000e+01 7.902333e-32
1.193000e+01 7.013999e-32
1.194000e+01 6.224904e-32
1.195000e+01 5.524032e-32
1.196000e+01 4.901582e-32
1.197000e+01 4.348835e-32
1.198000e+01 3.858035e-32
1.199000e+01 3.422284e-32
1.200000e+01 3.035445e-32
1.201000e+01 2.692064e-32
1.202000e+01 2.387288e-32
1.203000e+01 2.116805e-32
1.204000e+01 1.876781e-32
1.205000e+01 1.663806e-32
1.206000e+01 1.474853e-32
1.207000e+01 1.307227e-32
1.208000e+01 1.158537e-32
1.209000e+01 1.026657e-32
1.210000e+01 9.096986e-33
1.211000e+01 8.059835e-33
1.212000e+01 7.140217e-33
1.213000e+01 6.324893e-33
1.214000e+01 5.602109e-33
1.215000e+01 4.961426e-33
1.216000e+01 4.393574e-33
1.217000e+01 3.890327e-33
1.218000e+01 3.444377e-33
1.219000e+01 3.049242e-33
1.220000e+01 2.699167e-33
1.221000e+01 2.389044e-33
1.222000e+01 2.114341e-33
1.223000e+01 1.871038e-33
1.224000e+01 1.655566e-33
1.225000e+01 1.464763e-33
1.226000e+01 1.295819e-33
1.227000e+01 1.146247e-33
1.228000e+01 1.013838e-33
1.229000e+01 8.966346e-34
1.230000e+01 7.929010e-34
1.231000e+01 7.010985e-34
1.232000e+01 6.198629e-34
1.233000e+01 5.479853e-34
1.234000e+01 4.843939e-34
1.235000e+01 4.281392e-34
1.236000e+01 3.783798e-34
1.237000e+01 3.343701e-34
1.238000e+01 2.954496e-34
1.239000e+01 2.610334e-34
1.240000e+01 2.306032e-34
1.241000e+01 2.037000e-34
1.242000e+01 1.799175e-34
1.243000e+01 1.588958e-34
1.244000e+01 1.403162e-34
1.245000e+01 1.238967e-34
1.246000e+01 1.093877e-34
1.247000e+01 9.656809e-35
1.248000e+01 8.524235e-35
1.249000e+01 7.523740e-35
1.250000e+01 6.640009e-35
1.251000e+01 5.859494e-35
1.252000e+01 5.170210e-35
1.253000e+01 4.561554e-35
1.254000e+01 4.024148e-35
1.255000e+01 3.549701e-35
1.256000e+01 3.130877e-35
1.257000e+01 2.761194e-35
1.258000e+01 2.434919e-35
1.259000e+01 2.146982e-35
1.260000e+01 1.892906e-35
1.261000e+01 1.668731e-35
1.262000e+01 1.470957e-35
1.263000e+01 1.296493e-35
1.264000e+01 1.142608e-35
1.265000e+01 1.006887e-35
1.266000e+01 8.871984e-36
1.267000e+01 7.816590e-36
1.268000e+01 6.886055e-36
1.269000e+01 6.065691e-36
1.270000e+01 5.342525e-36
1.271000e+01 4.705106e-36
1.272000e+01 4.143324e-36
1.273000e+01 3.648253e-36
1.274000e+01 3.212015e-36
1.275000e+01 2.827657e-36
1.276000e+01 2.489043e-36
1.277000e+01 2.190760e-36
1.278000e+01 1.928029e-36
1.279000e+01 1.696638e-36
1.280000e+01 1.492867e-36
1.281000e+01 1.313438e-36
1.282000e+01 1.155460e-36
1.283000e+01 1.016381e-36
1.284000e+01 8.939534e-37
1.285000e+01 7.861941e-37
1.286000e+01 6.913552e-37
1.287000e+01 6.078959e-37
1.288000e+01 5.344583e-37
1.289000e+01 4.698454e-37
1.290000e+01 4.130025e-37
1.291000e+01 3.630003e-37
1.292000e+01 3.190200e-37
1.293000e+01 2.803401e-37
1.294000e+01 2.463255e-37
1.295000e+01 2.164163e-37
1.296000e+01 1.901197e-37
1.297000e+01 1.670016e-37
1.298000e+01 1.466800e-37
1.299000e+01 1.288184e-37
1.300000e+01 1.131205e-37
1.301000e+01 9.932563e-38
1.302000e+01 8.720430e-38
1.303000e+01 7.655456e-38
1.304000e+01 6.719869e-38
1.305000e+01 5.898031e-38
1.306000e+01 5.176187e-38
1.307000e+01 4.542232e-38
1.308000e+01 3.985523e-38
1.309000e+01 3.496696e-38
1.310000e+01 3.067517e-38
1.311000e+01 2.690746e-38
1.312000e+01 2.360016e-38
1.313000e+01 2.069731e-38
1.314000e+01 1.814969e-38
1.315000e+01 1.591407e-38
1.316000e+01 1.395243e-38
1.317000e+01 1.223137e-38
1.318000e+01 1.072153e-38
1.319000e+01 9.397124e-39
1.320000e+01 8.235497e-39
1.321000e+01 7.216743e-39
1.322000e+01 6.323379e-39
1.323000e+01 5.540051e-39
1.324000e+01 4.853275e-39
1.325000e+01 4.251210e-39
1.326000e+01 3.723461e-39
1.327000e+01 3.260901e-39
1.328000e+01 2.855519e-39
1.329000e+01 2.500282e-39
1.330000e+01 2.189019e-39
1.331000e+01 1.916314e-39
1.332000e+01 1.677415e-39
1.333000e+01 1.468151e-39
1.334000e+01 1.284865e-39
1.335000e+01 1.124348e-39
1.336000e+01 9.837866e-40
1.337000e+01 8.607111e-40
1.338000e+01 7.529576e-40
1.339000e+01 6.586281e-40
1.340000e+01 5.760584e-40
1.341000e+01 5.037897e-40
1.342000e+01 4.405434e-40
1.343000e+01 3.851986e-40
1.344000e+01 3.367729e-40
1.345000e+01 2.944058e-40
1.346000e+01 2.573428e-40
1.347000e+01 2.249232e-40
1.348000e+01 1.965681e-40
1.349000e+01 1.717704e-40
1.350000e+01 1.500861e-40
1.351000e+01 1.311260e-40
1.352000e+01 1.145497e-40
1.353000e+01 1.000589e-40
1.354000e+01 8.739246e-41
1.355000e+01 7.632183e-41
1.356000e+01 6.664693e-41
1.357000e+01 5.819264e-41
1.358000e+01 5.080572e-41
1.359000e+01 4.435205e-41
1.360000e+01 3.871430e-41
1.361000e+01 3.378980e-41
1.362000e+01 2.948875e-41
1.363000e+01 2.573261e-41
1.364000e+01 2.245266e-41
1.365000e+01 1.958882e-41
1.366000e+01 1.708856e-41
1.367000e+01 1.490593e-41
1.368000e+01 1.300077e-41
1.369000e+01 1.133799e-41
1.370000e+01 9.886883e-42
1.371000e+01 8.620637e-42
1.372000e+01 7.515811e-42
1.373000e+01 6.551925e-42
1.374000e+01 5.711085e-42
1.375000e+01 4.977655e-42
1.376000e+01 4.337981e-42
1.377000e+01 3.780132e-42
1.378000e+01 3.293691e-42
1.379000e+01 2.869561e-42
1.380000e+01 2.499796e-42
1.381000e+01 2.177460e-42
1.382000e+01 1.896498e-42
1.383000e+01 1.651624e-42
1.384000e+01 1.438224e-42
1.385000e+01 1.252271e-42
1.386000e+01 1.090252e-42
1.387000e+01 9.491001e-43
1.388000e+01 8.261400e-43
1.389000e+01 7.190380e-43
1.390000e+01 6.257583e-43
1.391000e+01 5.445252e-43
1.392000e+01 4.737900e-43
1.393000e+01 4.122023e-43
1.394000e+01 3.585845e-43
1.395000e+01 3.119099e-43
1.396000e+01 2.712835e-43
1.397000e+01 2.359251e-43
1.398000e+01 2.051547e-43
1.399000e+01 1.783797e-43
1.400000e+01 1.550836e-43
1.401000e+01 1.348165e-43
1.402000e+01 1.171862e-43
1.403000e+01 1.018513e-43
1.404000e+01 8.851431e-44
1.405000e+01 7.691602e-44
1.406000e+01 6.683081e-44
1.407000e+01 5.806216e-44
1.408000e+01 5.043898e-44
1.409000e+01 4.381228e-44
1.410000e+01 3.805240e-44
1.411000e+01 3.304645e-44
1.412000e+01 2.869619e-44
1.413000e+01 2.491610e-44
1.414000e+01 2.163180e-44
1.415000e+01 1.877853e-44
1.416000e+01 1.629999e-44
1.417000e+01 1.414716e-44
1.418000e+01 1.227745e-44
1.419000e+01 1.065377e-44
1.420000e+01 9.243903e-45
1.421000e+01 8.019806e-45
1.422000e+01 6.957111e-45
1.423000e+01 6.034628e-45
1.424000e+01 5.233939e-45
1.425000e+01 4.539034e-45
1.426000e+01 3.935997e-45
1.427000e+01 3.412736e-45
1.428000e+01 2.958742e-45
1.429000e+01 2.564887e-45
1.430000e+01 2.223237e-45
1.431000e+01 1.926903e-45
1.432000e+01 1.669901e-45
1.433000e+01 1.447032e-45
1.434000e+01 1.253782e-45
1.435000e+01 1.086231e-45
1.436000e+01 9.409778e-46
1.437000e+01 8.150663e-46
1.438000e+01 7.059324e-46
1.439000e+01 6.113499e-46
1.440000e+01 5.293869e-46
1.441000e+01 4.583667e-46
1.442000e+01 3.968346e-46
1.443000e+01 3.435283e-46
1.444000e+01 2.973529e-46
1.445000e+01 2.573584e-46
1.446000e+01 2.227209e-46
1.447000e+01 1.927260e-46
1.448000e+01 1.667540e-46
1.449000e+01 1.442675e-46
1.450000e+01 1.248009e-46
1.451000e+01 1.079501e-46
1.452000e+01 9.336528e-47
1.453000e+01 8.074286e-47
1.454000e+01 6.981993e-47
1.455000e+01 6.036863e-47
1.456000e+01 5.219149e-47
1.457000e+01 4.511747e-47
1.458000e+01 3.899836e-47
1.459000e+01 3.370579e-47
1.460000e+01 2.912857e-47
1.461000e+01 2.517042e-47
1.462000e+01 2.174795e-47
1.463000e+01 1.878896e-47
1.464000e+01 1.623094e-47
1.465000e+01 1.401978e-47
1.466000e+01 1.210864e-47
1.467000e+01 1.045698e-47
1.468000e+01 9.029703e-48
1.469000e+01 7.796458e-48
1.470000e+01 6.730972e-48
1.471000e+01 5.810517e-48
1.472000e+01 5.015432e-48
1.473000e+01 4.328710e-48
1.474000e+01 3.735641e-48
1.475000e+01 3.223506e-48
1.476000e+01 2.781303e-48
1.477000e+01 2.399522e-48
1.478000e+01 2.069940e-48
1.479000e+01 1.785448e-48
1.480000e+01 1.539903e-48
1.481000e+01 1.327994e-48
1.482000e+01 1.145132e-48
1.483000e+01 9.873502e-49
1.484000e+01 8.512236e-49
1.485000e+01 7.337914e-49
1.486000e+01 6.324966e-49
1.487000e+01 5.451303e-49
1.488000e+01 4.697848e-49
1.489000e+01 4.048128e-49
1.490000e+01 3.487917e-49
1.491000e+01 3.004931e-49
1.492000e+01 2.588567e-49
1.493000e+01 2.229672e-49
1.494000e+01 1.920345e-49
1.495000e+01 1.653765e-49
1.496000e+01 1.424050e-49
1.497000e+01 1.226120e-49
1.498000e+01 1.055595e-49
1.499000e+01 9.086954e-50
1.500000e+01 7.821604e-50
1.501000e+01 6.731781e-50
1.502000e+01 5.793228e-50
1.503000e+01 4.985031e-50
1.504000e+01 4.289155e-50
1.505000e+01 3.690049e-50
1.506000e+01 3.174308e-50
1.507000e+01 2.730377e-50
1.508000e+01 2.348295e-50
1.509000e+01 2.019479e-50
1.510000e+01 1.736531e-50
1.511000e+01 1.493078e-50
1.512000e+01 1.283627e-50
1.513000e+01 1.103448e-50
1.514000e+01 9.484651e-51
1.515000e+01 8.151686e-51
1.516000e+01 7.005355e-51
1.517000e+01 6.019624e-51
1.518000e+01 5.172079e-51
1.519000e+01 4.443422e-51
1.520000e+01 3.817038e-51
1.521000e+01 3.278627e-51
1.522000e+01 2.815880e-51
1.523000e+01 2.418203e-51
1.524000e+01 2.076481e-51
1.525000e+01 1.782871e-51
1.526000e+01 1.530623e-51
1.527000e+01 1.313933e-51
1.528000e+01 1.127807e-51
1.529000e+01 9.679497e-52
1.530000e+01 8.306679e-52
1.531000e+01 7.127852e-52
1.532000e+01 6.115704e-52
1.533000e+01 5.246756e-52
1.534000e+01 4.500821e-52
1.535000e+01 3.860551e-52
1.536000e+01 3.311032e-52
1.537000e+01 2.839449e-52
1.538000e+01 2.434788e-52
1.539000e+01 2.087589e-52
1.540000e+01 1.789721e-52
1.541000e+01 1.534201e-52
1.542000e+01 1.315031e-52
1.543000e+01 1.127057e-52
1.544000e+01 9.658564e-53
1.545000e+01 8.276292e-53
1.546000e+01 7.091132e-53
1.547000e+01 6.075079e-53
1.548000e+01 5.204091e-53
1.549000e+01 4.457531e-53
1.550000e+01 3.817688e-53
1.551000e+01 3.269362e-53
1.552000e+01 2.799512e-53
1.553000e+01 2.396945e-53
1.554000e+01 2.052062e-53
1.555000e+01 1.756626e-53
1.556000e+01 1.503574e-53
1.557000e+01 1.286847e-53
1.558000e+01 1.101249e-53
1.559000e+01 9.423250e-54
1.560000e+01 8.062552e-54
1.561000e+01 6.897645e-54
1.562000e+01 5.900459e-54
1.563000e+01 5.046930e-54
1.564000e+01 4.316436e-54
1.565000e+01 3.691305e-54
1.566000e+01 3.156394e-54
1.567000e+01 2.698727e-54
1.568000e+01 2.307189e-54
1.569000e+01 1.972260e-54
1.570000e+01 1.685783e-54
1.571000e+01 1.440773e-54
1.572000e+01 1.231250e-54
1.573000e+01 1.052091e-54
1.574000e+01 8.989122e-55
1.575000e+01 7.679582e-55
1.576000e+01 6.560161e-55
1.577000e+01 5.603353e-55
1.578000e+01 4.785618e-55
1.579000e+01 4.086812e-55
1.580000e+01 3.489698e-55
1.581000e+01 2.979529e-55
1.582000e+01 2.543688e-55
1.583000e+01 2.171385e-55
1.584000e+01 1.853388e-55
1.585000e+01 1.581803e-55
1.586000e+01 1.349879e-55
1.587000e+01 1.151845e-55
1.588000e+01 9.827654e-56
1.589000e+01 8.384211e-56
1.590000e+01 7.152059e-56
1.591000e+01 6.100375e-56
1.592000e+01 5.202817e-56
1.593000e+01 4.436875e-56
1.594000e+01 3.783314e-56
1.595000e+01 3.225701e-56
1.596000e+01 2.749998e-56
1.597000e+01 2.344214e-56
1.598000e+01 1.998107e-56
1.599000e+01 1.702930e-56
1.600000e+01 1.451214e-56
1.601000e+01 1.236581e-56
1.602000e+01 1.053587e-56
1.603000e+01 8.975830e-57
1.604000e+01 7.646021e-57
1.605000e+01 6.512578e-57
1.606000e+01 5.546601e-57
1.607000e+01 4.723431e-57
1.608000e+01 4.022024e-57
1.609000e+01 3.424431e-57
1.610000e+01 2.915337e-57
1.611000e+01 2.481679e-57
1.612000e+01 2.112317e-57
1.613000e+01 1.797749e-57
1.614000e+01 1.529874e-57
1.615000e+01 1.301784e-57
1.616000e+01 1.107589e-57
1.617000e+01 9.422688e-58
1.618000e+01 8.015446e-58
1.619000e+01 6.817688e-58
1.620000e+01 5.798333e-58
1.621000e+01 4.930895e-58
1.622000e+01 4.192807e-58
1.623000e+01 3.564845e-58
1.624000e+01 3.030630e-58
1.625000e+01 2.576213e-58
1.626000e+01 2.189713e-58
1.627000e+01 1.861012e-58
1.628000e+01 1.581495e-58
1.629000e+01 1.343826e-58
1.630000e+01 1.141759e-58
1.631000e+01 9.699803e-59
1.632000e+01 8.239631e-59
1.633000e+01 6.998568e-59
1.634000e+01 5.943841e-59
1.635000e+01 5.047563e-59
1.636000e+01 4.286007e-59
1.637000e+01 3.638988e-59
1.638000e+01 3.089334e-59
1.639000e+01 2.622441e-59
1.640000e+01 2.225887e-59
1.641000e+01 1.889109e-59
1.642000e+01 1.603126e-59
1.643000e+01 1.360300e-59
1.644000e+01 1.154140e-59
1.645000e+01 9.791265e-60
1.646000e+01 8.305688e-60
1.647000e+01 7.044806e-60
1.648000e+01 5.974740e-60
1.649000e+01 5.066705e-60
1.650000e+01 4.296242e-60
1.651000e+01 3.642574e-60
1.652000e+01 3.088053e-60
1.653000e+01 2.617686e-60
1.654000e+01 2.218743e-60
1.655000e+01 1.880412e-60
1.656000e+01 1.593512e-60
1.657000e+01 1.350251e-60
1.658000e+01 1.144011e-60
1.659000e+01 9.691757e-61
1.660000e+01 8.209777e-61
1.661000e+01 6.953713e-61
1.662000e+01 5.889233e-61
1.663000e+01 4.987205e-61
1.664000e+01 4.222915e-61
1.665000e+01 3.575395e-61
1.666000e+01 3.026860e-61
1.667000e+01 2.562224e-61
1.668000e+01 2.168695e-61
1.669000e+01 1.835424e-61
1.670000e+01 1.553213e-61
1.671000e+01 1.314263e-61
1.672000e+01 1.111962e-61
1.673000e+01 9.407063e-62
1.674000e+01 7.957468e-62
1.675000e+01 6.730577e-62
1.676000e+01 5.692280e-62
1.677000e+01 4.813675e-62
1.678000e+01 4.070276e-62
1.679000e+01 3.441340e-62
1.680000e+01 2.909295e-62
1.681000e+01 2.459261e-62
1.682000e+01 2.078634e-62
1.683000e+01 1.756742e-62
1.684000e+01 1.484549e-62
1.685000e+01 1.254404e-62
1.686000e+01 1.059832e-62
1.687000e+01 8.953513e-63
1.688000e+01 7.563212e-63
1.689000e+01 6.388158e-63
1.690000e+01 5.395126e-63
1.691000e+01 4.556004e-63
1.692000e+01 3.847009e-63
1.693000e+01 3.248021e-63
1.694000e+01 2.742023e-63
1.695000e+01 2.314621e-63
1.696000e+01 1.953643e-63
1.697000e+01 1.648797e-63
1.698000e+01 1.391380e-63
1.699000e+01 1.174034e-63
1.700000e+01 9.905409e-64
1.701000e+01 8.356428e-64
1.702000e+01 7.048966e-64
1.703000e+01 5.945478e-64
1.704000e+01 5.014236e-64
1.705000e+01 4.228431e-64
1.706000e+01 3.565417e-64
1.707000e+01 3.006062e-64
1.708000e+01 2.534208e-64
1.709000e+01 2.136205e-64
1.710000e+01 1.800530e-64
1.711000e+01 1.517450e-64
1.712000e+01 1.278747e-64
1.713000e+01 1.077486e-64
1.714000e+01 9.078111e-65
1.715000e+01 7.647785e-65
1.716000e+01 6.442174e-65
1.717000e+01 5.426075e-65
1.718000e+01 4.569785e-65
1.719000e+01 3.848241e-65
1.720000e+01 3.240301e-65
1.721000e+01 2.728129e-65
1.722000e+01 2.296683e-65
1.723000e+01 1.933276e-65
1.724000e+01 1.627209e-65
1.725000e+01 1.369459e-65
1.726000e+01 1.152422e-65
1.727000e+01 9.696851e-66
1.728000e+01 8.158425e-66
1.729000e+01 6.863388e-66
1.730000e+01 5.773342e-66
1.731000e+01 4.855933e-66
1.732000e+01 4.083895e-66
1.733000e+01 3.434259e-66
1.734000e+01 2.887674e-66
1.735000e+01 2.427838e-66
1.736000e+01 2.041023e-66
1.737000e+01 1.715666e-66
1.738000e+01 1.442029e-66
1.739000e+01 1.211914e-66
1.740000e+01 1.018419e-66
1.741000e+01 8.557313e-67
1.742000e+01 7.189605e-67
1.743000e+01 6.039893e-67
1.744000e+01 5.073527e-67
1.745000e+01 4.261351e-67
1.746000e+01 3.578831e-67
1.747000e+01 3.005327e-67
1.748000e+01 2.523473e-67
1.749000e+01 2.118665e-67
1.750000e+01 1.778617e-67
1.751000e+01 1.492998e-67
1.752000e+01 1.253120e-67
1.753000e+01 1.051677e-67
1.754000e+01 8.825289e-68
1.755000e+01 7.405118e-68
1.756000e+01 6.212860e-68
1.757000e+01 5.212040e-68
1.758000e+01 4.372004e-68
1.759000e+01 3.666991e-68
1.760000e+01 3.075358e-68
1.761000e+01 2.578922e-68
1.762000e+01 2.162406e-68
1.763000e+01 1.812979e-68
1.764000e+01 1.519865e-68
1.765000e+01 1.274013e-68
1.766000e+01 1.067822e-68
1.767000e+01 8.949131e-69
1.768000e+01 7.499276e-69
1.769000e+01 6.283684e-69
1.770000e+01 5.264607e-69
1.771000e+01 4.410361e-69
1.772000e+01 3.694357e-69
1.773000e+01 3.094284e-69
1.774000e+01 2.591421e-69
1.775000e+01 2.170064e-69
1.776000e+01 1.817036e-69
1.777000e+01 1.521287e-69
1.778000e+01 1.273548e-69
1.779000e+01 1.066046e-69
1.780000e+01 8.922637e-70
1.781000e+01 7.467360e-70
1.782000e+01 6.248813e-70
1.783000e+01 5.228590e-70
1.784000e+01 4.374497e-70
1.785000e+01 3.659555e-70
1.786000e+01 3.061153e-70
1.787000e+01 2.560344e-70
1.788000e+01 2.141254e-70
1.789000e+01 1.790584e-70
1.790000e+01 1.497192e-70
1.791000e+01 1.251749e-70
1.792000e+01 1.046438e-70
1.793000e+01 8.747139e-71
1.794000e+01 7.310975e-71
1.795000e+01 6.109999e-71
1.796000e+01 5.105798e-71
1.797000e+01 4.266213e-71
1.798000e+01 3.564332e-71
1.799000e+01 2.977627e-71
1.800000e+01 2.487247e-71
1.801000e+01 2.077420e-71
1.802000e+01 1.734947e-71
1.803000e+01 1.448787e-71
1.804000e+01 1.209705e-71
1.805000e+01 1.009976e-71
1.806000e+01 8.431391e-72
1.807000e+01 7.037914e-72
1.808000e+01 5.874152e-72
1.809000e+01 4.902336e-72
1.810000e+01 4.090887e-72
1.811000e+01 3.413410e-72
1.812000e+01 2.847843e-72
1.813000e+01 2.375747e-72
1.814000e+01 1.981713e-72
1.815000e+01 1.652868e-72
1.816000e+01 1.378453e-72
1.817000e+01 1.149482e-72
1.818000e+01 9.584497e-73
1.819000e+01 7.990848e-73
1.820000e+01 6.661514e-73
1.821000e+01 5.552770e-73
1.822000e+01 4.628102e-73
1.823000e+01 3.857028e-73
1.824000e+01 3.214098e-73
1.825000e+01 2.678071e-73
1.826000e+01 2.231216e-73
1.827000e+01 1.858736e-73
1.828000e+01 1.548283e-73
1.829000e+01 1.289555e-73
1.830000e+01 1.073954e-73
1.831000e+01 8.943097e-74
1.832000e+01 7.446409e-74
1.833000e+01 6.199582e-74
1.834000e+01 5.161008e-74
1.835000e+01 4.295990e-74
1.836000e+01 3.575596e-74
1.837000e+01 2.975708e-74
1.838000e+01 2.476217e-74
1.839000e+01 2.060363e-74
1.840000e+01 1.714175e-74
1.841000e+01 1.426012e-74
1.842000e+01 1.186173e-74
1.843000e+01 9.865729e-75
1.844000e+01 8.204781e-75
1.845000e+01 6.822780e-75
1.846000e+01 5.672994e-75
1.847000e+01 4.716500e-75
1.848000e+01 3.920884e-75
1.849000e+01 3.259152e-75
1.850000e+01 2.708831e-75
1.851000e+01 2.251208e-75
1.852000e+01 1.870708e-75
1.853000e+01 1.554365e-75
1.854000e+01 1.291387e-75
1.855000e+01 1.072795e-75
1.856000e+01 8.911140e-76
1.857000e+01 7.401274e-76
1.858000e+01 6.146619e-76
1.859000e+01 5.104141e-76
1.860000e+01 4.238045e-76
1.861000e+01 3.518561e-76
1.862000e+01 2.920930e-76
1.863000e+01 2.424565e-76
1.864000e+01 2.012348e-76
1.865000e+01 1.670048e-76
1.866000e+01 1.385834e-76
1.867000e+01 1.149874e-76
1.868000e+01 9.539940e-77
1.869000e+01 7.914031e-77
1.870000e+01 6.564571e-77
1.871000e+01 5.444670e-77
1.872000e+01 4.515370e-77
1.873000e+01 3.744309e-77
1.874000e+01 3.104607e-77
1.875000e+01 2.573939e-77
1.876000e+01 2.133763e-77
1.877000e+01 1.768687e-77
1.878000e+01 1.465926e-77
1.879000e+01 1.214870e-77
1.880000e+01 1.006710e-77
1.881000e+01 8.341327e-78
1.882000e+01 6.910710e-78
1.883000e+01 5.724884e-78
1.884000e+01 4.742063e-78
1.885000e+01 3.927575e-78
1.886000e+01 3.252657e-78
1.887000e+01 2.693448e-78
1.888000e+01 2.230158e-78
1.889000e+01 1.846371e-78
1.890000e+01 1.528478e-78
1.891000e+01 1.265190e-78
1.892000e+01 1.047150e-78
1.893000e+01 8.666001e-79
1.894000e+01 7.171088e-79
1.895000e+01 5.933459e-79
1.896000e+01 4.908937e-79
1.897000e+01 4.060911e-79
1.898000e+01 3.359047e-79
1.899000e+01 2.778212e-79
1.900000e+01 2.297582e-79
1.901000e+01 1.899912e-79
1.902000e+01 1.570914e-79
1.903000e+01 1.298757e-79
1.904000e+01 1.073643e-79
1.905000e+01 8.874593e-80
1.906000e+01 7.334891e-80
1.907000e+01 6.061713e-80
1.908000e+01 5.009031e-80
1.909000e+01 4.138745e-80
1.910000e+01 3.419323e-80
1.911000e+01 2.824673e-80
1.912000e+01 2.333204e-80
1.913000e+01 1.927054e-80
1.914000e+01 1.591445e-80
1.915000e+01 1.314153e-80
1.916000e+01 1.085068e-80
1.917000e+01 8.958274e-81
1.918000e+01 7.395174e-81
1.919000e+01 6.104203e-81
1.920000e+01 5.038093e-81
1.921000e+01 4.157765e-81
1.922000e+01 3.430917e-81
1.923000e+01 2.830852e-81
1.924000e+01 2.335504e-81
1.925000e+01 1.926640e-81
1.926000e+01 1.589195e-81
1.927000e+01 1.310721e-81
1.928000e+01 1.080936e-81
1.929000e+01 8.913462e-82
1.930000e+01 7.349356e-82
1.931000e+01 6.059109e-82
1.932000e+01 4.994876e-82
1.933000e+01 4.117156e-82
1.934000e+01 3.393333e-82
1.935000e+01 2.796483e-82
1.936000e+01 2.304382e-82
1.937000e+01 1.898687e-82
1.938000e+01 1.564260e-82
1.939000e+01 1.288608e-82
1.940000e+01 1.061425e-82
1.941000e+01 8.742077e-83
1.942000e+01 7.199401e-83
1.943000e+01 5.928361e-83
1.944000e+01 4.881233e-83
1.945000e+01 4.018657e-83
1.946000e+01 3.308179e-83
1.947000e+01 2.723037e-83
1.948000e+01 2.241169e-83
1.949000e+01 1.844388e-83
1.950000e+01 1.517703e-83
1.951000e+01 1.248756e-83
1.952000e+01 1.027366e-83
1.953000e+01 8.451406e-84
1.954000e+01 6.951677e-84
1.955000e+01 5.717507e-84
1.956000e+01 4.701976e-84
1.957000e+01 3.866435e-84
1.958000e+01 3.179051e-84
1.959000e+01 2.613611e-84
1.960000e+01 2.148528e-84
1.961000e+01 1.766028e-84
1.962000e+01 1.451479e-84
1.963000e+01 1.192835e-84
1.964000e+01 9.801819e-85
1.965000e+01 8.053590e-85
1.966000e+01 6.616509e-85
1.967000e+01 5.435318e-85
1.968000e+01 4.464548e-85
1.969000e+01 3.666795e-85
1.970000e+01 3.011288e-85
1.971000e+01 2.472718e-85
1.972000e+01 2.030268e-85
1.973000e+01 1.666821e-85
1.974000e+01 1.368298e-85
1.975000e+01 1.123128e-85
1.976000e+01 9.217954e-86
1.977000e+01 7.564778e-86
1.978000e+01 6.207468e-86
1.979000e+01 5.093183e-86
1.980000e+01 4.178503e-86
1.981000e+01 3.427747e-86
1.982000e+01 2.811598e-86
1.983000e+01 2.305974e-86
1.984000e+01 1.891089e-86
1.985000e+01 1.550695e-86
1.986000e+01 1.271444e-86
1.987000e+01 1.042376e-86
1.988000e+01 8.544930e-87
1.989000e+01 7.004047e-87
1.990000e+01 5.740453e-87
1.991000e+01 4.704353e-87
1.992000e+01 3.854873e-87
1.993000e+01 3.158471e-87
1.994000e+01 2.587619e-87
1.995000e+01 2.119729e-87
1.996000e+01 1.736268e-87
1.997000e+01 1.422034e-87
1.998000e+01 1.164554e-87
1.999000e+01 9.535992e-88
