0.000000e+00 4.807223e-01
1.000000e-02 4.807223e-01
2.000000e-02 4.806875e-01
3.000000e-02 4.806249e-01
4.000000e-02 4.805356e-01
5.000000e-02 4.804201e-01
6.000000e-02 4.802784e-01
7.000000e-02 4.801104e-01
8.000000e-02 4.799162e-01
9.000000e-02 4.796960e-01
1.000000e-01 4.794497e-01
1.100000e-01 4.791774e-01
1.200000e-01 4.788790e-01
1.300000e-01 4.785547e-01
1.400000e-01 4.782044e-01
1.500000e-01 4.778281e-01
1.600000e-01 4.774256e-01
1.700000e-01 4.769970e-01
1.800000e-01 4.765422e-01
1.900000e-01 4.760614e-01
2.000000e-01 4.755545e-01
2.100000e-01 4.750215e-01
2.200000e-01 4.744622e-01
2.300000e-01 4.738767e-01
2.400000e-01 4.732650e-01
2.500000e-01 4.726271e-01
2.600000e-01 4.719631e-01
2.700000e-01 4.712729e-01
2.800000e-01 4.705563e-01
2.900000e-01 4.698135e-01
3.000000e-01 4.690444e-01
3.100000e-01 4.682491e-01
3.200000e-01 4.674275e-01
3.300000e-01 4.665796e-01
3.400000e-01 4.657053e-01
3.500000e-01 4.648048e-01
3.600000e-01 4.638779e-01
3.700000e-01 4.629247e-01
3.800000e-01 4.619450e-01
3.900000e-01 4.609390e-01
4.000000e-01 4.599066e-01
4.100000e-01 4.588479e-01
4.200000e-01 4.577628e-01
4.300000e-01 4.566514e-01
4.400000e-01 4.555137e-01
4.500000e-01 4.543495e-01
4.600000e-01 4.531591e-01
4.700000e-01 4.519422e-01
4.800000e-01 4.506990e-01
4.900000e-01 4.494294e-01
5.000000e-01 4.481334e-01
5.100000e-01 4.468112e-01
5.200000e-01 4.454626e-01
5.300000e-01 4.440878e-01
5.400000e-01 4.426867e-01
5.500000e-01 4.412595e-01
5.600000e-01 4.398060e-01
5.700000e-01 4.383264e-01
5.800000e-01 4.368208e-01
5.900000e-01 4.352890e-01
6.000000e-01 4.337312e-01
6.100000e-01 4.321475e-01
6.200000e-01 4.305379e-01
6.300000e-01 4.289025e-01
6.400000e-01 4.272413e-01
6.500000e-01 4.255544e-01
6.600000e-01 4.238418e-01
6.700000e-01 4.221037e-01
6.800000e-01 4.203402e-01
6.900000e-01 4.185513e-01
7.000000e-01 4.167372e-01
7.100000e-01 4.148979e-01
7.200000e-01 4.130336e-01
7.300000e-01 4.111444e-01
7.400000e-01 4.092303e-01
7.500000e-01 4.072914e-01
7.600000e-01 4.053281e-01
7.700000e-01 4.033404e-01
7.800000e-01 4.013285e-01
7.900000e-01 3.992925e-01
8.000000e-01 3.972326e-01
8.100000e-01 3.951490e-01
8.200000e-01 3.930418e-01
8.300000e-01 3.909113e-01
8.400000e-01 3.887574e-01
8.500000e-01 3.865807e-01
8.600000e-01 3.843811e-01
8.700000e-01 3.821591e-01
8.800000e-01 3.799146e-01
8.900000e-01 3.776481e-01
9.000000e-01 3.753598e-01
9.100000e-01 3.730498e-01
9.200000e-01 3.707185e-01
9.300000e-01 3.683661e-01
9.400000e-01 3.659929e-01
9.500000e-01 3.635993e-01
9.600000e-01 3.611854e-01
9.700000e-01 3.587517e-01
9.800000e-01 3.562984e-01
9.900000e-01 3.538258e-01
1.000000e+00 3.513342e-01
1.010000e+00 3.488241e-01
1.020000e+00 3.462958e-01
1.030000e+00 3.437497e-01
1.040000e+00 3.411860e-01
1.050000e+00 3.386052e-01
1.060000e+00 3.360077e-01
1.070000e+00 3.333937e-01
1.080000e+00 3.307638e-01
1.090000e+00 3.281184e-01
1.100000e+00 3.254578e-01
1.110000e+00 3.227825e-01
1.120000e+00 3.200929e-01
1.130000e+00 3.173895e-01
1.140000e+00 3.146727e-01
1.150000e+00 3.119430e-01
1.160000e+00 3.092008e-01
1.170000e+00 3.064467e-01
1.180000e+00 3.036810e-01
1.190000e+00 3.009044e-01
1.200000e+00 2.981172e-01
1.210000e+00 2.953200e-01
1.220000e+00 2.925133e-01
1.230000e+00 2.896976e-01
1.240000e+00 2.868735e-01
1.250000e+00 2.840414e-01
1.260000e+00 2.812019e-01
1.270000e+00 2.783556e-01
1.280000e+00 2.755029e-01
1.290000e+00 2.726444e-01
1.300000e+00 2.697807e-01
1.310000e+00 2.669123e-01
1.320000e+00 2.640398e-01
1.330000e+00 2.611637e-01
1.340000e+00 2.582848e-01
1.350000e+00 2.554034e-01
1.360000e+00 2.525202e-01
1.370000e+00 2.496357e-01
1.380000e+00 2.467506e-01
1.390000e+00 2.438654e-01
1.400000e+00 2.409806e-01
1.410000e+00 2.380969e-01
1.420000e+00 2.352148e-01
1.430000e+00 2.323349e-01
1.440000e+00 2.294577e-01
1.450000e+00 2.265840e-01
1.460000e+00 2.237142e-01
1.470000e+00 2.208490e-01
1.480000e+00 2.179890e-01
1.490000e+00 2.151346e-01
1.500000e+00 2.122865e-01
1.510000e+00 2.094452e-01
1.520000e+00 2.066113e-01
1.530000e+00 2.037854e-01
1.540000e+00 2.009680e-01
1.550000e+00 1.981597e-01
1.560000e+00 1.953610e-01
1.570000e+00 1.925725e-01
1.580000e+00 1.897946e-01
1.590000e+00 1.870281e-01
1.600000e+00 1.842733e-01
1.610000e+00 1.815309e-01
1.620000e+00 1.788012e-01
1.630000e+00 1.760849e-01
1.640000e+00 1.733825e-01
1.650000e+00 1.706944e-01
1.660000e+00 1.680211e-01
1.670000e+00 1.653630e-01
1.680000e+00 1.627208e-01
1.690000e+00 1.600948e-01
1.700000e+00 1.574854e-01
1.710000e+00 1.548932e-01
1.720000e+00 1.523185e-01
1.730000e+00 1.497617e-01
1.740000e+00 1.472234e-01
1.750000e+00 1.447038e-01
1.760000e+00 1.422034e-01
1.770000e+00 1.397225e-01
1.780000e+00 1.372616e-01
1.790000e+00 1.348210e-01
1.800000e+00 1.324010e-01
1.810000e+00 1.300021e-01
1.820000e+00 1.276244e-01
1.830000e+00 1.252684e-01
1.840000e+00 1.229343e-01
1.850000e+00 1.206224e-01
1.860000e+00 1.183330e-01
1.870000e+00 1.160663e-01
1.880000e+00 1.138228e-01
1.890000e+00 1.116025e-01
1.900000e+00 1.094057e-01
1.910000e+00 1.072326e-01
1.920000e+00 1.050835e-01
1.930000e+00 1.029585e-01
1.940000e+00 1.008579e-01
1.950000e+00 9.878171e-02
1.960000e+00 9.673022e-02
1.970000e+00 9.470356e-02
1.980000e+00 9.270184e-02
1.990000e+00 9.072518e-02
2.000000e+00 8.877369e-02
2.010000e+00 8.684748e-02
2.020000e+00 8.494663e-02
2.030000e+00 8.307120e-02
2.040000e+00 8.122128e-02
2.050000e+00 7.939691e-02
2.060000e+00 7.759816e-02
2.070000e+00 7.582509e-02
2.080000e+00 7.407770e-02
2.090000e+00 7.235597e-02
2.100000e+00 7.065991e-02
2.110000e+00 6.898951e-02
2.120000e+00 6.734476e-02
2.130000e+00 6.572567e-02
2.140000e+00 6.413217e-02
2.150000e+00 6.256419e-02
2.160000e+00 6.102166e-02
2.170000e+00 5.950453e-02
2.180000e+00 5.801271e-02
2.190000e+00 5.654614e-02
2.200000e+00 5.510472e-02
2.210000e+00 5.368834e-02
2.220000e+00 5.229688e-02
2.230000e+00 5.093021e-02
2.240000e+00 4.958823e-02
2.250000e+00 4.827079e-02
2.260000e+00 4.697775e-02
2.270000e+00 4.570897e-02
2.280000e+00 4.446428e-02
2.290000e+00 4.324353e-02
2.300000e+00 4.204655e-02
2.310000e+00 4.087314e-02
2.320000e+00 3.972313e-02
2.330000e+00 3.859629e-02
2.340000e+00 3.749244e-02
2.350000e+00 3.641139e-02
2.360000e+00 3.535295e-02
2.370000e+00 3.431690e-02
2.380000e+00 3.330300e-02
2.390000e+00 3.231101e-02
2.400000e+00 3.134076e-02
2.410000e+00 3.039202e-02
2.420000e+00 2.946457e-02
2.430000e+00 2.855817e-02
2.440000e+00 2.767257e-02
2.450000e+00 2.680753e-02
2.460000e+00 2.596281e-02
2.470000e+00 2.513817e-02
2.480000e+00 2.433336e-02
2.490000e+00 2.354813e-02
2.500000e+00 2.278223e-02
2.510000e+00 2.203541e-02
2.520000e+00 2.130744e-02
2.530000e+00 2.059806e-02
2.540000e+00 1.990699e-02
2.550000e+00 1.923392e-02
2.560000e+00 1.857860e-02
2.570000e+00 1.794081e-02
2.580000e+00 1.732029e-02
2.590000e+00 1.671676e-02
2.600000e+00 1.612997e-02
2.610000e+00 1.555967e-02
2.620000e+00 1.500560e-02
2.630000e+00 1.446751e-02
2.640000e+00 1.394513e-02
2.650000e+00 1.343819e-02
2.660000e+00 1.294644e-02
2.670000e+00 1.246963e-02
2.680000e+00 1.200750e-02
2.690000e+00 1.155980e-02
2.700000e+00 1.112627e-02
2.710000e+00 1.070668e-02
2.720000e+00 1.030079e-02
2.730000e+00 9.908330e-03
2.740000e+00 9.529044e-03
2.750000e+00 9.162711e-03
2.760000e+00 8.809112e-03
2.770000e+00 8.467998e-03
2.780000e+00 8.139106e-03
2.790000e+00 7.822205e-03
2.800000e+00 7.517058e-03
2.810000e+00 7.223421e-03
2.820000e+00 6.941075e-03
2.830000e+00 6.669795e-03
2.840000e+00 6.409344e-03
2.850000e+00 6.159494e-03
2.860000e+00 5.920014e-03
2.870000e+00 5.690691e-03
2.880000e+00 5.471285e-03
2.890000e+00 5.261553e-03
2.900000e+00 5.061269e-03
2.910000e+00 4.870203e-03
2.920000e+00 4.688118e-03
2.930000e+00 4.514775e-03
2.940000e+00 4.349927e-03
2.950000e+00 4.193319e-03
2.960000e+00 4.044703e-03
2.970000e+00 3.903824e-03
2.980000e+00 3.770425e-03
2.990000e+00 3.644258e-03
3.000000e+00 3.525063e-03
3.010000e+00 3.412563e-03
3.020000e+00 3.306482e-03
3.030000e+00 3.206544e-03
3.040000e+00 3.112455e-03
3.050000e+00 3.023916e-03
3.060000e+00 2.940650e-03
3.070000e+00 2.862376e-03
3.080000e+00 2.788807e-03
3.090000e+00 2.719656e-03
3.100000e+00 2.654635e-03
3.110000e+00 2.593472e-03
3.120000e+00 2.535885e-03
3.130000e+00 2.481598e-03
3.140000e+00 2.430359e-03
3.150000e+00 2.381921e-03
3.160000e+00 2.336042e-03
3.170000e+00 2.292490e-03
3.180000e+00 2.251044e-03
3.190000e+00 2.211494e-03
3.200000e+00 2.173649e-03
3.210000e+00 2.137326e-03
3.220000e+00 2.102358e-03
3.230000e+00 2.068594e-03
3.240000e+00 2.035897e-03
3.250000e+00 2.004137e-03
3.260000e+00 1.973187e-03
3.270000e+00 1.942931e-03
3.280000e+00 1.913260e-03
3.290000e+00 1.884079e-03
3.300000e+00 1.855316e-03
3.310000e+00 1.826893e-03
3.320000e+00 1.798752e-03
3.330000e+00 1.770848e-03
3.340000e+00 1.743125e-03
3.350000e+00 1.715543e-03
3.360000e+00 1.688074e-03
3.370000e+00 1.660697e-03
3.380000e+00 1.633373e-03
3.390000e+00 1.606056e-03
3.400000e+00 1.578754e-03
3.410000e+00 1.551465e-03
3.420000e+00 1.524173e-03
3.430000e+00 1.496884e-03
3.440000e+00 1.469595e-03
3.450000e+00 1.442286e-03
3.460000e+00 1.414962e-03
3.470000e+00 1.387638e-03
3.480000e+00 1.360321e-03
3.490000e+00 1.333014e-03
3.500000e+00 1.305724e-03
3.510000e+00 1.278469e-03
3.520000e+00 1.251266e-03
3.530000e+00 1.224125e-03
3.540000e+00 1.197065e-03
3.550000e+00 1.170089e-03
3.560000e+00 1.143191e-03
3.570000e+00 1.116386e-03
3.580000e+00 1.089689e-03
3.590000e+00 1.063107e-03
3.600000e+00 1.036656e-03
3.610000e+00 1.010356e-03
3.620000e+00 9.842168e-04
3.630000e+00 9.582524e-04
3.640000e+00 9.324849e-04
3.650000e+00 9.069343e-04
3.660000e+00 8.816022e-04
3.670000e+00 8.564953e-04
3.680000e+00 8.316287e-04
3.690000e+00 8.070197e-04
3.700000e+00 7.826800e-04
3.710000e+00 7.586166e-04
3.720000e+00 7.348410e-04
3.730000e+00 7.113557e-04
3.740000e+00 6.881638e-04
3.750000e+00 6.652768e-04
3.760000e+00 6.426910e-04
3.770000e+00 6.204191e-04
3.780000e+00 5.984948e-04
3.790000e+00 5.769257e-04
3.800000e+00 5.557148e-04
3.810000e+00 5.348568e-04
3.820000e+00 5.143495e-04
3.830000e+00 4.942105e-04
3.840000e+00 4.744352e-04
3.850000e+00 4.550072e-04
3.860000e+00 4.359356e-04
3.870000e+00 4.172298e-04
3.880000e+00 3.988951e-04
3.890000e+00 3.809415e-04
3.900000e+00 3.633792e-04
3.910000e+00 3.461989e-04
3.920000e+00 3.293967e-04
3.930000e+00 3.129795e-04
3.940000e+00 2.969505e-04
3.950000e+00 2.813074e-04
3.960000e+00 2.660399e-04
3.970000e+00 2.511599e-04
3.980000e+00 2.366633e-04
3.990000e+00 2.225431e-04
4.000000e+00 2.088105e-04
4.010000e+00 1.954672e-04
4.020000e+00 1.825188e-04
4.030000e+00 1.699774e-04
4.040000e+00 1.578336e-04
4.050000e+00 1.460778e-04
4.060000e+00 1.347166e-04
4.070000e+00 1.237482e-04
4.080000e+00 1.131733e-04
4.090000e+00 1.029971e-04
4.100000e+00 9.324432e-05
4.110000e+00 8.395816e-05
4.120000e+00 7.517237e-05
4.130000e+00 6.693004e-05
4.140000e+00 5.928628e-05
4.150000e+00 5.232761e-05
4.160000e+00 4.620426e-05
4.170000e+00 4.108171e-05
4.180000e+00 3.715156e-05
4.190000e+00 3.463003e-05
4.200000e+00 3.364034e-05
4.210000e+00 3.414560e-05
4.220000e+00 3.592957e-05
4.230000e+00 3.867569e-05
4.240000e+00 4.207402e-05
4.250000e+00 4.586853e-05
4.260000e+00 4.986604e-05
4.270000e+00 5.394287e-05
4.280000e+00 5.803059e-05
4.290000e+00 6.207744e-05
4.300000e+00 6.603925e-05
4.310000e+00 6.987712e-05
4.320000e+00 7.357621e-05
4.330000e+00 7.712664e-05
4.340000e+00 8.052058e-05
4.350000e+00 8.374820e-05
4.360000e+00 8.681288e-05
4.370000e+00 8.971973e-05
4.380000e+00 9.246181e-05
4.390000e+00 9.503275e-05
4.400000e+00 9.742433e-05
4.410000e+00 9.964857e-05
4.420000e+00 1.017153e-04
4.430000e+00 1.036205e-04
4.440000e+00 1.053705e-04
4.450000e+00 1.069811e-04
4.460000e+00 1.084597e-04
4.470000e+00 1.098009e-04
4.480000e+00 1.110041e-04
4.490000e+00 1.120704e-04
4.500000e+00 1.130073e-04
4.510000e+00 1.138234e-04
4.520000e+00 1.145083e-04
4.530000e+00 1.150693e-04
4.540000e+00 1.155107e-04
4.550000e+00 1.158305e-04
4.560000e+00 1.160449e-04
4.570000e+00 1.161542e-04
4.580000e+00 1.161686e-04
4.590000e+00 1.160975e-04
4.600000e+00 1.159371e-04
4.610000e+00 1.156955e-04
4.620000e+00 1.153645e-04
4.630000e+00 1.149369e-04
4.640000e+00 1.144282e-04
4.650000e+00 1.138466e-04
4.660000e+00 1.132009e-04
4.670000e+00 1.124881e-04
4.680000e+00 1.117035e-04
4.690000e+00 1.108613e-04
4.700000e+00 1.099581e-04
4.710000e+00 1.089949e-04
4.720000e+00 1.079837e-04
4.730000e+00 1.069336e-04
4.740000e+00 1.058366e-04
4.750000e+00 1.046981e-04
4.760000e+00 1.035282e-04
4.770000e+00 1.023279e-04
4.780000e+00 1.011000e-04
4.790000e+00 9.983267e-05
4.800000e+00 9.852715e-05
4.810000e+00 9.719447e-05
4.820000e+00 9.584993e-05
4.830000e+00 9.448982e-05
4.840000e+00 9.310791e-05
4.850000e+00 9.170357e-05
4.860000e+00 9.028265e-05
4.870000e+00 8.884414e-05
4.880000e+00 8.737628e-05
4.890000e+00 8.588488e-05
4.900000e+00 8.438427e-05
4.910000e+00 8.288513e-05
4.920000e+00 8.138201e-05
4.930000e+00 7.987306e-05
4.940000e+00 7.836475e-05
4.950000e+00 7.685781e-05
4.960000e+00 7.534487e-05
4.970000e+00 7.383304e-05
4.980000e+00 7.232635e-05
4.990000e+00 7.082206e-05
5.000000e+00 6.933003e-05
5.010000e+00 6.785818e-05
5.020000e+00 6.639662e-05
5.030000e+00 6.494342e-05
5.040000e+00 6.350878e-05
5.050000e+00 6.208056e-05
5.060000e+00 6.065443e-05
5.070000e+00 5.923926e-05
5.080000e+00 5.783202e-05
5.090000e+00 5.643039e-05
5.100000e+00 5.504353e-05
5.110000e+00 5.366701e-05
5.120000e+00 5.229323e-05
5.130000e+00 5.093654e-05
5.140000e+00 4.960794e-05
5.150000e+00 4.829350e-05
5.160000e+00 4.698038e-05
5.170000e+00 4.566526e-05
5.180000e+00 4.435792e-05
5.190000e+00 4.307342e-05
5.200000e+00 4.180968e-05
5.210000e+00 4.056464e-05
5.220000e+00 3.933863e-05
5.230000e+00 3.813150e-05
5.240000e+00 3.694547e-05
5.250000e+00 3.578150e-05
5.260000e+00 3.463908e-05
5.270000e+00 3.350767e-05
5.280000e+00 3.238848e-05
5.290000e+00 3.129920e-05
5.300000e+00 3.024080e-05
5.310000e+00 2.921045e-05
5.320000e+00 2.820543e-05
5.330000e+00 2.721663e-05
5.340000e+00 2.624465e-05
5.350000e+00 2.529238e-05
5.360000e+00 2.435942e-05
5.370000e+00 2.344957e-05
5.380000e+00 2.255425e-05
5.390000e+00 2.168017e-05
5.400000e+00 2.084112e-05
5.410000e+00 2.003179e-05
5.420000e+00 1.924194e-05
5.430000e+00 1.846939e-05
5.440000e+00 1.772357e-05
5.450000e+00 1.700104e-05
5.460000e+00 1.629360e-05
5.470000e+00 1.560708e-05
5.480000e+00 1.495008e-05
5.490000e+00 1.431506e-05
5.500000e+00 1.369979e-05
5.510000e+00 1.311240e-05
5.520000e+00 1.255077e-05
5.530000e+00 1.201660e-05
5.540000e+00 1.151735e-05
5.550000e+00 1.104352e-05
5.560000e+00 1.059053e-05
5.570000e+00 1.015640e-05
5.580000e+00 9.738778e-06
5.590000e+00 9.336424e-06
5.600000e+00 8.949782e-06
5.610000e+00 8.596345e-06
5.620000e+00 8.275439e-06
5.630000e+00 7.974713e-06
5.640000e+00 7.693779e-06
5.650000e+00 7.430736e-06
5.660000e+00 7.190416e-06
5.670000e+00 6.982742e-06
5.680000e+00 6.802110e-06
5.690000e+00 6.639656e-06
5.700000e+00 6.492067e-06
5.710000e+00 6.358521e-06
5.720000e+00 6.239878e-06
5.730000e+00 6.138065e-06
5.740000e+00 6.055029e-06
5.750000e+00 5.989375e-06
5.760000e+00 5.941374e-06
5.770000e+00 5.907846e-06
5.780000e+00 5.880515e-06
5.790000e+00 5.870177e-06
5.800000e+00 5.882657e-06
5.810000e+00 5.905352e-06
5.820000e+00 5.936616e-06
5.830000e+00 5.967327e-06
5.840000e+00 5.988508e-06
5.850000e+00 6.009441e-06
5.860000e+00 6.033686e-06
5.870000e+00 6.053974e-06
5.880000e+00 6.070023e-06
5.890000e+00 6.088759e-06
5.900000e+00 6.117511e-06
5.910000e+00 6.155878e-06
5.920000e+00 6.185661e-06
5.930000e+00 6.210176e-06
5.940000e+00 6.246356e-06
5.950000e+00 6.277544e-06
5.960000e+00 6.295893e-06
5.970000e+00 6.306399e-06
5.980000e+00 6.304440e-06
5.990000e+00 6.297660e-06
6.000000e+00 6.288962e-06
6.010000e+00 6.273027e-06
6.020000e+00 6.245096e-06
6.030000e+00 6.210072e-06
6.040000e+00 6.168548e-06
6.050000e+00 6.110344e-06
6.060000e+00 6.051377e-06
6.070000e+00 6.002800e-06
6.080000e+00 5.953253e-06
6.090000e+00 5.896088e-06
6.100000e+00 5.836212e-06
6.110000e+00 5.785216e-06
6.120000e+00 5.740459e-06
6.130000e+00 5.682944e-06
6.140000e+00 5.615598e-06
6.150000e+00 5.554714e-06
6.160000e+00 5.494895e-06
6.170000e+00 5.432669e-06
6.180000e+00 5.371840e-06
6.190000e+00 5.318543e-06
6.200000e+00 5.272995e-06
6.210000e+00 5.220405e-06
6.220000e+00 5.170237e-06
6.230000e+00 5.142214e-06
6.240000e+00 5.120725e-06
6.250000e+00 5.089032e-06
6.260000e+00 5.050299e-06
6.270000e+00 5.011192e-06
6.280000e+00 4.980059e-06
6.290000e+00 4.953318e-06
6.300000e+00 4.922407e-06
6.310000e+00 4.892308e-06
6.320000e+00 4.866491e-06
6.330000e+00 4.839304e-06
6.340000e+00 4.806723e-06
6.350000e+00 4.773505e-06
6.360000e+00 4.747116e-06
6.370000e+00 4.719764e-06
6.380000e+00 4.685288e-06
6.390000e+00 4.637376e-06
6.400000e+00 4.568240e-06
6.410000e+00 4.487848e-06
6.420000e+00 4.402426e-06
6.430000e+00 4.310190e-06
6.440000e+00 4.209261e-06
6.450000e+00 4.109217e-06
6.460000e+00 4.015404e-06
6.470000e+00 3.922330e-06
6.480000e+00 3.835816e-06
6.490000e+00 3.753713e-06
6.500000e+00 3.670202e-06
6.510000e+00 3.583945e-06
6.520000e+00 3.493811e-06
6.530000e+00 3.393258e-06
6.540000e+00 3.281275e-06
6.550000e+00 3.175133e-06
6.560000e+00 3.083542e-06
6.570000e+00 3.002271e-06
6.580000e+00 2.923650e-06
6.590000e+00 2.845333e-06
6.600000e+00 2.767886e-06
6.610000e+00 2.691047e-06
6.620000e+00 2.617881e-06
6.630000e+00 2.546919e-06
6.640000e+00 2.472278e-06
6.650000e+00 2.400139e-06
6.660000e+00 2.339718e-06
6.670000e+00 2.289334e-06
6.680000e+00 2.243538e-06
6.690000e+00 2.199665e-06
6.700000e+00 2.164140e-06
6.710000e+00 2.137018e-06
6.720000e+00 2.108718e-06
6.730000e+00 2.076133e-06
6.740000e+00 2.041566e-06
6.750000e+00 2.004323e-06
6.760000e+00 1.966978e-06
6.770000e+00 1.932352e-06
6.780000e+00 1.896041e-06
6.790000e+00 1.858587e-06
6.800000e+00 1.812121e-06
6.810000e+00 1.750817e-06
6.820000e+00 1.690410e-06
6.830000e+00 1.639730e-06
6.840000e+00 1.597569e-06
6.850000e+00 1.559104e-06
6.860000e+00 1.521063e-06
6.870000e+00 1.479116e-06
6.880000e+00 1.436680e-06
6.890000e+00 1.397047e-06
6.900000e+00 1.353778e-06
6.910000e+00 1.311407e-06
6.920000e+00 1.267101e-06
6.930000e+00 1.214064e-06
6.940000e+00 1.162172e-06
6.950000e+00 1.118017e-06
6.960000e+00 1.072695e-06
6.970000e+00 1.020007e-06
6.980000e+00 9.662301e-07
6.990000e+00 9.196782e-07
7.000000e+00 8.724447e-07
7.010000e+00 8.229446e-07
7.020000e+00 7.776224e-07
7.030000e+00 7.335829e-07
7.040000e+00 6.889529e-07
7.050000e+00 6.499414e-07
7.060000e+00 6.228076e-07
7.070000e+00 6.046009e-07
7.080000e+00 5.886140e-07
7.090000e+00 5.627337e-07
7.100000e+00 5.261016e-07
7.110000e+00 4.941468e-07
7.120000e+00 4.753132e-07
7.130000e+00 4.660211e-07
7.140000e+00 4.617419e-07
7.150000e+00 4.571420e-07
7.160000e+00 4.605752e-07
7.170000e+00 4.717021e-07
7.180000e+00 4.704967e-07
7.190000e+00 4.511059e-07
7.200000e+00 4.270609e-07
7.210000e+00 4.132622e-07
7.220000e+00 4.110668e-07
7.230000e+00 4.138336e-07
7.240000e+00 4.173895e-07
7.250000e+00 4.116600e-07
7.260000e+00 3.946694e-07
7.270000e+00 3.810528e-07
7.280000e+00 3.754345e-07
7.290000e+00 3.701784e-07
7.300000e+00 3.622360e-07
7.310000e+00 3.593308e-07
7.320000e+00 3.513688e-07
7.330000e+00 3.375719e-07
7.340000e+00 3.223431e-07
7.350000e+00 3.007471e-07
7.360000e+00 2.738938e-07
7.370000e+00 2.464079e-07
7.380000e+00 2.298202e-07
7.390000e+00 2.265543e-07
7.400000e+00 2.325751e-07
7.410000e+00 2.370023e-07
7.420000e+00 2.442453e-07
7.430000e+00 2.524880e-07
7.440000e+00 2.542064e-07
7.450000e+00 2.611184e-07
7.460000e+00 2.653812e-07
7.470000e+00 2.721057e-07
7.480000e+00 2.804458e-07
7.490000e+00 2.821070e-07
7.500000e+00 2.880094e-07
7.510000e+00 2.935380e-07
7.520000e+00 2.980139e-07
7.530000e+00 3.040811e-07
7.540000e+00 3.073995e-07
7.550000e+00 3.042748e-07
7.560000e+00 2.984450e-07
7.570000e+00 2.967568e-07
7.580000e+00 2.933984e-07
7.590000e+00 2.844037e-07
7.600000e+00 2.742666e-07
7.610000e+00 2.682430e-07
7.620000e+00 2.653115e-07
7.630000e+00 2.587974e-07
7.640000e+00 2.522362e-07
7.650000e+00 2.558861e-07
7.660000e+00 2.625223e-07
7.670000e+00 2.607738e-07
7.680000e+00 2.509526e-07
7.690000e+00 2.330591e-07
7.700000e+00 2.083402e-07
7.710000e+00 1.948938e-07
7.720000e+00 2.053338e-07
7.730000e+00 2.260233e-07
7.740000e+00 2.448252e-07
7.750000e+00 2.687230e-07
7.760000e+00 2.936039e-07
7.770000e+00 3.040618e-07
7.780000e+00 3.066979e-07
7.790000e+00 2.972031e-07
7.800000e+00 2.694705e-07
7.810000e+00 2.438289e-07
7.820000e+00 2.316804e-07
7.830000e+00 2.241341e-07
7.840000e+00 2.117941e-07
7.850000e+00 2.095931e-07
7.860000e+00 2.224419e-07
7.870000e+00 2.322415e-07
7.880000e+00 2.259009e-07
7.890000e+00 2.096736e-07
7.900000e+00 2.055167e-07
7.910000e+00 2.141735e-07
7.920000e+00 2.169699e-07
7.930000e+00 2.090694e-07
7.940000e+00 2.057648e-07
7.950000e+00 2.086012e-07
7.960000e+00 2.117697e-07
7.970000e+00 2.186366e-07
7.980000e+00 2.244918e-07
7.990000e+00 2.218199e-07
8.000000e+00 2.178333e-07
8.010000e+00 2.152703e-07
8.020000e+00 2.013639e-07
8.030000e+00 1.794192e-07
8.040000e+00 1.575310e-07
8.050000e+00 1.450367e-07
8.060000e+00 1.483830e-07
8.070000e+00 1.588937e-07
8.080000e+00 1.723829e-07
8.090000e+00 1.820534e-07
8.100000e+00 1.793360e-07
8.110000e+00 1.702048e-07
8.120000e+00 1.677425e-07
8.130000e+00 1.692517e-07
8.140000e+00 1.725808e-07
8.150000e+00 1.677813e-07
8.160000e+00 1.581586e-07
8.170000e+00 1.586708e-07
8.180000e+00 1.578326e-07
8.190000e+00 1.527246e-07
8.200000e+00 1.503213e-07
8.210000e+00 1.509328e-07
8.220000e+00 1.463656e-07
8.230000e+00 1.393911e-07
8.240000e+00 1.346883e-07
8.250000e+00 1.214314e-07
8.260000e+00 9.811018e-08
8.270000e+00 8.239846e-08
8.280000e+00 7.957563e-08
8.290000e+00 8.312627e-08
8.300000e+00 8.961700e-08
8.310000e+00 9.505248e-08
8.320000e+00 9.567415e-08
8.330000e+00 9.454043e-08
8.340000e+00 9.383810e-08
8.350000e+00 9.307050e-08
8.360000e+00 9.574066e-08
8.370000e+00 1.008902e-07
8.380000e+00 1.040044e-07
8.390000e+00 1.103092e-07
8.400000e+00 1.158241e-07
8.410000e+00 1.145733e-07
8.420000e+00 1.152002e-07
8.430000e+00 1.167005e-07
8.440000e+00 1.070912e-07
8.450000e+00 9.350687e-08
8.460000e+00 8.480754e-08
8.470000e+00 7.920531e-08
8.480000e+00 7.885926e-08
8.490000e+00 7.891190e-08
8.500000e+00 6.765774e-08
8.510000e+00 4.846914e-08
8.520000e+00 2.930988e-08
8.530000e+00 1.380821e-08
8.540000e+00 5.660959e-09
8.550000e+00 1.515711e-08
8.560000e+00 1.771904e-08
8.570000e+00 4.165931e-09
8.580000e+00 1.299150e-08
8.590000e+00 2.651479e-08
8.600000e+00 4.014516e-08
8.610000e+00 5.410880e-08
8.620000e+00 6.211132e-08
8.630000e+00 6.604195e-08
8.640000e+00 6.871664e-08
8.650000e+00 6.852429e-08
8.660000e+00 6.628214e-08
8.670000e+00 5.920844e-08
8.680000e+00 4.787740e-08
8.690000e+00 3.446293e-08
8.700000e+00 2.608559e-08
8.710000e+00 2.263727e-08
8.720000e+00 4.619071e-08
8.730000e+00 7.983781e-08
8.740000e+00 9.818479e-08
8.750000e+00 1.053972e-07
8.760000e+00 1.066392e-07
8.770000e+00 9.693725e-08
8.780000e+00 7.877764e-08
8.790000e+00 5.294762e-08
8.800000e+00 2.422731e-08
8.810000e+00 1.750727e-08
8.820000e+00 2.986046e-08
8.830000e+00 3.024577e-08
8.840000e+00 2.809012e-08
8.850000e+00 2.767620e-08
8.860000e+00 3.105039e-08
8.870000e+00 3.706492e-08
8.880000e+00 3.192632e-08
8.890000e+00 1.355733e-08
8.900000e+00 3.914581e-09
8.910000e+00 1.207158e-08
8.920000e+00 1.805061e-08
8.930000e+00 1.895696e-08
8.940000e+00 1.829923e-08
8.950000e+00 1.641625e-08
8.960000e+00 1.877778e-08
8.970000e+00 2.766036e-08
8.980000e+00 4.022550e-08
8.990000e+00 4.642254e-08
9.000000e+00 4.305827e-08
9.010000e+00 3.904756e-08
9.020000e+00 4.003255e-08
9.030000e+00 3.234241e-08
9.040000e+00 1.574539e-08
9.050000e+00 1.019397e-08
9.060000e+00 1.069727e-08
9.070000e+00 8.340533e-09
9.080000e+00 1.281978e-08
9.090000e+00 2.719170e-08
9.100000e+00 4.877263e-08
9.110000e+00 5.983621e-08
9.120000e+00 5.400013e-08
9.130000e+00 4.220996e-08
9.140000e+00 3.640222e-08
9.150000e+00 3.663601e-08
9.160000e+00 4.112336e-08
9.170000e+00 4.482187e-08
9.180000e+00 4.709069e-08
9.190000e+00 4.890233e-08
9.200000e+00 5.195748e-08
9.210000e+00 5.672795e-08
9.220000e+00 6.016431e-08
9.230000e+00 5.711252e-08
9.240000e+00 4.841670e-08
9.250000e+00 3.777888e-08
9.260000e+00 2.563732e-08
9.270000e+00 1.842462e-08
9.280000e+00 1.468639e-08
9.290000e+00 9.368497e-09
9.300000e+00 1.009046e-08
9.310000e+00 1.115247e-08
9.320000e+00 7.731722e-09
9.330000e+00 1.823213e-09
9.340000e+00 6.833427e-09
9.350000e+00 1.482002e-08
9.360000e+00 2.194059e-08
9.370000e+00 2.987105e-08
9.380000e+00 3.549256e-08
9.390000e+00 3.229513e-08
9.400000e+00 2.743651e-08
9.410000e+00 3.586040e-08
9.420000e+00 5.138656e-08
9.430000e+00 5.149070e-08
9.440000e+00 3.689947e-08
9.450000e+00 2.232444e-08
9.460000e+00 1.986817e-08
9.470000e+00 2.567980e-08
9.480000e+00 2.831307e-08
9.490000e+00 2.366787e-08
9.500000e+00 1.828455e-08
9.510000e+00 3.327224e-08
9.520000e+00 4.628317e-08
9.530000e+00 5.462070e-08
9.540000e+00 5.812816e-08
9.550000e+00 5.734605e-08
9.560000e+00 5.132687e-08
9.570000e+00 3.978306e-08
9.580000e+00 2.796800e-08
9.590000e+00 2.135475e-08
9.600000e+00 2.519402e-08
9.610000e+00 3.024590e-08
9.620000e+00 3.877493e-08
9.630000e+00 4.732732e-08
9.640000e+00 5.437611e-08
9.650000e+00 5.848753e-08
9.660000e+00 5.195338e-08
9.670000e+00 2.953888e-08
9.680000e+00 1.650253e-08
9.690000e+00 3.310215e-08
9.700000e+00 4.684728e-08
9.710000e+00 5.203787e-08
9.720000e+00 5.625170e-08
9.730000e+00 6.298760e-08
9.740000e+00 6.103223e-08
9.750000e+00 5.159641e-08
9.760000e+00 4.231482e-08
9.770000e+00 2.502277e-08
9.780000e+00 5.519224e-09
9.790000e+00 4.550385e-09
9.800000e+00 8.895612e-09
9.810000e+00 1.338178e-08
9.820000e+00 1.641745e-08
9.830000e+00 1.537204e-08
9.840000e+00 1.287757e-08
9.850000e+00 1.421963e-08
9.860000e+00 1.926920e-08
9.870000e+00 1.809251e-08
9.880000e+00 1.586030e-08
9.890000e+00 2.557341e-08
9.900000e+00 4.524548e-08
9.910000e+00 6.417421e-08
9.920000e+00 7.050052e-08
9.930000e+00 6.231547e-08
9.940000e+00 5.060643e-08
9.950000e+00 3.739980e-08
9.960000e+00 2.049874e-08
9.970000e+00 1.937856e-08
9.980000e+00 2.874321e-08
9.990000e+00 3.399061e-08
1.000000e+01 4.041776e-08
1.001000e+01 4.773040e-08
1.002000e+01 4.929716e-08
1.003000e+01 4.919110e-08
1.004000e+01 4.335860e-08
1.005000e+01 2.804740e-08
1.006000e+01 2.218307e-08
1.007000e+01 3.777866e-08
1.008000e+01 5.049052e-08
1.009000e+01 5.255286e-08
1.010000e+01 4.174087e-08
1.011000e+01 3.516131e-08
1.012000e+01 3.621840e-08
1.013000e+01 3.394048e-08
1.014000e+01 2.411127e-08
1.015000e+01 1.155231e-08
1.016000e+01 4.230794e-09
1.017000e+01 1.079842e-08
1.018000e+01 2.418248e-08
1.019000e+01 3.668853e-08
1.020000e+01 4.449331e-08
1.021000e+01 5.186672e-08
1.022000e+01 6.031809e-08
1.023000e+01 5.580142e-08
1.024000e+01 4.302084e-08
1.025000e+01 3.290018e-08
1.026000e+01 3.455057e-08
1.027000e+01 3.342743e-08
1.028000e+01 3.027427e-08
1.029000e+01 2.885783e-08
1.030000e+01 2.573790e-08
1.031000e+01 2.589445e-08
1.032000e+01 3.099117e-08
1.033000e+01 3.560221e-08
1.034000e+01 3.179377e-08
1.035000e+01 1.626019e-08
1.036000e+01 3.254047e-09
1.037000e+01 2.731399e-09
1.038000e+01 9.794718e-09
1.039000e+01 1.511429e-08
1.040000e+01 1.988069e-08
1.041000e+01 1.800231e-08
1.042000e+01 1.086588e-08
1.043000e+01 9.863075e-09
1.044000e+01 1.401841e-08
1.045000e+01 1.567332e-08
1.046000e+01 1.729952e-08
1.047000e+01 2.785665e-08
1.048000e+01 3.784015e-08
1.049000e+01 4.483691e-08
1.050000e+01 5.341486e-08
1.051000e+01 5.255448e-08
1.052000e+01 4.257331e-08
1.053000e+01 2.984015e-08
1.054000e+01 1.967922e-08
1.055000e+01 1.826769e-08
1.056000e+01 2.498255e-08
1.057000e+01 3.632530e-08
1.058000e+01 4.022900e-08
1.059000e+01 3.939777e-08
1.060000e+01 4.007499e-08
1.061000e+01 3.687956e-08
1.062000e+01 4.173022e-08
1.063000e+01 5.441755e-08
1.064000e+01 6.327944e-08
1.065000e+01 6.471580e-08
1.066000e+01 5.679877e-08
1.067000e+01 4.191075e-08
1.068000e+01 2.918229e-08
1.069000e+01 2.073287e-08
1.070000e+01 1.673567e-08
1.071000e+01 2.032045e-08
1.072000e+01 2.710474e-08
1.073000e+01 3.737183e-08
1.074000e+01 4.697289e-08
1.075000e+01 4.749873e-08
1.076000e+01 4.268526e-08
1.077000e+01 3.623512e-08
1.078000e+01 2.612322e-08
1.079000e+01 2.373308e-08
1.080000e+01 2.853476e-08
1.081000e+01 3.406329e-08
1.082000e+01 3.789334e-08
1.083000e+01 3.237244e-08
1.084000e+01 2.111170e-08
1.085000e+01 1.173641e-08
1.086000e+01 4.908054e-09
1.087000e+01 7.911452e-09
1.088000e+01 1.489498e-08
1.089000e+01 2.062120e-08
1.090000e+01 2.103399e-08
1.091000e+01 1.211186e-08
1.092000e+01 2.446237e-09
1.093000e+01 8.419484e-09
1.094000e+01 8.608030e-09
1.095000e+01 1.323783e-08
1.096000e+01 2.080154e-08
1.097000e+01 2.233961e-08
1.098000e+01 1.948740e-08
1.099000e+01 1.837443e-08
1.100000e+01 1.288930e-08
1.101000e+01 9.695750e-09
1.102000e+01 9.214845e-09
1.103000e+01 7.496569e-09
1.104000e+01 9.334498e-09
1.105000e+01 1.578517e-08
1.106000e+01 2.063405e-08
1.107000e+01 2.155808e-08
1.108000e+01 2.045311e-08
1.109000e+01 2.093344e-08
1.110000e+01 2.206301e-08
1.111000e+01 2.179897e-08
1.112000e+01 2.465224e-08
1.113000e+01 2.884762e-08
1.114000e+01 3.179769e-08
1.115000e+01 3.250716e-08
1.116000e+01 2.932260e-08
1.117000e+01 2.569348e-08
1.118000e+01 2.041717e-08
1.119000e+01 8.583516e-09
1.120000e+01 1.449412e-08
1.121000e+01 2.469969e-08
1.122000e+01 2.432084e-08
1.123000e+01 2.661453e-08
1.124000e+01 3.264430e-08
1.125000e+01 3.815649e-08
1.126000e+01 3.988893e-08
1.127000e+01 3.806044e-08
1.128000e+01 3.575453e-08
1.129000e+01 3.523258e-08
1.130000e+01 3.662325e-08
1.131000e+01 3.786664e-08
1.132000e+01 3.379602e-08
1.133000e+01 2.537835e-08
1.134000e+01 1.963098e-08
1.135000e+01 1.703967e-08
1.136000e+01 1.406559e-08
1.137000e+01 1.134832e-08
1.138000e+01 8.987324e-09
1.139000e+01 9.875141e-09
1.140000e+01 2.508911e-08
1.141000e+01 4.005845e-08
1.142000e+01 5.102182e-08
1.143000e+01 5.848568e-08
1.144000e+01 5.938900e-08
1.145000e+01 5.087633e-08
1.146000e+01 4.474594e-08
1.147000e+01 4.243971e-08
1.148000e+01 3.446942e-08
1.149000e+01 2.539111e-08
1.150000e+01 2.110571e-08
1.151000e+01 1.734257e-08
1.152000e+01 1.414991e-08
1.153000e+01 1.362869e-08
1.154000e+01 1.585063e-08
1.155000e+01 2.416055e-08
1.156000e+01 3.592892e-08
1.157000e+01 4.028185e-08
1.158000e+01 3.645255e-08
1.159000e+01 3.068528e-08
1.160000e+01 2.529090e-08
1.161000e+01 2.499615e-08
1.162000e+01 2.908075e-08
1.163000e+01 3.216862e-08
1.164000e+01 3.109504e-08
1.165000e+01 2.550584e-08
1.166000e+01 1.348699e-08
1.167000e+01 3.160207e-09
1.168000e+01 3.191489e-10
1.169000e+01 1.076974e-08
1.170000e+01 2.060843e-08
1.171000e+01 2.216116e-08
1.172000e+01 1.523581e-08
1.173000e+01 6.443159e-09
1.174000e+01 3.612408e-09
1.175000e+01 9.451211e-09
1.176000e+01 1.241539e-08
1.177000e+01 1.638124e-08
1.178000e+01 2.586540e-08
1.179000e+01 3.332704e-08
1.180000e+01 3.496966e-08
1.181000e+01 3.617270e-08
1.182000e+01 4.185419e-08
1.183000e+01 4.561948e-08
1.184000e+01 3.774092e-08
1.185000e+01 2.234780e-08
1.186000e+01 1.595571e-08
1.187000e+01 1.400629e-08
1.188000e+01 6.040824e-09
1.189000e+01 1.579964e-08
1.190000e+01 2.578873e-08
1.191000e+01 3.216384e-08
1.192000e+01 3.890848e-08
1.193000e+01 4.870123e-08
1.194000e+01 5.704029e-08
1.195000e+01 6.556106e-08
1.196000e+01 7.319700e-08
1.197000e+01 7.317847e-08
1.198000e+01 6.154354e-08
1.199000e+01 4.275037e-08
1.200000e+01 2.480798e-08
1.201000e+01 2.538164e-08
1.202000e+01 4.093914e-08
1.203000e+01 5.475596e-08
1.204000e+01 6.919421e-08
1.205000e+01 7.931328e-08
1.206000e+01 8.317724e-08
1.207000e+01 8.234897e-08
1.208000e+01 7.329995e-08
1.209000e+01 6.006167e-08
1.210000e+01 4.099816e-08
1.211000e+01 1.384110e-08
1.212000e+01 1.338450e-08
1.213000e+01 3.266888e-08
1.214000e+01 4.457673e-08
1.215000e+01 4.889390e-08
1.216000e+01 4.405516e-08
1.217000e+01 3.582066e-08
1.218000e+01 3.265210e-08
1.219000e+01 3.804404e-08
1.220000e+01 4.314987e-08
1.221000e+01 4.089100e-08
1.222000e+01 3.136886e-08
1.223000e+01 2.240150e-08
1.224000e+01 1.998642e-08
1.225000e+01 1.901871e-08
1.226000e+01 1.237119e-08
1.227000e+01 1.221637e-08
1.228000e+01 2.487836e-08
1.229000e+01 3.074347e-08
1.230000e+01 2.871912e-08
1.231000e+01 2.200354e-08
1.232000e+01 1.504093e-08
1.233000e+01 8.109488e-09
1.234000e+01 6.961565e-09
1.235000e+01 8.796741e-09
1.236000e+01 8.555245e-09
1.237000e+01 1.071109e-08
1.238000e+01 2.104078e-08
1.239000e+01 3.158849e-08
1.240000e+01 3.973901e-08
1.241000e+01 4.450346e-08
1.242000e+01 4.151909e-08
1.243000e+01 3.671988e-08
1.244000e+01 2.863674e-08
1.245000e+01 1.606301e-08
1.246000e+01 4.535918e-09
1.247000e+01 5.627085e-09
1.248000e+01 8.314064e-09
1.249000e+01 9.497418e-09
1.250000e+01 1.281895e-08
1.251000e+01 1.841967e-08
1.252000e+01 2.501999e-08
1.253000e+01 2.409610e-08
1.254000e+01 1.963668e-08
1.255000e+01 1.735993e-08
1.256000e+01 1.770066e-08
1.257000e+01 1.966347e-08
1.258000e+01 2.147971e-08
1.259000e+01 2.513716e-08
1.260000e+01 3.170260e-08
1.261000e+01 3.408543e-08
1.262000e+01 3.033873e-08
1.263000e+01 2.157002e-08
1.264000e+01 1.317046e-08
1.265000e+01 1.498703e-08
1.266000e+01 2.002360e-08
1.267000e+01 2.684250e-08
1.268000e+01 3.096152e-08
1.269000e+01 3.429288e-08
1.270000e+01 3.714043e-08
1.271000e+01 3.730554e-08
1.272000e+01 2.936027e-08
1.273000e+01 2.175349e-08
1.274000e+01 1.609210e-08
1.275000e+01 9.504979e-09
1.276000e+01 9.984594e-09
1.277000e+01 1.850897e-08
1.278000e+01 3.114027e-08
1.279000e+01 4.095916e-08
1.280000e+01 4.168028e-08
1.281000e+01 3.649439e-08
1.282000e+01 2.820692e-08
1.283000e+01 2.753601e-08
1.284000e+01 3.192701e-08
1.285000e+01 3.395989e-08
1.286000e+01 3.241325e-08
1.287000e+01 2.663366e-08
1.288000e+01 1.842197e-08
1.289000e+01 5.769950e-09
1.290000e+01 1.290969e-08
1.291000e+01 2.974386e-08
1.292000e+01 4.559515e-08
1.293000e+01 5.216504e-08
1.294000e+01 4.913045e-08
1.295000e+01 4.981936e-08
1.296000e+01 4.679216e-08
1.297000e+01 3.596030e-08
1.298000e+01 2.853078e-08
1.299000e+01 2.852850e-08
1.300000e+01 3.058908e-08
1.301000e+01 3.485255e-08
1.302000e+01 3.724657e-08
1.303000e+01 3.643480e-08
1.304000e+01 3.311736e-08
1.305000e+01 2.696644e-08
1.306000e+01 2.032510e-08
1.307000e+01 1.646495e-08
1.308000e+01 2.051095e-08
1.309000e+01 2.863446e-08
1.310000e+01 3.735153e-08
1.311000e+01 4.205366e-08
1.312000e+01 4.242960e-08
1.313000e+01 4.312199e-08
1.314000e+01 3.503029e-08
1.315000e+01 1.594217e-08
1.316000e+01 3.337573e-09
1.317000e+01 1.185116e-08
1.318000e+01 1.741246e-08
1.319000e+01 1.751732e-08
1.320000e+01 1.860734e-08
1.321000e+01 2.423335e-08
1.322000e+01 2.952065e-08
1.323000e+01 3.316337e-08
1.324000e+01 2.661538e-08
1.325000e+01 1.578534e-08
1.326000e+01 1.416735e-08
1.327000e+01 1.995294e-08
1.328000e+01 2.230967e-08
1.329000e+01 1.981059e-08
1.330000e+01 1.664515e-08
1.331000e+01 1.063210e-08
1.332000e+01 6.790962e-09
1.333000e+01 4.778133e-09
1.334000e+01 3.861644e-09
1.335000e+01 7.783170e-09
1.336000e+01 1.860065e-08
1.337000e+01 3.210856e-08
1.338000e+01 3.592921e-08
1.339000e+01 3.193199e-08
1.340000e+01 2.566773e-08
1.341000e+01 1.998694e-08
1.342000e+01 1.845248e-08
1.343000e+01 2.059190e-08
1.344000e+01 2.092324e-08
1.345000e+01 1.283684e-08
1.346000e+01 4.724219e-09
1.347000e+01 1.432064e-08
1.348000e+01 1.995657e-08
1.349000e+01 1.670852e-08
1.350000e+01 1.305612e-08
1.351000e+01 2.331194e-08
1.352000e+01 3.146972e-08
1.353000e+01 2.936334e-08
1.354000e+01 1.592018e-08
1.355000e+01 6.838312e-10
1.356000e+01 6.398547e-09
1.357000e+01 9.104756e-09
1.358000e+01 8.856406e-09
1.359000e+01 1.896385e-08
1.360000e+01 2.683042e-08
1.361000e+01 2.845724e-08
1.362000e+01 2.562830e-08
1.363000e+01 1.632967e-08
1.364000e+01 1.106332e-08
1.365000e+01 1.590843e-08
1.366000e+01 2.401686e-08
1.367000e+01 2.557759e-08
1.368000e+01 1.787799e-08
1.369000e+01 8.731786e-09
1.370000e+01 6.127927e-09
1.371000e+01 9.846359e-09
1.372000e+01 1.313599e-08
1.373000e+01 1.641483e-08
1.374000e+01 1.903803e-08
1.375000e+01 2.057202e-08
1.376000e+01 2.387027e-08
1.377000e+01 2.672892e-08
1.378000e+01 2.864829e-08
1.379000e+01 2.668586e-08
1.380000e+01 1.814739e-08
1.381000e+01 9.731141e-09
1.382000e+01 6.550996e-09
1.383000e+01 8.776482e-09
1.384000e+01 5.634160e-09
1.385000e+01 1.436189e-08
1.386000e+01 2.477223e-08
1.387000e+01 2.782270e-08
1.388000e+01 2.733047e-08
1.389000e+01 3.332647e-08
1.390000e+01 3.881929e-08
1.391000e+01 3.446942e-08
1.392000e+01 2.080224e-08
1.393000e+01 5.950268e-09
1.394000e+01 1.192925e-08
1.395000e+01 1.806321e-08
1.396000e+01 1.874557e-08
1.397000e+01 2.081617e-08
1.398000e+01 2.221312e-08
1.399000e+01 1.648622e-08
1.400000e+01 9.681556e-09
1.401000e+01 4.893783e-09
1.402000e+01 7.785962e-09
1.403000e+01 1.854878e-08
1.404000e+01 2.004238e-08
1.405000e+01 1.204588e-08
1.406000e+01 3.759242e-09
1.407000e+01 2.034063e-09
1.408000e+01 6.250516e-09
1.409000e+01 9.079105e-09
1.410000e+01 1.184544e-08
1.411000e+01 1.128885e-08
1.412000e+01 6.468545e-09
1.413000e+01 9.953988e-09
1.414000e+01 9.852773e-09
1.415000e+01 5.528230e-09
1.416000e+01 8.822768e-09
1.417000e+01 1.269366e-08
1.418000e+01 2.340199e-08
1.419000e+01 2.754842e-08
1.420000e+01 2.771100e-08
1.421000e+01 2.415890e-08
1.422000e+01 1.837769e-08
1.423000e+01 1.567069e-08
1.424000e+01 1.378299e-08
1.425000e+01 9.482144e-09
1.426000e+01 1.300979e-09
1.427000e+01 1.034467e-08
1.428000e+01 1.430399e-08
1.429000e+01 1.602629e-08
1.430000e+01 1.792968e-08
1.431000e+01 1.947916e-08
1.432000e+01 2.337980e-08
1.433000e+01 2.644830e-08
1.434000e+01 2.690960e-08
1.435000e+01 2.323844e-08
1.436000e+01 1.743215e-08
1.437000e+01 1.292226e-08
1.438000e+01 2.229984e-08
1.439000e+01 2.919024e-08
1.440000e+01 2.065033e-08
1.441000e+01 1.759126e-09
1.442000e+01 1.405386e-08
1.443000e+01 2.026935e-08
1.444000e+01 1.990693e-08
1.445000e+01 1.524952e-08
1.446000e+01 8.343281e-09
1.447000e+01 9.101004e-09
1.448000e+01 2.033732e-08
1.449000e+01 2.885871e-08
1.450000e+01 3.501753e-08
1.451000e+01 3.365057e-08
1.452000e+01 2.455396e-08
1.453000e+01 1.350984e-08
1.454000e+01 1.005518e-08
1.455000e+01 1.838755e-08
1.456000e+01 2.572332e-08
1.457000e+01 2.512599e-08
1.458000e+01 2.214217e-08
1.459000e+01 1.739673e-08
1.460000e+01 9.497501e-09
1.461000e+01 7.367011e-09
1.462000e+01 6.097127e-09
1.463000e+01 6.357564e-09
1.464000e+01 5.012150e-09
1.465000e+01 5.734837e-09
1.466000e+01 8.336905e-09
1.467000e+01 4.393283e-09
1.468000e+01 1.405614e-08
1.469000e+01 2.257930e-08
1.470000e+01 2.309991e-08
1.471000e+01 1.678752e-08
1.472000e+01 2.141215e-08
1.473000e+01 3.497991e-08
1.474000e+01 4.050110e-08
1.475000e+01 3.142850e-08
1.476000e+01 1.937469e-08
1.477000e+01 1.503296e-08
1.478000e+01 1.179758e-08
1.479000e+01 1.424418e-08
1.480000e+01 1.543529e-08
1.481000e+01 1.287212e-08
1.482000e+01 6.313892e-09
1.483000e+01 1.033915e-08
1.484000e+01 1.539342e-08
1.485000e+01 1.500637e-08
1.486000e+01 1.373704e-08
1.487000e+01 1.793497e-08
1.488000e+01 2.190049e-08
1.489000e+01 2.187439e-08
1.490000e+01 1.693238e-08
1.491000e+01 1.496151e-08
1.492000e+01 1.333197e-08
1.493000e+01 1.023777e-08
1.494000e+01 1.908559e-08
1.495000e+01 3.056926e-08
1.496000e+01 3.402642e-08
1.497000e+01 3.867534e-08
1.498000e+01 4.530050e-08
1.499000e+01 4.907409e-08
1.500000e+01 4.767311e-08
1.501000e+01 4.327768e-08
1.502000e+01 3.951419e-08
1.503000e+01 3.676110e-08
1.504000e+01 3.736953e-08
1.505000e+01 3.732273e-08
1.506000e+01 3.391082e-08
1.507000e+01 2.354477e-08
1.508000e+01 1.263118e-08
1.509000e+01 8.077921e-09
1.510000e+01 5.605793e-09
1.511000e+01 6.468629e-10
1.512000e+01 4.558157e-09
1.513000e+01 1.880493e-09
1.514000e+01 5.546151e-09
1.515000e+01 1.323073e-08
1.516000e+01 2.435238e-08
1.517000e+01 3.193339e-08
1.518000e+01 3.701987e-08
1.519000e+01 4.106266e-08
1.520000e+01 4.451166e-08
1.521000e+01 4.375887e-08
1.522000e+01 3.781605e-08
1.523000e+01 2.980952e-08
1.524000e+01 1.968396e-08
1.525000e+01 1.219074e-08
1.526000e+01 1.532662e-08
1.527000e+01 1.832260e-08
1.528000e+01 2.196861e-08
1.529000e+01 2.542849e-08
1.530000e+01 2.651790e-08
1.531000e+01 2.111433e-08
1.532000e+01 9.162144e-09
1.533000e+01 3.436247e-09
1.534000e+01 1.634118e-08
1.535000e+01 3.020990e-08
1.536000e+01 3.793919e-08
1.537000e+01 4.129244e-08
1.538000e+01 4.147623e-08
1.539000e+01 4.413391e-08
1.540000e+01 5.024588e-08
1.541000e+01 5.074294e-08
1.542000e+01 4.022491e-08
1.543000e+01 2.359494e-08
1.544000e+01 1.917405e-08
1.545000e+01 2.669746e-08
1.546000e+01 3.336472e-08
1.547000e+01 3.475937e-08
1.548000e+01 3.518610e-08
1.549000e+01 3.482155e-08
1.550000e+01 3.366730e-08
1.551000e+01 2.912350e-08
1.552000e+01 2.442994e-08
1.553000e+01 2.525193e-08
1.554000e+01 2.663262e-08
1.555000e+01 2.748152e-08
1.556000e+01 2.748071e-08
1.557000e+01 3.049433e-08
1.558000e+01 3.023373e-08
1.559000e+01 1.942491e-08
1.560000e+01 1.180317e-08
1.561000e+01 1.238243e-08
1.562000e+01 1.254808e-08
1.563000e+01 1.443324e-08
1.564000e+01 1.798881e-08
1.565000e+01 2.034012e-08
1.566000e+01 2.655300e-08
1.567000e+01 3.340904e-08
1.568000e+01 3.666226e-08
1.569000e+01 3.916485e-08
1.570000e+01 4.455850e-08
1.571000e+01 4.990069e-08
1.572000e+01 4.495088e-08
1.573000e+01 3.299072e-08
1.574000e+01 2.473026e-08
1.575000e+01 2.040456e-08
1.576000e+01 1.695752e-08
1.577000e+01 8.773593e-09
1.578000e+01 4.890628e-09
1.579000e+01 1.630084e-08
1.580000e+01 2.868185e-08
1.581000e+01 4.063709e-08
1.582000e+01 4.081808e-08
1.583000e+01 3.481590e-08
1.584000e+01 3.140830e-08
1.585000e+01 2.737942e-08
1.586000e+01 2.278705e-08
1.587000e+01 1.532499e-08
1.588000e+01 6.644240e-09
1.589000e+01 1.535251e-08
1.590000e+01 1.765455e-08
1.591000e+01 1.014910e-08
1.592000e+01 7.908500e-09
1.593000e+01 2.742145e-08
1.594000e+01 4.310507e-08
1.595000e+01 5.257528e-08
1.596000e+01 5.575544e-08
1.597000e+01 4.977371e-08
1.598000e+01 3.602995e-08
1.599000e+01 2.059023e-08
1.600000e+01 9.057346e-09
1.601000e+01 1.462402e-09
1.602000e+01 7.760050e-09
1.603000e+01 1.945095e-08
1.604000e+01 3.015170e-08
1.605000e+01 3.425130e-08
1.606000e+01 3.755488e-08
1.607000e+01 4.414714e-08
1.608000e+01 5.113818e-08
1.609000e+01 5.995141e-08
1.610000e+01 7.168102e-08
1.611000e+01 8.002444e-08
1.612000e+01 7.939607e-08
1.613000e+01 7.217630e-08
1.614000e+01 6.136985e-08
1.615000e+01 4.483013e-08
1.616000e+01 2.883760e-08
1.617000e+01 1.681820e-08
1.618000e+01 1.038056e-08
1.619000e+01 1.576269e-08
1.620000e+01 2.228981e-08
1.621000e+01 2.616692e-08
1.622000e+01 2.840378e-08
1.623000e+01 3.189309e-08
1.624000e+01 3.873510e-08
1.625000e+01 4.684794e-08
1.626000e+01 5.407189e-08
1.627000e+01 5.832678e-08
1.628000e+01 5.815223e-08
1.629000e+01 5.683115e-08
1.630000e+01 5.909022e-08
1.631000e+01 6.269841e-08
1.632000e+01 5.710793e-08
1.633000e+01 4.346830e-08
1.634000e+01 2.978754e-08
1.635000e+01 1.924275e-08
1.636000e+01 1.368746e-08
1.637000e+01 1.096673e-08
1.638000e+01 1.311572e-08
1.639000e+01 2.140834e-08
1.640000e+01 2.301095e-08
1.641000e+01 1.581523e-08
1.642000e+01 6.017046e-09
1.643000e+01 4.438630e-09
1.644000e+01 1.244559e-08
1.645000e+01 1.431614e-08
1.646000e+01 1.549927e-08
1.647000e+01 2.478064e-08
1.648000e+01 3.581833e-08
1.649000e+01 3.949126e-08
1.650000e+01 4.270080e-08
1.651000e+01 5.071209e-08
1.652000e+01 5.466843e-08
1.653000e+01 5.179890e-08
1.654000e+01 4.825396e-08
1.655000e+01 4.811490e-08
1.656000e+01 4.955830e-08
1.657000e+01 4.807246e-08
1.658000e+01 4.502409e-08
1.659000e+01 3.892208e-08
1.660000e+01 3.009028e-08
1.661000e+01 2.079955e-08
1.662000e+01 1.304604e-08
1.663000e+01 8.676476e-09
1.664000e+01 4.241784e-09
1.665000e+01 4.639674e-09
1.666000e+01 1.225840e-08
1.667000e+01 2.379151e-08
1.668000e+01 3.751215e-08
1.669000e+01 4.515921e-08
1.670000e+01 4.841442e-08
1.671000e+01 5.256535e-08
1.672000e+01 5.437304e-08
1.673000e+01 4.848731e-08
1.674000e+01 3.515339e-08
1.675000e+01 2.342576e-08
1.676000e+01 1.588032e-08
1.677000e+01 7.461710e-09
1.678000e+01 6.162551e-09
1.679000e+01 1.928811e-08
1.680000e+01 3.351696e-08
1.681000e+01 4.562840e-08
1.682000e+01 5.279571e-08
1.683000e+01 5.279019e-08
1.684000e+01 4.215579e-08
1.685000e+01 2.889231e-08
1.686000e+01 2.601035e-08
1.687000e+01 3.042706e-08
1.688000e+01 3.437711e-08
1.689000e+01 3.656593e-08
1.690000e+01 3.061931e-08
1.691000e+01 1.898673e-08
1.692000e+01 1.179405e-08
1.693000e+01 8.638630e-09
1.694000e+01 1.203634e-08
1.695000e+01 1.705671e-08
1.696000e+01 2.593063e-08
1.697000e+01 3.680139e-08
1.698000e+01 4.595481e-08
1.699000e+01 4.785580e-08
1.700000e+01 4.296283e-08
1.701000e+01 3.779498e-08
1.702000e+01 2.882328e-08
1.703000e+01 1.299768e-08
1.704000e+01 2.805538e-09
1.705000e+01 1.446032e-08
1.706000e+01 2.140075e-08
1.707000e+01 2.331936e-08
1.708000e+01 2.184464e-08
1.709000e+01 1.789785e-08
1.710000e+01 1.231396e-08
1.711000e+01 1.617696e-08
1.712000e+01 2.902388e-08
1.713000e+01 3.710150e-08
1.714000e+01 3.933561e-08
1.715000e+01 3.889432e-08
1.716000e+01 4.053062e-08
1.717000e+01 4.704146e-08
1.718000e+01 5.293033e-08
1.719000e+01 5.062401e-08
1.720000e+01 3.836410e-08
1.721000e+01 2.821230e-08
1.722000e+01 2.761551e-08
1.723000e+01 2.668981e-08
1.724000e+01 2.101502e-08
1.725000e+01 1.306750e-08
1.726000e+01 5.702040e-09
1.727000e+01 2.290751e-09
1.728000e+01 6.369209e-09
1.729000e+01 5.405213e-09
1.730000e+01 7.104502e-09
1.731000e+01 1.416579e-08
1.732000e+01 1.737672e-08
1.733000e+01 1.926670e-08
1.734000e+01 2.144490e-08
1.735000e+01 2.325142e-08
1.736000e+01 2.392098e-08
1.737000e+01 2.193604e-08
1.738000e+01 2.487128e-08
1.739000e+01 3.092631e-08
1.740000e+01 2.926144e-08
1.741000e+01 2.896769e-08
1.742000e+01 3.478252e-08
1.743000e+01 3.785496e-08
1.744000e+01 3.585116e-08
1.745000e+01 3.243608e-08
1.746000e+01 3.332951e-08
1.747000e+01 3.640517e-08
1.748000e+01 4.069702e-08
1.749000e+01 4.546357e-08
1.750000e+01 4.641867e-08
1.751000e+01 4.406898e-08
1.752000e+01 4.099668e-08
1.753000e+01 3.782484e-08
1.754000e+01 3.202286e-08
1.755000e+01 2.901464e-08
1.756000e+01 2.765842e-08
1.757000e+01 2.320600e-08
1.758000e+01 1.668582e-08
1.759000e+01 7.082404e-09
1.760000e+01 7.088796e-09
1.761000e+01 2.143614e-08
1.762000e+01 2.967514e-08
1.763000e+01 3.516846e-08
1.764000e+01 4.320762e-08
1.765000e+01 4.671339e-08
1.766000e+01 4.766955e-08
1.767000e+01 4.953890e-08
1.768000e+01 4.717995e-08
1.769000e+01 4.233557e-08
1.770000e+01 3.918117e-08
1.771000e+01 3.388248e-08
1.772000e+01 2.767600e-08
1.773000e+01 2.638571e-08
1.774000e+01 2.625310e-08
1.775000e+01 2.944201e-08
1.776000e+01 3.296372e-08
1.777000e+01 3.017117e-08
1.778000e+01 2.177077e-08
1.779000e+01 1.224799e-08
1.780000e+01 6.527272e-09
1.781000e+01 6.747344e-09
1.782000e+01 5.669689e-09
1.783000e+01 1.266751e-08
1.784000e+01 1.889159e-08
1.785000e+01 2.019069e-08
1.786000e+01 1.897899e-08
1.787000e+01 1.707269e-08
1.788000e+01 1.730520e-08
1.789000e+01 1.276757e-08
1.790000e+01 1.197799e-08
1.791000e+01 1.677211e-08
1.792000e+01 1.729741e-08
1.793000e+01 1.700421e-08
1.794000e+01 1.716883e-08
1.795000e+01 1.796568e-08
1.796000e+01 1.921650e-08
1.797000e+01 2.036117e-08
1.798000e+01 2.561898e-08
1.799000e+01 3.393292e-08
1.800000e+01 4.264701e-08
1.801000e+01 4.921041e-08
1.802000e+01 5.319545e-08
1.803000e+01 4.524036e-08
1.804000e+01 2.673787e-08
1.805000e+01 1.525142e-08
1.806000e+01 1.122274e-08
1.807000e+01 1.210288e-08
1.808000e+01 1.019128e-08
1.809000e+01 5.562727e-09
1.810000e+01 6.152915e-09
1.811000e+01 1.625933e-08
1.812000e+01 2.487111e-08
1.813000e+01 2.599320e-08
1.814000e+01 1.994681e-08
1.815000e+01 8.348310e-09
1.816000e+01 1.009929e-08
1.817000e+01 2.691913e-08
1.818000e+01 4.216335e-08
1.819000e+01 5.088625e-08
1.820000e+01 4.998842e-08
1.821000e+01 4.731593e-08
1.822000e+01 4.508322e-08
1.823000e+01 4.062556e-08
1.824000e+01 3.277028e-08
1.825000e+01 2.111884e-08
1.826000e+01 9.284811e-09
1.827000e+01 4.814560e-09
1.828000e+01 1.367320e-08
1.829000e+01 2.294415e-08
1.830000e+01 3.264175e-08
1.831000e+01 4.157915e-08
1.832000e+01 4.351056e-08
1.833000e+01 3.870944e-08
1.834000e+01 3.333599e-08
1.835000e+01 2.656107e-08
1.836000e+01 2.093140e-08
1.837000e+01 1.912474e-08
1.838000e+01 1.661283e-08
1.839000e+01 1.605666e-08
1.840000e+01 1.616226e-08
1.841000e+01 1.016655e-08
1.842000e+01 1.452927e-09
1.843000e+01 1.426546e-08
1.844000e+01 2.562999e-08
1.845000e+01 3.261256e-08
1.846000e+01 3.710758e-08
1.847000e+01 3.632146e-08
1.848000e+01 3.293572e-08
1.849000e+01 2.856807e-08
1.850000e+01 1.926931e-08
1.851000e+01 1.236007e-08
1.852000e+01 1.736718e-08
1.853000e+01 2.314420e-08
1.854000e+01 2.017484e-08
1.855000e+01 1.147368e-08
1.856000e+01 9.892189e-09
1.857000e+01 1.670932e-08
1.858000e+01 1.598853e-08
1.859000e+01 1.285872e-08
1.860000e+01 1.213766e-08
1.861000e+01 9.740480e-09
1.862000e+01 1.244335e-08
1.863000e+01 1.240274e-08
1.864000e+01 8.617837e-09
1.865000e+01 1.240952e-08
1.866000e+01 2.154030e-08
1.867000e+01 2.708301e-08
1.868000e+01 3.354829e-08
1.869000e+01 3.613730e-08
1.870000e+01 3.385766e-08
1.871000e+01 3.322785e-08
1.872000e+01 3.476528e-08
1.873000e+01 3.536103e-08
1.874000e+01 3.084861e-08
1.875000e+01 2.195877e-08
1.876000e+01 1.360820e-08
1.877000e+01 1.184289e-08
1.878000e+01 1.457353e-08
1.879000e+01 1.568448e-08
1.880000e+01 1.526075e-08
1.881000e+01 1.841126e-08
1.882000e+01 2.448109e-08
1.883000e+01 2.481724e-08
1.884000e+01 2.281275e-08
1.885000e+01 2.380607e-08
1.886000e+01 2.248598e-08
1.887000e+01 1.397269e-08
1.888000e+01 5.148768e-09
1.889000e+01 3.130846e-09
1.890000e+01 1.080039e-08
1.891000e+01 1.696562e-08
1.892000e+01 1.727444e-08
1.893000e+01 2.070471e-08
1.894000e+01 2.561824e-08
1.895000e+01 2.486212e-08
1.896000e+01 1.800747e-08
1.897000e+01 1.075729e-08
1.898000e+01 4.834061e-09
1.899000e+01 2.267510e-09
1.900000e+01 4.577565e-09
1.901000e+01 8.598130e-09
1.902000e+01 1.343310e-08
1.903000e+01 1.500621e-08
1.904000e+01 1.367829e-08
1.905000e+01 1.205974e-08
1.906000e+01 1.244157e-08
1.907000e+01 1.130629e-08
1.908000e+01 6.040873e-09
1.909000e+01 3.059773e-09
1.910000e+01 6.464118e-09
1.911000e+01 1.041642e-08
1.912000e+01 1.612660e-08
1.913000e+01 2.084593e-08
1.914000e+01 2.306384e-08
1.915000e+01 2.022865e-08
1.916000e+01 2.027197e-08
1.917000e+01 2.845360e-08
1.918000e+01 3.656663e-08
1.919000e+01 3.803541e-08
1.920000e+01 4.003342e-08
1.921000e+01 4.433462e-08
1.922000e+01 4.424982e-08
1.923000e+01 3.573981e-08
1.924000e+01 2.238387e-08
1.925000e+01 1.247049e-08
1.926000e+01 8.401395e-09
1.927000e+01 7.524718e-09
1.928000e+01 1.233487e-08
1.929000e+01 1.872752e-08
1.930000e+01 2.435068e-08
1.931000e+01 2.750295e-08
1.932000e+01 2.548582e-08
1.933000e+01 1.621362e-08
1.934000e+01 1.030262e-08
1.935000e+01 1.549759e-08
1.936000e+01 2.696589e-08
1.937000e+01 3.664590e-08
1.938000e+01 3.966093e-08
1.939000e+01 3.275088e-08
1.940000e+01 2.301754e-08
1.941000e+01 1.873450e-08
1.942000e+01 2.065352e-08
1.943000e+01 2.283967e-08
1.944000e+01 1.697216e-08
1.945000e+01 1.056236e-08
1.946000e+01 1.039062e-08
1.947000e+01 1.553798e-08
1.948000e+01 2.446948e-08
1.949000e+01 3.073650e-08
1.950000e+01 3.033215e-08
1.951000e+01 2.188705e-08
1.952000e+01 1.246385e-08
1.953000e+01 8.944663e-09
1.954000e+01 9.277590e-09
1.955000e+01 7.825195e-09
1.956000e+01 1.284680e-08
1.957000e+01 2.302598e-08
1.958000e+01 3.152454e-08
1.959000e+01 3.956550e-08
1.960000e+01 4.636592e-08
1.961000e+01 5.170777e-08
1.962000e+01 5.413266e-08
1.963000e+01 5.296694e-08
1.964000e+01 5.165299e-08
1.965000e+01 5.193126e-08
1.966000e+01 5.243827e-08
1.967000e+01 5.056912e-08
1.968000e+01 4.497748e-08
1.969000e+01 3.537346e-08
1.970000e+01 2.312439e-08
1.971000e+01 1.404333e-08
1.972000e+01 1.147340e-08
1.973000e+01 1.269776e-08
1.974000e+01 1.479880e-08
1.975000e+01 1.678176e-08
1.976000e+01 1.775380e-08
1.977000e+01 2.106042e-08
1.978000e+01 2.550300e-08
1.979000e+01 2.500416e-08
1.980000e+01 2.166146e-08
1.981000e+01 2.028488e-08
1.982000e+01 2.594887e-08
1.983000e+01 3.007996e-08
1.984000e+01 2.423955e-08
1.985000e+01 1.320280e-08
1.986000e+01 4.954829e-09
1.987000e+01 4.866445e-09
1.988000e+01 7.712655e-09
1.989000e+01 1.215110e-08
1.990000e+01 1.566615e-08
1.991000e+01 1.812778e-08
1.992000e+01 2.337008e-08
1.993000e+01 2.877493e-08
1.994000e+01 2.624652e-08
1.995000e+01 1.499543e-08
1.996000e+01 5.554150e-09
1.997000e+01 8.224653e-09
1.998000e+01 6.127177e-09
1.999000e+01 0.000000e+00
