2.000000e-02 1.308281e+00
4.000000e-02 1.308053e+00
6.000000e-02 1.307655e+00
8.000000e-02 1.307089e+00
1.000000e-01 1.306356e+00
1.200000e-01 1.305455e+00
1.400000e-01 1.304388e+00
1.600000e-01 1.303156e+00
1.800000e-01 1.301761e+00
2.000000e-01 1.300205e+00
2.200000e-01 1.298489e+00
2.400000e-01 1.296615e+00
2.600000e-01 1.294587e+00
2.800000e-01 1.292406e+00
3.000000e-01 1.290075e+00
3.200000e-01 1.287597e+00
3.400000e-01 1.284975e+00
3.600000e-01 1.282213e+00
3.800000e-01 1.279313e+00
4.000000e-01 1.276281e+00
4.200000e-01 1.273119e+00
4.400000e-01 1.269832e+00
4.600000e-01 1.266424e+00
4.800000e-01 1.262899e+00
5.000000e-01 1.259263e+00
5.200000e-01 1.255520e+00
5.400000e-01 1.251675e+00
5.600000e-01 1.247734e+00
5.800000e-01 1.243701e+00
6.000000e-01 1.239583e+00
6.200000e-01 1.235385e+00
6.400000e-01 1.231113e+00
6.600000e-01 1.226773e+00
6.800000e-01 1.222372e+00
7.000000e-01 1.217916e+00
7.200000e-01 1.213411e+00
7.400000e-01 1.208865e+00
7.600000e-01 1.204283e+00
7.800000e-01 1.199673e+00
8.000000e-01 1.195043e+00
8.200000e-01 1.190398e+00
8.400000e-01 1.185748e+00
8.600000e-01 1.181098e+00
8.800000e-01 1.176457e+00
9.000000e-01 1.171832e+00
9.200000e-01 1.167230e+00
9.400000e-01 1.162660e+00
9.600000e-01 1.158129e+00
9.800000e-01 1.153645e+00
1.000000e+00 1.149216e+00
1.020000e+00 1.144849e+00
1.040000e+00 1.140552e+00
1.060000e+00 1.136333e+00
1.080000e+00 1.132199e+00
1.100000e+00 1.128158e+00
1.120000e+00 1.124219e+00
1.140000e+00 1.120387e+00
1.160000e+00 1.116670e+00
1.180000e+00 1.113075e+00
1.200000e+00 1.109610e+00
1.220000e+00 1.106282e+00
1.240000e+00 1.103095e+00
1.260000e+00 1.100058e+00
1.280000e+00 1.097177e+00
1.300000e+00 1.094456e+00
1.320000e+00 1.091902e+00
1.340000e+00 1.089519e+00
1.360000e+00 1.087314e+00
1.380000e+00 1.085290e+00
1.400000e+00 1.083451e+00
1.420000e+00 1.081803e+00
1.440000e+00 1.080347e+00
1.460000e+00 1.079088e+00
1.480000e+00 1.078027e+00
1.500000e+00 1.077168e+00
1.520000e+00 1.076512e+00
1.540000e+00 1.076061e+00
1.560000e+00 1.075814e+00
1.580000e+00 1.075774e+00
1.600000e+00 1.075940e+00
1.620000e+00 1.076312e+00
1.640000e+00 1.076889e+00
1.660000e+00 1.077670e+00
1.680000e+00 1.078652e+00
1.700000e+00 1.079834e+00
1.720000e+00 1.081214e+00
1.740000e+00 1.082788e+00
1.760000e+00 1.084553e+00
1.780000e+00 1.086506e+00
1.800000e+00 1.088641e+00
1.820000e+00 1.090955e+00
1.840000e+00 1.093443e+00
1.860000e+00 1.096100e+00
1.880000e+00 1.098920e+00
1.900000e+00 1.101898e+00
1.920000e+00 1.105027e+00
1.940000e+00 1.108301e+00
1.960000e+00 1.111714e+00
1.980000e+00 1.115259e+00
2.000000e+00 1.118929e+00
2.020000e+00 1.122717e+00
2.040000e+00 1.126616e+00
2.060000e+00 1.130618e+00
2.080000e+00 1.134716e+00
2.100000e+00 1.138903e+00
2.120000e+00 1.143171e+00
2.140000e+00 1.147511e+00
2.160000e+00 1.151918e+00
2.180000e+00 1.156381e+00
2.200000e+00 1.160895e+00
2.220000e+00 1.165451e+00
2.240000e+00 1.170041e+00
2.260000e+00 1.174658e+00
2.280000e+00 1.179294e+00
2.300000e+00 1.183941e+00
2.320000e+00 1.188592e+00
2.340000e+00 1.193240e+00
2.360000e+00 1.197877e+00
2.380000e+00 1.202495e+00
2.400000e+00 1.207089e+00
2.420000e+00 1.211650e+00
2.440000e+00 1.216172e+00
2.460000e+00 1.220647e+00
2.480000e+00 1.225071e+00
2.500000e+00 1.229435e+00
2.520000e+00 1.233734e+00
2.540000e+00 1.237961e+00
2.560000e+00 1.242111e+00
2.580000e+00 1.246178e+00
2.600000e+00 1.250155e+00
2.620000e+00 1.254038e+00
2.640000e+00 1.257822e+00
2.660000e+00 1.261500e+00
2.680000e+00 1.265068e+00
2.700000e+00 1.268522e+00
2.720000e+00 1.271857e+00
2.740000e+00 1.275068e+00
2.760000e+00 1.278151e+00
2.780000e+00 1.281103e+00
2.800000e+00 1.283919e+00
2.820000e+00 1.286595e+00
2.840000e+00 1.289130e+00
2.860000e+00 1.291518e+00
2.880000e+00 1.293758e+00
2.900000e+00 1.295846e+00
2.920000e+00 1.297780e+00
2.940000e+00 1.299557e+00
2.960000e+00 1.301176e+00
2.980000e+00 1.302633e+00
3.000000e+00 1.303929e+00
3.020000e+00 1.305060e+00
3.040000e+00 1.306025e+00
3.060000e+00 1.306824e+00
3.080000e+00 1.307456e+00
3.100000e+00 1.307919e+00
3.120000e+00 1.308212e+00
3.140000e+00 1.308337e+00
3.160000e+00 1.308292e+00
3.180000e+00 1.308077e+00
3.200000e+00 1.307694e+00
3.220000e+00 1.307141e+00
3.240000e+00 1.306421e+00
3.260000e+00 1.305533e+00
3.280000e+00 1.304480e+00
3.300000e+00 1.303261e+00
3.320000e+00 1.301879e+00
3.340000e+00 1.300336e+00
3.360000e+00 1.298633e+00
3.380000e+00 1.296772e+00
3.400000e+00 1.294756e+00
3.420000e+00 1.292587e+00
3.440000e+00 1.290268e+00
3.460000e+00 1.287802e+00
3.480000e+00 1.285191e+00
3.500000e+00 1.282440e+00
3.520000e+00 1.279552e+00
3.540000e+00 1.276530e+00
3.560000e+00 1.273378e+00
3.580000e+00 1.270101e+00
3.600000e+00 1.266703e+00
3.620000e+00 1.263188e+00
3.640000e+00 1.259560e+00
3.660000e+00 1.255825e+00
3.680000e+00 1.251989e+00
3.700000e+00 1.248055e+00
3.720000e+00 1.244029e+00
3.740000e+00 1.239918e+00
3.760000e+00 1.235726e+00
3.780000e+00 1.231460e+00
3.800000e+00 1.227125e+00
3.820000e+00 1.222729e+00
3.840000e+00 1.218277e+00
3.860000e+00 1.213775e+00
3.880000e+00 1.209232e+00
3.900000e+00 1.204653e+00
3.920000e+00 1.200045e+00
3.940000e+00 1.195416e+00
3.960000e+00 1.190773e+00
3.980000e+00 1.186122e+00
4.000000e+00 1.181472e+00
4.020000e+00 1.176830e+00
4.040000e+00 1.172203e+00
4.060000e+00 1.167599e+00
4.080000e+00 1.163027e+00
4.100000e+00 1.158492e+00
4.120000e+00 1.154004e+00
4.140000e+00 1.149570e+00
4.160000e+00 1.145198e+00
4.180000e+00 1.140895e+00
4.200000e+00 1.136669e+00
4.220000e+00 1.132528e+00
4.240000e+00 1.128480e+00
4.260000e+00 1.124531e+00
4.280000e+00 1.120691e+00
4.300000e+00 1.116964e+00
4.320000e+00 1.113360e+00
4.340000e+00 1.109884e+00
4.360000e+00 1.106544e+00
4.380000e+00 1.103346e+00
4.400000e+00 1.100297e+00
4.420000e+00 1.097402e+00
4.440000e+00 1.094668e+00
4.460000e+00 1.092100e+00
4.480000e+00 1.089704e+00
4.500000e+00 1.087484e+00
4.520000e+00 1.085445e+00
4.540000e+00 1.083592e+00
4.560000e+00 1.081928e+00
4.580000e+00 1.080457e+00
4.600000e+00 1.079181e+00
4.620000e+00 1.078105e+00
4.640000e+00 1.077229e+00
4.660000e+00 1.076557e+00
4.680000e+00 1.076089e+00
4.700000e+00 1.075826e+00
4.720000e+00 1.075770e+00
4.740000e+00 1.075919e+00
4.760000e+00 1.076274e+00
4.780000e+00 1.076835e+00
4.800000e+00 1.077599e+00
4.820000e+00 1.078565e+00
4.840000e+00 1.079731e+00
4.860000e+00 1.081095e+00
4.880000e+00 1.082654e+00
4.900000e+00 1.084404e+00
4.920000e+00 1.086341e+00
4.940000e+00 1.088462e+00
4.960000e+00 1.090762e+00
4.980000e+00 1.093236e+00
5.000000e+00 1.095880e+00
5.020000e+00 1.098687e+00
5.040000e+00 1.101652e+00
5.060000e+00 1.104769e+00
5.080000e+00 1.108032e+00
5.100000e+00 1.111434e+00
5.120000e+00 1.114968e+00
5.140000e+00 1.118628e+00
5.160000e+00 1.122407e+00
5.180000e+00 1.126297e+00
5.200000e+00 1.130292e+00
5.220000e+00 1.134383e+00
5.240000e+00 1.138563e+00
5.260000e+00 1.142824e+00
5.280000e+00 1.147159e+00
5.300000e+00 1.151560e+00
5.320000e+00 1.156020e+00
5.340000e+00 1.160530e+00
5.360000e+00 1.165083e+00
5.380000e+00 1.169670e+00
5.400000e+00 1.174285e+00
5.420000e+00 1.178920e+00
5.440000e+00 1.183567e+00
5.460000e+00 1.188218e+00
5.480000e+00 1.192866e+00
5.500000e+00 1.197504e+00
5.520000e+00 1.202124e+00
5.540000e+00 1.206720e+00
5.560000e+00 1.211284e+00
5.580000e+00 1.215809e+00
5.600000e+00 1.220289e+00
5.620000e+00 1.224717e+00
5.640000e+00 1.229086e+00
5.660000e+00 1.233391e+00
5.680000e+00 1.237624e+00
5.700000e+00 1.241780e+00
5.720000e+00 1.245854e+00
5.740000e+00 1.249839e+00
5.760000e+00 1.253730e+00
5.780000e+00 1.257521e+00
5.800000e+00 1.261208e+00
5.820000e+00 1.264786e+00
5.840000e+00 1.268249e+00
5.860000e+00 1.271593e+00
5.880000e+00 1.274814e+00
5.900000e+00 1.277908e+00
5.920000e+00 1.280870e+00
5.940000e+00 1.283697e+00
5.960000e+00 1.286385e+00
5.980000e+00 1.288931e+00
6.000000e+00 1.291332e+00
6.020000e+00 1.293583e+00
6.040000e+00 1.295684e+00
6.060000e+00 1.297630e+00
6.080000e+00 1.299420e+00
6.100000e+00 1.301052e+00
6.120000e+00 1.302522e+00
6.140000e+00 1.303831e+00
6.160000e+00 1.304975e+00
6.180000e+00 1.305954e+00
6.200000e+00 1.306767e+00
6.220000e+00 1.307412e+00
6.240000e+00 1.307888e+00
6.260000e+00 1.308195e+00
6.280000e+00 1.308334e+00
6.300000e+00 1.308302e+00
6.320000e+00 1.308101e+00
6.340000e+00 1.307731e+00
6.360000e+00 1.307193e+00
6.380000e+00 1.306486e+00
6.400000e+00 1.305612e+00
6.420000e+00 1.304571e+00
6.440000e+00 1.303366e+00
6.460000e+00 1.301997e+00
6.480000e+00 1.300467e+00
6.500000e+00 1.298776e+00
6.520000e+00 1.296928e+00
6.540000e+00 1.294924e+00
6.560000e+00 1.292768e+00
6.580000e+00 1.290461e+00
6.600000e+00 1.288006e+00
6.620000e+00 1.285407e+00
6.640000e+00 1.282667e+00
6.660000e+00 1.279790e+00
6.680000e+00 1.276779e+00
6.700000e+00 1.273637e+00
6.720000e+00 1.270370e+00
6.740000e+00 1.266981e+00
6.760000e+00 1.263475e+00
6.780000e+00 1.259857e+00
6.800000e+00 1.256130e+00
6.820000e+00 1.252302e+00
6.840000e+00 1.248375e+00
6.860000e+00 1.244357e+00
6.880000e+00 1.240252e+00
6.900000e+00 1.236066e+00
6.920000e+00 1.231806e+00
6.940000e+00 1.227477e+00
6.960000e+00 1.223085e+00
6.980000e+00 1.218637e+00
7.000000e+00 1.214140e+00
7.020000e+00 1.209599e+00
7.040000e+00 1.205023e+00
7.060000e+00 1.200417e+00
7.080000e+00 1.195790e+00
7.100000e+00 1.191147e+00
7.120000e+00 1.186497e+00
7.140000e+00 1.181846e+00
7.160000e+00 1.177203e+00
7.180000e+00 1.172575e+00
7.200000e+00 1.167969e+00
7.220000e+00 1.163393e+00
7.240000e+00 1.158856e+00
7.260000e+00 1.154363e+00
7.280000e+00 1.149925e+00
7.300000e+00 1.145547e+00
7.320000e+00 1.141238e+00
7.340000e+00 1.137006e+00
7.360000e+00 1.132858e+00
7.380000e+00 1.128802e+00
7.400000e+00 1.124845e+00
7.420000e+00 1.120995e+00
7.440000e+00 1.117259e+00
7.460000e+00 1.113645e+00
7.480000e+00 1.110159e+00
7.500000e+00 1.106807e+00
7.520000e+00 1.103598e+00
7.540000e+00 1.100536e+00
7.560000e+00 1.097629e+00
7.580000e+00 1.094882e+00
7.600000e+00 1.092300e+00
7.620000e+00 1.089890e+00
7.640000e+00 1.087656e+00
7.660000e+00 1.085602e+00
7.680000e+00 1.083734e+00
7.700000e+00 1.082054e+00
7.720000e+00 1.080567e+00
7.740000e+00 1.079276e+00
7.760000e+00 1.078183e+00
7.780000e+00 1.077292e+00
7.800000e+00 1.076603e+00
7.820000e+00 1.076118e+00
7.840000e+00 1.075839e+00
7.860000e+00 1.075766e+00
7.880000e+00 1.075899e+00
7.900000e+00 1.076237e+00
7.920000e+00 1.076781e+00
7.940000e+00 1.077529e+00
7.960000e+00 1.078479e+00
7.980000e+00 1.079629e+00
8.000000e+00 1.080977e+00
