-6.000000e+00 0.000000e+00
-5.900000e+00 2.434309e-13
-5.800000e+00 5.036556e-13
-5.700000e+00 8.179983e-13
-5.600000e+00 1.378153e-12
-5.500000e+00 2.720441e-12
-5.400000e+00 5.667630e-12
-5.300000e+00 1.122693e-11
-5.200000e+00 2.050143e-11
-5.100000e+00 3.433410e-11
-5.000000e+00 5.337493e-11
-4.900000e+00 8.426104e-11
-4.800000e+00 1.700902e-10
-4.700000e+00 4.368993e-10
-4.600000e+00 1.152549e-09
-4.500000e+00 2.912926e-09
-4.400000e+00 7.053626e-09
-4.300000e+00 1.651431e-08
-4.200000e+00 3.764229e-08
-4.100000e+00 8.387376e-08
-4.000000e+00 1.830698e-07
-3.900000e+00 3.917828e-07
-3.800000e+00 8.223199e-07
-3.700000e+00 1.692799e-06
-3.600000e+00 3.417366e-06
-3.500000e+00 6.764519e-06
-3.400000e+00 1.312745e-05
-3.300000e+00 2.497265e-05
-3.200000e+00 4.656253e-05
-3.100000e+00 8.508353e-05
-3.000000e+00 1.523495e-04
-2.900000e+00 2.672833e-04
-2.800000e+00 4.593934e-04
-2.700000e+00 7.734353e-04
-2.600000e+00 1.275351e-03
-2.500000e+00 2.059388e-03
-2.400000e+00 3.255967e-03
-2.300000e+00 5.039414e-03
-2.200000e+00 7.634063e-03
-2.100000e+00 1.131662e-02
-2.000000e+00 1.641207e-02
-1.900000e+00 2.328034e-02
-1.800000e+00 3.229100e-02
-1.700000e+00 4.378518e-02
-1.600000e+00 5.802607e-02
-1.500000e+00 7.514348e-02
-1.400000e+00 9.508206e-02
-1.300000e+00 1.175661e-01
-1.200000e+00 1.420932e-01
-1.100000e+00 1.679652e-01
-1.000000e+00 1.943530e-01
-9.000000e-01 2.203840e-01
-8.000000e-01 2.452310e-01
-7.000000e-01 2.681831e-01
-6.000000e-01 2.886871e-01
-5.000000e-01 3.063552e-01
-4.000000e-01 3.209475e-01
-3.000000e-01 3.323380e-01
-2.000000e-01 3.404770e-01
-1.000000e-01 3.453561e-01
0.000000e+00 3.469812e-01
1.000000e-01 3.453561e-01
2.000000e-01 3.404770e-01
3.000000e-01 3.323380e-01
4.000000e-01 3.209475e-01
5.000000e-01 3.063552e-01
6.000000e-01 2.886871e-01
7.000000e-01 2.681831e-01
8.000000e-01 2.452310e-01
9.000000e-01 2.203840e-01
1.000000e+00 1.943530e-01
1.100000e+00 1.679652e-01
1.200000e+00 1.420932e-01
1.300000e+00 1.175661e-01
1.400000e+00 9.508206e-02
1.500000e+00 7.514348e-02
1.600000e+00 5.802607e-02
1.700000e+00 4.378518e-02
1.800000e+00 3.229100e-02
1.900000e+00 2.328034e-02
2.000000e+00 1.641207e-02
2.100000e+00 1.131662e-02
2.200000e+00 7.634063e-03
2.300000e+00 5.039414e-03
2.400000e+00 3.255967e-03
2.500000e+00 2.059388e-03
2.600000e+00 1.275351e-03
2.700000e+00 7.734353e-04
2.800000e+00 4.593934e-04
2.900000e+00 2.672833e-04
3.000000e+00 1.523495e-04
3.100000e+00 8.508353e-05
3.200000e+00 4.656253e-05
3.300000e+00 2.497265e-05
3.400000e+00 1.312745e-05
3.500000e+00 6.764518e-06
3.600000e+00 3.417365e-06
3.700000e+00 1.692799e-06
3.800000e+00 8.223200e-07
3.900000e+00 3.917829e-07
4.000000e+00 1.830699e-07
4.100000e+00 8.387389e-08
4.200000e+00 3.764234e-08
4.300000e+00 1.651423e-08
4.400000e+00 7.053412e-09
4.500000e+00 2.912638e-09
4.600000e+00 1.152295e-09
4.700000e+00 4.367652e-10
4.800000e+00 1.700394e-10
4.900000e+00 8.412115e-11
5.000000e+00 5.309965e-11
5.100000e+00 3.403616e-11
5.200000e+00 2.028702e-11
5.300000e+00 1.114267e-11
5.400000e+00 5.706672e-12
5.500000e+00 2.824390e-12
5.600000e+00 1.441606e-12
5.700000e+00 7.671229e-13
5.800000e+00 3.465584e-13
5.900000e+00 0.000000e+00
