1.600000e-02 1.320312e+00
3.200000e-02 1.320135e+00
4.800000e-02 1.319874e+00
6.400000e-02 1.319530e+00
8.000000e-02 1.319106e+00
9.600000e-02 1.318601e+00
1.120000e-01 1.318016e+00
1.280000e-01 1.317355e+00
1.440000e-01 1.316617e+00
1.600000e-01 1.315806e+00
1.760000e-01 1.314923e+00
1.920000e-01 1.313970e+00
2.080000e-01 1.312950e+00
2.240000e-01 1.311865e+00
2.400000e-01 1.310719e+00
2.560000e-01 1.309514e+00
2.720000e-01 1.308252e+00
2.880000e-01 1.306938e+00
3.040000e-01 1.305575e+00
3.200000e-01 1.304165e+00
3.360000e-01 1.302713e+00
3.520000e-01 1.301222e+00
3.680000e-01 1.299696e+00
3.840000e-01 1.298139e+00
4.000000e-01 1.296553e+00
4.160000e-01 1.294944e+00
4.320000e-01 1.293315e+00
4.480000e-01 1.291671e+00
4.640000e-01 1.290014e+00
4.800000e-01 1.288349e+00
4.960000e-01 1.286680e+00
5.120000e-01 1.285011e+00
5.280000e-01 1.283346e+00
5.440000e-01 1.281688e+00
5.600000e-01 1.280042e+00
5.760000e-01 1.278410e+00
5.920000e-01 1.276798e+00
6.080000e-01 1.275208e+00
6.240000e-01 1.273643e+00
6.400000e-01 1.272108e+00
6.560000e-01 1.270604e+00
6.720000e-01 1.269137e+00
6.880000e-01 1.267707e+00
7.040000e-01 1.266319e+00
7.200000e-01 1.264975e+00
7.360000e-01 1.263676e+00
7.520000e-01 1.262427e+00
7.680000e-01 1.261228e+00
7.840000e-01 1.260081e+00
8.000000e-01 1.258989e+00
8.160000e-01 1.257953e+00
8.320000e-01 1.256974e+00
8.480000e-01 1.256054e+00
8.640000e-01 1.255193e+00
8.800000e-01 1.254392e+00
8.960000e-01 1.253653e+00
9.120000e-01 1.252974e+00
9.280000e-01 1.252356e+00
9.440000e-01 1.251800e+00
9.600000e-01 1.251305e+00
9.760000e-01 1.250870e+00
9.920000e-01 1.250496e+00
1.008000e+00 1.250181e+00
1.024000e+00 1.249924e+00
1.040000e+00 1.249724e+00
1.056000e+00 1.249580e+00
1.072000e+00 1.249490e+00
1.088000e+00 1.249454e+00
1.104000e+00 1.249468e+00
1.120000e+00 1.249532e+00
1.136000e+00 1.249643e+00
1.152000e+00 1.249799e+00
1.168000e+00 1.249998e+00
1.184000e+00 1.250237e+00
1.200000e+00 1.250516e+00
1.216000e+00 1.250830e+00
1.232000e+00 1.251177e+00
1.248000e+00 1.251556e+00
1.264000e+00 1.251963e+00
1.280000e+00 1.252396e+00
1.296000e+00 1.252852e+00
1.312000e+00 1.253329e+00
1.328000e+00 1.253823e+00
1.344000e+00 1.254334e+00
1.360000e+00 1.254857e+00
1.376000e+00 1.255391e+00
1.392000e+00 1.255932e+00
1.408000e+00 1.256479e+00
1.424000e+00 1.257030e+00
1.440000e+00 1.257581e+00
1.456000e+00 1.258131e+00
1.472000e+00 1.258678e+00
1.488000e+00 1.259220e+00
1.504000e+00 1.259754e+00
1.520000e+00 1.260279e+00
1.536000e+00 1.260794e+00
1.552000e+00 1.261296e+00
1.568000e+00 1.261785e+00
1.584000e+00 1.262258e+00
1.600000e+00 1.262715e+00
1.616000e+00 1.263155e+00
1.632000e+00 1.263577e+00
1.648000e+00 1.263980e+00
1.664000e+00 1.264363e+00
1.680000e+00 1.264725e+00
1.696000e+00 1.265068e+00
1.712000e+00 1.265389e+00
1.728000e+00 1.265690e+00
1.744000e+00 1.265969e+00
1.760000e+00 1.266228e+00
1.776000e+00 1.266466e+00
1.792000e+00 1.266685e+00
1.808000e+00 1.266883e+00
1.824000e+00 1.267063e+00
1.840000e+00 1.267225e+00
1.856000e+00 1.267369e+00
1.872000e+00 1.267497e+00
1.888000e+00 1.267609e+00
1.904000e+00 1.267708e+00
1.920000e+00 1.267793e+00
1.936000e+00 1.267866e+00
1.952000e+00 1.267930e+00
1.968000e+00 1.267984e+00
1.984000e+00 1.268031e+00
2.000000e+00 1.268071e+00
2.016000e+00 1.268108e+00
2.032000e+00 1.268141e+00
2.048000e+00 1.268174e+00
2.064000e+00 1.268206e+00
2.080000e+00 1.268241e+00
2.096000e+00 1.268279e+00
2.112000e+00 1.268323e+00
2.128000e+00 1.268373e+00
2.144000e+00 1.268431e+00
2.160000e+00 1.268499e+00
2.176000e+00 1.268578e+00
2.192000e+00 1.268670e+00
2.208000e+00 1.268776e+00
2.224000e+00 1.268896e+00
2.240000e+00 1.269034e+00
2.256000e+00 1.269188e+00
2.272000e+00 1.269362e+00
2.288000e+00 1.269554e+00
2.304000e+00 1.269767e+00
2.320000e+00 1.270002e+00
2.336000e+00 1.270257e+00
2.352000e+00 1.270535e+00
2.368000e+00 1.270836e+00
2.384000e+00 1.271159e+00
2.400000e+00 1.271505e+00
2.416000e+00 1.271875e+00
2.432000e+00 1.272267e+00
2.448000e+00 1.272683e+00
2.464000e+00 1.273120e+00
2.480000e+00 1.273580e+00
2.496000e+00 1.274062e+00
2.512000e+00 1.274564e+00
2.528000e+00 1.275086e+00
2.544000e+00 1.275628e+00
2.560000e+00 1.276187e+00
2.576000e+00 1.276763e+00
2.592000e+00 1.277356e+00
2.608000e+00 1.277962e+00
2.624000e+00 1.278582e+00
2.640000e+00 1.279212e+00
2.656000e+00 1.279853e+00
2.672000e+00 1.280502e+00
2.688000e+00 1.281157e+00
2.704000e+00 1.281817e+00
2.720000e+00 1.282480e+00
2.736000e+00 1.283143e+00
2.752000e+00 1.283806e+00
2.768000e+00 1.284465e+00
2.784000e+00 1.285119e+00
2.800000e+00 1.285765e+00
2.816000e+00 1.286403e+00
2.832000e+00 1.287029e+00
2.848000e+00 1.287642e+00
2.864000e+00 1.288239e+00
2.880000e+00 1.288820e+00
2.896000e+00 1.289380e+00
2.912000e+00 1.289920e+00
2.928000e+00 1.290436e+00
2.944000e+00 1.290928e+00
2.960000e+00 1.291392e+00
2.976000e+00 1.291829e+00
2.992000e+00 1.292235e+00
3.008000e+00 1.292609e+00
3.024000e+00 1.292951e+00
3.040000e+00 1.293258e+00
3.056000e+00 1.293529e+00
3.072000e+00 1.293764e+00
3.088000e+00 1.293961e+00
3.104000e+00 1.294120e+00
3.120000e+00 1.294239e+00
3.136000e+00 1.294317e+00
3.152000e+00 1.294356e+00
3.168000e+00 1.294353e+00
3.184000e+00 1.294309e+00
3.200000e+00 1.294224e+00
3.216000e+00 1.294097e+00
3.232000e+00 1.293930e+00
3.248000e+00 1.293722e+00
3.264000e+00 1.293473e+00
3.280000e+00 1.293185e+00
3.296000e+00 1.292858e+00
3.312000e+00 1.292493e+00
3.328000e+00 1.292092e+00
3.344000e+00 1.291654e+00
3.360000e+00 1.291182e+00
3.376000e+00 1.290678e+00
3.392000e+00 1.290142e+00
3.408000e+00 1.289576e+00
3.424000e+00 1.288982e+00
3.440000e+00 1.288363e+00
3.456000e+00 1.287720e+00
3.472000e+00 1.287054e+00
3.488000e+00 1.286370e+00
3.504000e+00 1.285668e+00
3.520000e+00 1.284952e+00
3.536000e+00 1.284223e+00
3.552000e+00 1.283484e+00
3.568000e+00 1.282738e+00
3.584000e+00 1.281987e+00
3.600000e+00 1.281234e+00
3.616000e+00 1.280482e+00
3.632000e+00 1.279733e+00
3.648000e+00 1.278991e+00
3.664000e+00 1.278256e+00
3.680000e+00 1.277533e+00
3.696000e+00 1.276824e+00
3.712000e+00 1.276131e+00
3.728000e+00 1.275458e+00
3.744000e+00 1.274805e+00
3.760000e+00 1.274177e+00
3.776000e+00 1.273574e+00
3.792000e+00 1.273000e+00
3.808000e+00 1.272456e+00
3.824000e+00 1.271945e+00
3.840000e+00 1.271468e+00
3.856000e+00 1.271028e+00
3.872000e+00 1.270625e+00
3.888000e+00 1.270261e+00
3.904000e+00 1.269939e+00
3.920000e+00 1.269657e+00
3.936000e+00 1.269419e+00
3.952000e+00 1.269225e+00
3.968000e+00 1.269075e+00
3.984000e+00 1.268971e+00
4.000000e+00 1.268912e+00
4.016000e+00 1.268898e+00
4.032000e+00 1.268930e+00
4.048000e+00 1.269008e+00
4.064000e+00 1.269131e+00
4.080000e+00 1.269299e+00
4.096000e+00 1.269510e+00
4.112000e+00 1.269765e+00
4.128000e+00 1.270062e+00
4.144000e+00 1.270400e+00
4.160000e+00 1.270778e+00
4.176000e+00 1.271194e+00
4.192000e+00 1.271646e+00
4.208000e+00 1.272132e+00
4.224000e+00 1.272651e+00
4.240000e+00 1.273201e+00
4.256000e+00 1.273779e+00
4.272000e+00 1.274383e+00
4.288000e+00 1.275010e+00
4.304000e+00 1.275658e+00
4.320000e+00 1.276324e+00
4.336000e+00 1.277006e+00
4.352000e+00 1.277700e+00
4.368000e+00 1.278404e+00
4.384000e+00 1.279114e+00
4.400000e+00 1.279829e+00
4.416000e+00 1.280544e+00
4.432000e+00 1.281257e+00
4.448000e+00 1.281964e+00
4.464000e+00 1.282663e+00
4.480000e+00 1.283351e+00
4.496000e+00 1.284024e+00
4.512000e+00 1.284679e+00
4.528000e+00 1.285314e+00
4.544000e+00 1.285926e+00
4.560000e+00 1.286511e+00
4.576000e+00 1.287067e+00
4.592000e+00 1.287591e+00
4.608000e+00 1.288081e+00
4.624000e+00 1.288534e+00
4.640000e+00 1.288948e+00
4.656000e+00 1.289320e+00
4.672000e+00 1.289648e+00
4.688000e+00 1.289930e+00
4.704000e+00 1.290164e+00
4.720000e+00 1.290349e+00
4.736000e+00 1.290483e+00
4.752000e+00 1.290563e+00
4.768000e+00 1.290590e+00
4.784000e+00 1.290561e+00
4.800000e+00 1.290477e+00
4.816000e+00 1.290335e+00
4.832000e+00 1.290136e+00
4.848000e+00 1.289879e+00
4.864000e+00 1.289563e+00
4.880000e+00 1.289190e+00
4.896000e+00 1.288758e+00
4.912000e+00 1.288268e+00
4.928000e+00 1.287721e+00
4.944000e+00 1.287118e+00
4.960000e+00 1.286459e+00
4.976000e+00 1.285745e+00
4.992000e+00 1.284978e+00
5.008000e+00 1.284159e+00
5.024000e+00 1.283290e+00
5.040000e+00 1.282373e+00
5.056000e+00 1.281409e+00
5.072000e+00 1.280400e+00
5.088000e+00 1.279350e+00
5.104000e+00 1.278261e+00
5.120000e+00 1.277134e+00
5.136000e+00 1.275974e+00
5.152000e+00 1.274782e+00
5.168000e+00 1.273563e+00
5.184000e+00 1.272318e+00
5.200000e+00 1.271052e+00
5.216000e+00 1.269767e+00
5.232000e+00 1.268468e+00
5.248000e+00 1.267157e+00
5.264000e+00 1.265839e+00
5.280000e+00 1.264516e+00
5.296000e+00 1.263193e+00
5.312000e+00 1.261874e+00
5.328000e+00 1.260561e+00
5.344000e+00 1.259260e+00
5.360000e+00 1.257973e+00
5.376000e+00 1.256705e+00
5.392000e+00 1.255458e+00
5.408000e+00 1.254238e+00
5.424000e+00 1.253047e+00
5.440000e+00 1.251888e+00
5.456000e+00 1.250767e+00
5.472000e+00 1.249685e+00
5.488000e+00 1.248646e+00
5.504000e+00 1.247653e+00
5.520000e+00 1.246710e+00
5.536000e+00 1.245818e+00
5.552000e+00 1.244982e+00
5.568000e+00 1.244203e+00
5.584000e+00 1.243485e+00
5.600000e+00 1.242828e+00
5.616000e+00 1.242236e+00
5.632000e+00 1.241711e+00
5.648000e+00 1.241253e+00
5.664000e+00 1.240865e+00
5.680000e+00 1.240547e+00
5.696000e+00 1.240302e+00
5.712000e+00 1.240129e+00
5.728000e+00 1.240030e+00
5.744000e+00 1.240005e+00
5.760000e+00 1.240054e+00
5.776000e+00 1.240177e+00
5.792000e+00 1.240374e+00
5.808000e+00 1.240645e+00
5.824000e+00 1.240989e+00
5.840000e+00 1.241405e+00
5.856000e+00 1.241892e+00
5.872000e+00 1.242449e+00
5.888000e+00 1.243074e+00
5.904000e+00 1.243767e+00
5.920000e+00 1.244524e+00
5.936000e+00 1.245345e+00
5.952000e+00 1.246226e+00
5.968000e+00 1.247167e+00
5.984000e+00 1.248163e+00
6.000000e+00 1.249214e+00
6.016000e+00 1.250315e+00
6.032000e+00 1.251465e+00
6.048000e+00 1.252660e+00
6.064000e+00 1.253897e+00
6.080000e+00 1.255174e+00
6.096000e+00 1.256486e+00
6.112000e+00 1.257831e+00
6.128000e+00 1.259206e+00
6.144000e+00 1.260607e+00
6.160000e+00 1.262031e+00
6.176000e+00 1.263474e+00
6.192000e+00 1.264934e+00
6.208000e+00 1.266406e+00
6.224000e+00 1.267887e+00
6.240000e+00 1.269374e+00
6.256000e+00 1.270864e+00
6.272000e+00 1.272354e+00
6.288000e+00 1.273839e+00
6.304000e+00 1.275318e+00
6.320000e+00 1.276786e+00
6.336000e+00 1.278241e+00
6.352000e+00 1.279680e+00
6.368000e+00 1.281100e+00
6.384000e+00 1.282499e+00
6.400000e+00 1.283873e+00
6.416000e+00 1.285220e+00
6.432000e+00 1.286539e+00
6.448000e+00 1.287825e+00
6.464000e+00 1.289078e+00
6.480000e+00 1.290295e+00
6.496000e+00 1.291474e+00
6.512000e+00 1.292614e+00
6.528000e+00 1.293713e+00
6.544000e+00 1.294769e+00
6.560000e+00 1.295781e+00
6.576000e+00 1.296748e+00
6.592000e+00 1.297669e+00
6.608000e+00 1.298542e+00
6.624000e+00 1.299368e+00
6.640000e+00 1.300144e+00
6.656000e+00 1.300872e+00
6.672000e+00 1.301550e+00
6.688000e+00 1.302179e+00
6.704000e+00 1.302757e+00
6.720000e+00 1.303286e+00
6.736000e+00 1.303765e+00
6.752000e+00 1.304195e+00
6.768000e+00 1.304576e+00
6.784000e+00 1.304909e+00
6.800000e+00 1.305194e+00
6.816000e+00 1.305432e+00
6.832000e+00 1.305624e+00
6.848000e+00 1.305770e+00
6.864000e+00 1.305873e+00
6.880000e+00 1.305933e+00
6.896000e+00 1.305951e+00
6.912000e+00 1.305929e+00
6.928000e+00 1.305867e+00
6.944000e+00 1.305768e+00
6.960000e+00 1.305633e+00
6.976000e+00 1.305464e+00
6.992000e+00 1.305261e+00
7.008000e+00 1.305028e+00
7.024000e+00 1.304764e+00
7.040000e+00 1.304473e+00
7.056000e+00 1.304155e+00
7.072000e+00 1.303813e+00
7.088000e+00 1.303447e+00
7.104000e+00 1.303061e+00
7.120000e+00 1.302655e+00
7.136000e+00 1.302231e+00
7.152000e+00 1.301791e+00
7.168000e+00 1.301337e+00
7.184000e+00 1.300869e+00
7.200000e+00 1.300390e+00
7.216000e+00 1.299901e+00
7.232000e+00 1.299403e+00
7.248000e+00 1.298898e+00
7.264000e+00 1.298388e+00
7.280000e+00 1.297872e+00
7.296000e+00 1.297354e+00
7.312000e+00 1.296833e+00
7.328000e+00 1.296310e+00
7.344000e+00 1.295788e+00
7.360000e+00 1.295266e+00
7.376000e+00 1.294745e+00
7.392000e+00 1.294226e+00
7.408000e+00 1.293710e+00
7.424000e+00 1.293197e+00
7.440000e+00 1.292687e+00
7.456000e+00 1.292181e+00
7.472000e+00 1.291680e+00
7.488000e+00 1.291183e+00
7.504000e+00 1.290690e+00
7.520000e+00 1.290201e+00
7.536000e+00 1.289717e+00
7.552000e+00 1.289237e+00
7.568000e+00 1.288761e+00
7.584000e+00 1.288288e+00
7.600000e+00 1.287818e+00
7.616000e+00 1.287351e+00
7.632000e+00 1.286886e+00
7.648000e+00 1.286422e+00
7.664000e+00 1.285960e+00
7.680000e+00 1.285497e+00
7.696000e+00 1.285034e+00
7.712000e+00 1.284569e+00
7.728000e+00 1.284102e+00
7.744000e+00 1.283633e+00
7.760000e+00 1.283159e+00
7.776000e+00 1.282680e+00
7.792000e+00 1.282196e+00
7.808000e+00 1.281706e+00
7.824000e+00 1.281207e+00
7.840000e+00 1.280701e+00
7.856000e+00 1.280185e+00
7.872000e+00 1.279660e+00
7.888000e+00 1.279123e+00
7.904000e+00 1.278575e+00
7.920000e+00 1.278015e+00
7.936000e+00 1.277442e+00
7.952000e+00 1.276855e+00
7.968000e+00 1.276254e+00
7.984000e+00 1.275639e+00
8.000000e+00 1.275009e+00
8.016000e+00 1.274363e+00
8.032000e+00 1.273701e+00
8.048000e+00 1.273024e+00
8.064000e+00 1.272331e+00
8.080000e+00 1.271622e+00
8.096000e+00 1.270898e+00
8.112000e+00 1.270157e+00
8.128000e+00 1.269402e+00
8.144000e+00 1.268632e+00
8.160000e+00 1.267848e+00
8.176000e+00 1.267050e+00
8.192000e+00 1.266239e+00
8.208000e+00 1.265416e+00
8.224000e+00 1.264582e+00
8.240000e+00 1.263739e+00
8.256000e+00 1.262887e+00
8.272000e+00 1.262027e+00
8.288000e+00 1.261161e+00
8.304000e+00 1.260291e+00
8.320000e+00 1.259418e+00
8.336000e+00 1.258544e+00
8.352000e+00 1.257670e+00
8.368000e+00 1.256799e+00
8.384000e+00 1.255932e+00
8.400000e+00 1.255072e+00
8.416000e+00 1.254220e+00
8.432000e+00 1.253379e+00
8.448000e+00 1.252551e+00
8.464000e+00 1.251738e+00
8.480000e+00 1.250942e+00
8.496000e+00 1.250166e+00
8.512000e+00 1.249412e+00
8.528000e+00 1.248683e+00
8.544000e+00 1.247980e+00
8.560000e+00 1.247306e+00
8.576000e+00 1.246664e+00
8.592000e+00 1.246055e+00
8.608000e+00 1.245482e+00
8.624000e+00 1.244947e+00
8.640000e+00 1.244452e+00
8.656000e+00 1.244000e+00
8.672000e+00 1.243591e+00
8.688000e+00 1.243229e+00
8.704000e+00 1.242915e+00
8.720000e+00 1.242650e+00
8.736000e+00 1.242437e+00
8.752000e+00 1.242276e+00
8.768000e+00 1.242170e+00
8.784000e+00 1.242118e+00
8.800000e+00 1.242123e+00
8.816000e+00 1.242185e+00
8.832000e+00 1.242305e+00
8.848000e+00 1.242484e+00
8.864000e+00 1.242722e+00
8.880000e+00 1.243019e+00
8.896000e+00 1.243375e+00
8.912000e+00 1.243791e+00
8.928000e+00 1.244266e+00
8.944000e+00 1.244799e+00
8.960000e+00 1.245391e+00
8.976000e+00 1.246041e+00
8.992000e+00 1.246746e+00
9.008000e+00 1.247508e+00
9.024000e+00 1.248323e+00
9.040000e+00 1.249192e+00
9.056000e+00 1.250111e+00
9.072000e+00 1.251080e+00
9.088000e+00 1.252097e+00
9.104000e+00 1.253159e+00
9.120000e+00 1.254264e+00
9.136000e+00 1.255411e+00
9.152000e+00 1.256597e+00
9.168000e+00 1.257819e+00
9.184000e+00 1.259074e+00
9.200000e+00 1.260360e+00
9.216000e+00 1.261674e+00
9.232000e+00 1.263013e+00
9.248000e+00 1.264374e+00
9.264000e+00 1.265754e+00
9.280000e+00 1.267150e+00
9.296000e+00 1.268559e+00
9.312000e+00 1.269977e+00
9.328000e+00 1.271401e+00
9.344000e+00 1.272829e+00
9.360000e+00 1.274256e+00
9.376000e+00 1.275679e+00
9.392000e+00 1.277096e+00
9.408000e+00 1.278502e+00
9.424000e+00 1.279896e+00
9.440000e+00 1.281273e+00
9.456000e+00 1.282630e+00
9.472000e+00 1.283965e+00
9.488000e+00 1.285274e+00
9.504000e+00 1.286555e+00
9.520000e+00 1.287804e+00
9.536000e+00 1.289019e+00
9.552000e+00 1.290197e+00
9.568000e+00 1.291336e+00
9.584000e+00 1.292433e+00
9.600000e+00 1.293486e+00
9.616000e+00 1.294492e+00
9.632000e+00 1.295449e+00
9.648000e+00 1.296356e+00
9.664000e+00 1.297211e+00
9.680000e+00 1.298011e+00
9.696000e+00 1.298756e+00
9.712000e+00 1.299444e+00
9.728000e+00 1.300074e+00
9.744000e+00 1.300644e+00
9.760000e+00 1.301154e+00
9.776000e+00 1.301602e+00
9.792000e+00 1.301990e+00
9.808000e+00 1.302315e+00
9.824000e+00 1.302577e+00
9.840000e+00 1.302778e+00
9.856000e+00 1.302916e+00
9.872000e+00 1.302992e+00
9.888000e+00 1.303006e+00
9.904000e+00 1.302959e+00
9.920000e+00 1.302851e+00
9.936000e+00 1.302684e+00
9.952000e+00 1.302459e+00
9.968000e+00 1.302176e+00
9.984000e+00 1.301838e+00
1.000000e+01 1.301446e+00
1.001600e+01 1.301001e+00
1.003200e+01 1.300505e+00
1.004800e+01 1.299960e+00
1.006400e+01 1.299369e+00
1.008000e+01 1.298733e+00
1.009600e+01 1.298055e+00
1.011200e+01 1.297338e+00
1.012800e+01 1.296584e+00
1.014400e+01 1.295795e+00
1.016000e+01 1.294974e+00
1.017600e+01 1.294125e+00
1.019200e+01 1.293250e+00
1.020800e+01 1.292352e+00
1.022400e+01 1.291434e+00
1.024000e+01 1.290500e+00
1.025600e+01 1.289552e+00
1.027200e+01 1.288593e+00
1.028800e+01 1.287627e+00
1.030400e+01 1.286657e+00
1.032000e+01 1.285686e+00
1.033600e+01 1.284717e+00
1.035200e+01 1.283753e+00
1.036800e+01 1.282798e+00
1.038400e+01 1.281854e+00
1.040000e+01 1.280925e+00
1.041600e+01 1.280013e+00
1.043200e+01 1.279121e+00
1.044800e+01 1.278252e+00
1.046400e+01 1.277409e+00
1.048000e+01 1.276594e+00
1.049600e+01 1.275809e+00
1.051200e+01 1.275057e+00
1.052800e+01 1.274341e+00
1.054400e+01 1.273662e+00
1.056000e+01 1.273022e+00
1.057600e+01 1.272422e+00
1.059200e+01 1.271866e+00
1.060800e+01 1.271353e+00
1.062400e+01 1.270885e+00
1.064000e+01 1.270464e+00
1.065600e+01 1.270090e+00
1.067200e+01 1.269764e+00
1.068800e+01 1.269487e+00
1.070400e+01 1.269259e+00
1.072000e+01 1.269080e+00
1.073600e+01 1.268950e+00
1.075200e+01 1.268869e+00
1.076800e+01 1.268838e+00
1.078400e+01 1.268854e+00
1.080000e+01 1.268918e+00
1.081600e+01 1.269029e+00
1.083200e+01 1.269186e+00
1.084800e+01 1.269387e+00
1.086400e+01 1.269631e+00
1.088000e+01 1.269918e+00
1.089600e+01 1.270244e+00
1.091200e+01 1.270609e+00
1.092800e+01 1.271011e+00
1.094400e+01 1.271446e+00
1.096000e+01 1.271915e+00
1.097600e+01 1.272413e+00
1.099200e+01 1.272939e+00
1.100800e+01 1.273491e+00
1.102400e+01 1.274065e+00
1.104000e+01 1.274660e+00
1.105600e+01 1.275272e+00
1.107200e+01 1.275900e+00
1.108800e+01 1.276540e+00
1.110400e+01 1.277189e+00
1.112000e+01 1.277845e+00
1.113600e+01 1.278505e+00
1.115200e+01 1.279166e+00
1.116800e+01 1.279825e+00
1.118400e+01 1.280480e+00
1.120000e+01 1.281129e+00
1.121600e+01 1.281767e+00
1.123200e+01 1.282393e+00
1.124800e+01 1.283004e+00
1.126400e+01 1.283597e+00
1.128000e+01 1.284171e+00
1.129600e+01 1.284722e+00
1.131200e+01 1.285249e+00
1.132800e+01 1.285748e+00
1.134400e+01 1.286219e+00
1.136000e+01 1.286659e+00
1.137600e+01 1.287066e+00
1.139200e+01 1.287438e+00
1.140800e+01 1.287774e+00
1.142400e+01 1.288073e+00
1.144000e+01 1.288332e+00
1.145600e+01 1.288551e+00
1.147200e+01 1.288729e+00
1.148800e+01 1.288864e+00
1.150400e+01 1.288956e+00
1.152000e+01 1.289004e+00
1.153600e+01 1.289007e+00
1.155200e+01 1.288966e+00
1.156800e+01 1.288880e+00
1.158400e+01 1.288748e+00
1.160000e+01 1.288572e+00
1.161600e+01 1.288351e+00
1.163200e+01 1.288085e+00
1.164800e+01 1.287776e+00
1.166400e+01 1.287423e+00
1.168000e+01 1.287028e+00
1.169600e+01 1.286592e+00
1.171200e+01 1.286115e+00
1.172800e+01 1.285599e+00
1.174400e+01 1.285045e+00
1.176000e+01 1.284455e+00
1.177600e+01 1.283830e+00
1.179200e+01 1.283172e+00
1.180800e+01 1.282483e+00
1.182400e+01 1.281764e+00
1.184000e+01 1.281018e+00
1.185600e+01 1.280246e+00
1.187200e+01 1.279451e+00
1.188800e+01 1.278635e+00
1.190400e+01 1.277800e+00
1.192000e+01 1.276948e+00
1.193600e+01 1.276083e+00
1.195200e+01 1.275205e+00
1.196800e+01 1.274319e+00
1.198400e+01 1.273425e+00
1.200000e+01 1.272528e+00
1.201600e+01 1.271628e+00
1.203200e+01 1.270729e+00
1.204800e+01 1.269833e+00
1.206400e+01 1.268942e+00
1.208000e+01 1.268059e+00
1.209600e+01 1.267186e+00
1.211200e+01 1.266326e+00
1.212800e+01 1.265480e+00
1.214400e+01 1.264652e+00
1.216000e+01 1.263842e+00
1.217600e+01 1.263054e+00
1.219200e+01 1.262289e+00
1.220800e+01 1.261549e+00
1.222400e+01 1.260835e+00
1.224000e+01 1.260150e+00
1.225600e+01 1.259495e+00
1.227200e+01 1.258872e+00
1.228800e+01 1.258281e+00
1.230400e+01 1.257725e+00
1.232000e+01 1.257203e+00
1.233600e+01 1.256718e+00
1.235200e+01 1.256270e+00
1.236800e+01 1.255860e+00
1.238400e+01 1.255488e+00
1.240000e+01 1.255155e+00
1.241600e+01 1.254861e+00
1.243200e+01 1.254606e+00
1.244800e+01 1.254391e+00
1.246400e+01 1.254215e+00
1.248000e+01 1.254079e+00
1.249600e+01 1.253981e+00
1.251200e+01 1.253922e+00
1.252800e+01 1.253900e+00
1.254400e+01 1.253916e+00
1.256000e+01 1.253969e+00
1.257600e+01 1.254056e+00
1.259200e+01 1.254179e+00
1.260800e+01 1.254335e+00
1.262400e+01 1.254523e+00
1.264000e+01 1.254742e+00
1.265600e+01 1.254991e+00
1.267200e+01 1.255268e+00
1.268800e+01 1.255571e+00
1.270400e+01 1.255900e+00
1.272000e+01 1.256253e+00
1.273600e+01 1.256627e+00
1.275200e+01 1.257022e+00
1.276800e+01 1.257436e+00
1.278400e+01 1.257866e+00
1.280000e+01 1.258312e+00
1.281600e+01 1.258771e+00
1.283200e+01 1.259241e+00
1.284800e+01 1.259722e+00
1.286400e+01 1.260211e+00
1.288000e+01 1.260706e+00
1.289600e+01 1.261207e+00
1.291200e+01 1.261711e+00
1.292800e+01 1.262216e+00
1.294400e+01 1.262722e+00
1.296000e+01 1.263227e+00
1.297600e+01 1.263729e+00
1.299200e+01 1.264227e+00
1.300800e+01 1.264720e+00
1.302400e+01 1.265207e+00
1.304000e+01 1.265686e+00
1.305600e+01 1.266157e+00
1.307200e+01 1.266619e+00
1.308800e+01 1.267071e+00
1.310400e+01 1.267512e+00
1.312000e+01 1.267942e+00
1.313600e+01 1.268360e+00
1.315200e+01 1.268765e+00
1.316800e+01 1.269159e+00
1.318400e+01 1.269539e+00
1.320000e+01 1.269908e+00
1.321600e+01 1.270263e+00
1.323200e+01 1.270606e+00
1.324800e+01 1.270937e+00
1.326400e+01 1.271256e+00
1.328000e+01 1.271564e+00
1.329600e+01 1.271862e+00
1.331200e+01 1.272149e+00
1.332800e+01 1.272427e+00
1.334400e+01 1.272696e+00
1.336000e+01 1.272958e+00
1.337600e+01 1.273214e+00
1.339200e+01 1.273464e+00
1.340800e+01 1.273710e+00
1.342400e+01 1.273952e+00
1.344000e+01 1.274193e+00
1.345600e+01 1.274433e+00
1.347200e+01 1.274674e+00
1.348800e+01 1.274917e+00
1.350400e+01 1.275164e+00
1.352000e+01 1.275415e+00
1.353600e+01 1.275672e+00
1.355200e+01 1.275937e+00
1.356800e+01 1.276211e+00
1.358400e+01 1.276495e+00
1.360000e+01 1.276791e+00
1.361600e+01 1.277099e+00
1.363200e+01 1.277421e+00
1.364800e+01 1.277759e+00
1.366400e+01 1.278112e+00
1.368000e+01 1.278483e+00
1.369600e+01 1.278872e+00
1.371200e+01 1.279280e+00
1.372800e+01 1.279708e+00
1.374400e+01 1.280157e+00
1.376000e+01 1.280626e+00
1.377600e+01 1.281117e+00
1.379200e+01 1.281630e+00
1.380800e+01 1.282164e+00
1.382400e+01 1.282721e+00
1.384000e+01 1.283300e+00
1.385600e+01 1.283901e+00
1.387200e+01 1.284523e+00
1.388800e+01 1.285167e+00
1.390400e+01 1.285831e+00
1.392000e+01 1.286515e+00
1.393600e+01 1.287219e+00
1.395200e+01 1.287941e+00
1.396800e+01 1.288679e+00
1.398400e+01 1.289434e+00
1.400000e+01 1.290204e+00
1.401600e+01 1.290986e+00
1.403200e+01 1.291780e+00
1.404800e+01 1.292585e+00
1.406400e+01 1.293397e+00
1.408000e+01 1.294216e+00
1.409600e+01 1.295039e+00
1.411200e+01 1.295864e+00
1.412800e+01 1.296690e+00
1.414400e+01 1.297513e+00
1.416000e+01 1.298332e+00
1.417600e+01 1.299144e+00
1.419200e+01 1.299947e+00
1.420800e+01 1.300739e+00
1.422400e+01 1.301516e+00
1.424000e+01 1.302277e+00
1.425600e+01 1.303019e+00
1.427200e+01 1.303739e+00
1.428800e+01 1.304435e+00
1.430400e+01 1.305104e+00
1.432000e+01 1.305743e+00
1.433600e+01 1.306351e+00
1.435200e+01 1.306925e+00
1.436800e+01 1.307461e+00
1.438400e+01 1.307959e+00
1.440000e+01 1.308415e+00
1.441600e+01 1.308827e+00
1.443200e+01 1.309194e+00
1.444800e+01 1.309512e+00
1.446400e+01 1.309780e+00
1.448000e+01 1.309996e+00
1.449600e+01 1.310158e+00
1.451200e+01 1.310265e+00
1.452800e+01 1.310314e+00
1.454400e+01 1.310305e+00
1.456000e+01 1.310235e+00
1.457600e+01 1.310105e+00
1.459200e+01 1.309912e+00
1.460800e+01 1.309655e+00
1.462400e+01 1.309335e+00
1.464000e+01 1.308950e+00
1.465600e+01 1.308499e+00
1.467200e+01 1.307984e+00
1.468800e+01 1.307402e+00
1.470400e+01 1.306755e+00
1.472000e+01 1.306042e+00
1.473600e+01 1.305264e+00
1.475200e+01 1.304422e+00
1.476800e+01 1.303516e+00
1.478400e+01 1.302547e+00
1.480000e+01 1.301516e+00
1.481600e+01 1.300425e+00
1.483200e+01 1.299274e+00
1.484800e+01 1.298065e+00
1.486400e+01 1.296801e+00
1.488000e+01 1.295483e+00
1.489600e+01 1.294113e+00
1.491200e+01 1.292694e+00
1.492800e+01 1.291227e+00
1.494400e+01 1.289716e+00
1.496000e+01 1.288164e+00
1.497600e+01 1.286572e+00
1.499200e+01 1.284945e+00
1.500800e+01 1.283285e+00
1.502400e+01 1.281596e+00
1.504000e+01 1.279880e+00
1.505600e+01 1.278143e+00
1.507200e+01 1.276387e+00
1.508800e+01 1.274616e+00
1.510400e+01 1.272833e+00
1.512000e+01 1.271044e+00
1.513600e+01 1.269251e+00
1.515200e+01 1.267458e+00
1.516800e+01 1.265671e+00
1.518400e+01 1.263892e+00
1.520000e+01 1.262127e+00
1.521600e+01 1.260378e+00
1.523200e+01 1.258651e+00
1.524800e+01 1.256948e+00
1.526400e+01 1.255275e+00
1.528000e+01 1.253636e+00
1.529600e+01 1.252033e+00
1.531200e+01 1.250472e+00
1.532800e+01 1.248956e+00
1.534400e+01 1.247488e+00
1.536000e+01 1.246072e+00
1.537600e+01 1.244712e+00
1.539200e+01 1.243410e+00
1.540800e+01 1.242171e+00
1.542400e+01 1.240996e+00
1.544000e+01 1.239890e+00
1.545600e+01 1.238854e+00
1.547200e+01 1.237891e+00
1.548800e+01 1.237003e+00
1.550400e+01 1.236192e+00
1.552000e+01 1.235461e+00
1.553600e+01 1.234810e+00
1.555200e+01 1.234241e+00
1.556800e+01 1.233755e+00
1.558400e+01 1.233354e+00
1.560000e+01 1.233037e+00
1.561600e+01 1.232805e+00
1.563200e+01 1.232659e+00
1.564800e+01 1.232598e+00
1.566400e+01 1.232621e+00
1.568000e+01 1.232730e+00
1.569600e+01 1.232922e+00
1.571200e+01 1.233196e+00
1.572800e+01 1.233552e+00
1.574400e+01 1.233987e+00
1.576000e+01 1.234501e+00
1.577600e+01 1.235091e+00
1.579200e+01 1.235756e+00
1.580800e+01 1.236491e+00
1.582400e+01 1.237297e+00
1.584000e+01 1.238169e+00
1.585600e+01 1.239104e+00
1.587200e+01 1.240101e+00
1.588800e+01 1.241155e+00
1.590400e+01 1.242264e+00
1.592000e+01 1.243424e+00
1.593600e+01 1.244631e+00
1.595200e+01 1.245882e+00
1.596800e+01 1.247173e+00
1.598400e+01 1.248502e+00
1.600000e+01 1.249862e+00
