-6.000000e+00 1.274743e-16
-5.900000e+00 4.190182e-16
-5.800000e+00 1.350074e-15
-5.700000e+00 4.263793e-15
-5.600000e+00 1.319924e-14
-5.500000e+00 4.005122e-14
-5.400000e+00 1.191233e-13
-5.300000e+00 3.472897e-13
-5.200000e+00 9.924327e-13
-5.100000e+00 2.779869e-12
-5.000000e+00 7.632412e-12
-4.900000e+00 2.054061e-11
-4.800000e+00 5.418499e-11
-4.700000e+00 1.401066e-10
-4.600000e+00 3.551016e-10
-4.500000e+00 8.821869e-10
-4.400000e+00 2.148239e-09
-4.300000e+00 5.127656e-09
-4.200000e+00 1.199690e-08
-4.100000e+00 2.751272e-08
-4.000000e+00 6.184607e-08
-3.900000e+00 1.362714e-07
-3.800000e+00 2.943144e-07
-3.700000e+00 6.230636e-07
-3.600000e+00 1.292907e-06
-3.500000e+00 2.629762e-06
-3.400000e+00 5.242997e-06
-3.300000e+00 1.024606e-05
-3.200000e+00 1.962675e-05
-3.100000e+00 3.685139e-05
-3.000000e+00 6.782246e-05
-2.900000e+00 1.223509e-04
-2.800000e+00 2.163491e-04
-2.700000e+00 3.749877e-04
-2.600000e+00 6.370788e-04
-2.500000e+00 1.060922e-03
-2.400000e+00 1.731760e-03
-2.300000e+00 2.770805e-03
-2.200000e+00 4.345488e-03
-2.100000e+00 6.680134e-03
-2.000000e+00 1.006574e-02
-1.900000e+00 1.486691e-02
-1.800000e+00 2.152334e-02
-1.700000e+00 3.054308e-02
-1.600000e+00 4.248445e-02
-1.500000e+00 5.792436e-02
-1.400000e+00 7.741171e-02
-1.300000e+00 1.014066e-01
-1.200000e+00 1.302086e-01
-1.100000e+00 1.638806e-01
-1.000000e+00 2.021759e-01
-9.000000e-01 2.444811e-01
-8.000000e-01 2.897846e-01
-7.000000e-01 3.366817e-01
-6.000000e-01 3.834227e-01
-5.000000e-01 4.280064e-01
-4.000000e-01 4.683136e-01
-3.000000e-01 5.022701e-01
-2.000000e-01 5.280221e-01
-1.000000e-01 5.441027e-01
0.000000e+00 5.495710e-01
1.000000e-01 5.441027e-01
2.000000e-01 5.280221e-01
3.000000e-01 5.022701e-01
4.000000e-01 4.683136e-01
5.000000e-01 4.280064e-01
6.000000e-01 3.834227e-01
7.000000e-01 3.366817e-01
8.000000e-01 2.897846e-01
9.000000e-01 2.444811e-01
1.000000e+00 2.021759e-01
1.100000e+00 1.638806e-01
1.200000e+00 1.302086e-01
1.300000e+00 1.014066e-01
1.400000e+00 7.741171e-02
1.500000e+00 5.792436e-02
1.600000e+00 4.248445e-02
1.700000e+00 3.054308e-02
1.800000e+00 2.152334e-02
1.900000e+00 1.486691e-02
2.000000e+00 1.006574e-02
2.100000e+00 6.680134e-03
2.200000e+00 4.345488e-03
2.300000e+00 2.770805e-03
2.400000e+00 1.731760e-03
2.500000e+00 1.060922e-03
2.600000e+00 6.370788e-04
2.700000e+00 3.749877e-04
2.800000e+00 2.163491e-04
2.900000e+00 1.223509e-04
3.000000e+00 6.782246e-05
3.100000e+00 3.685139e-05
3.200000e+00 1.962675e-05
3.300000e+00 1.024606e-05
3.400000e+00 5.242997e-06
3.500000e+00 2.629762e-06
3.600000e+00 1.292907e-06
3.700000e+00 6.230636e-07
3.800000e+00 2.943144e-07
3.900000e+00 1.362714e-07
4.000000e+00 6.184607e-08
4.100000e+00 2.751272e-08
4.200000e+00 1.199690e-08
4.300000e+00 5.127656e-09
4.400000e+00 2.148239e-09
4.500000e+00 8.821869e-10
4.600000e+00 3.551016e-10
4.700000e+00 1.401066e-10
4.800000e+00 5.418499e-11
4.900000e+00 2.054061e-11
5.000000e+00 7.632412e-12
5.100000e+00 2.779869e-12
5.200000e+00 9.924327e-13
5.300000e+00 3.472897e-13
5.400000e+00 1.191233e-13
5.500000e+00 4.005122e-14
5.600000e+00 1.319924e-14
5.700000e+00 4.263793e-15
5.800000e+00 1.350074e-15
5.900000e+00 4.190182e-16
