0.000000e+00 -5.000000e+00 0.000000e+00
0.000000e+00 -4.800000e+00 1.191332e-20
0.000000e+00 -4.600000e+00 4.928157e-19
0.000000e+00 -4.400000e+00 1.739578e-17
0.000000e+00 -4.200000e+00 5.240513e-16
0.000000e+00 -4.000000e+00 1.346924e-14
0.000000e+00 -3.800000e+00 2.952693e-13
0.000000e+00 -3.600000e+00 5.519027e-12
0.000000e+00 -3.400000e+00 8.792922e-11
0.000000e+00 -3.200000e+00 1.193660e-09
0.000000e+00 -3.000000e+00 1.380207e-08
0.000000e+00 -2.800000e+00 1.358779e-07
0.000000e+00 -2.600000e+00 1.138412e-06
0.000000e+00 -2.400000e+00 8.112830e-06
0.000000e+00 -2.200000e+00 4.914794e-05
0.000000e+00 -2.000000e+00 2.529183e-04
0.000000e+00 -1.800000e+00 1.104584e-03
0.000000e+00 -1.600000e+00 4.089251e-03
0.000000e+00 -1.400000e+00 1.281221e-02
0.000000e+00 -1.200000e+00 3.390142e-02
0.000000e+00 -1.000000e+00 7.557348e-02
0.000000e+00 -8.000000e-01 1.417663e-01
0.000000e+00 -6.000000e-01 2.246806e-01
0.000000e+00 -4.000000e-01 3.048269e-01
0.000000e+00 -2.000000e-01 3.613700e-01
0.000000e+00 0.000000e+00 3.814904e-01
0.000000e+00 2.000000e-01 3.613700e-01
0.000000e+00 4.000000e-01 3.048269e-01
0.000000e+00 6.000000e-01 2.246806e-01
0.000000e+00 8.000000e-01 1.417663e-01
0.000000e+00 1.000000e+00 7.557348e-02
0.000000e+00 1.200000e+00 3.390142e-02
0.000000e+00 1.400000e+00 1.281221e-02
0.000000e+00 1.600000e+00 4.089251e-03
0.000000e+00 1.800000e+00 1.104584e-03
0.000000e+00 2.000000e+00 2.529183e-04
0.000000e+00 2.200000e+00 4.914794e-05
0.000000e+00 2.400000e+00 8.112830e-06
0.000000e+00 2.600000e+00 1.138412e-06
0.000000e+00 2.800000e+00 1.358779e-07
0.000000e+00 3.000000e+00 1.380207e-08
0.000000e+00 3.200000e+00 1.193660e-09
0.000000e+00 3.400000e+00 8.792922e-11
0.000000e+00 3.600000e+00 5.519027e-12
0.000000e+00 3.800000e+00 2.952693e-13
0.000000e+00 4.000000e+00 1.346924e-14
0.000000e+00 4.200000e+00 5.240513e-16
0.000000e+00 4.400000e+00 1.739578e-17
0.000000e+00 4.600000e+00 4.928156e-19
0.000000e+00 4.800000e+00 1.190699e-20

2.000000e-01 -5.000000e+00 0.000000e+00
2.000000e-01 -4.800000e+00 1.173541e-20
2.000000e-01 -4.600000e+00 4.855050e-19
2.000000e-01 -4.400000e+00 1.713957e-17
2.000000e-01 -4.200000e+00 5.163924e-16
2.000000e-01 -4.000000e+00 1.327404e-14
2.000000e-01 -3.800000e+00 2.910292e-13
2.000000e-01 -3.600000e+00 5.440562e-12
2.000000e-01 -3.400000e+00 8.669284e-11
2.000000e-01 -3.200000e+00 1.177079e-09
2.000000e-01 -3.000000e+00 1.361294e-08
2.000000e-01 -2.800000e+00 1.340442e-07
2.000000e-01 -2.600000e+00 1.123312e-06
2.000000e-01 -2.400000e+00 8.007331e-06
2.000000e-01 -2.200000e+00 4.852327e-05
2.000000e-01 -2.000000e+00 2.497888e-04
2.000000e-01 -1.800000e+00 1.091346e-03
2.000000e-01 -1.600000e+00 4.042118e-03
2.000000e-01 -1.400000e+00 1.267154e-02
2.000000e-01 -1.200000e+00 3.355177e-02
2.000000e-01 -1.000000e+00 7.485557e-02
2.000000e-01 -8.000000e-01 1.405570e-01
2.000000e-01 -6.000000e-01 2.230001e-01
2.000000e-01 -4.000000e-01 3.028402e-01
2.000000e-01 -2.000000e-01 3.592570e-01
2.000000e-01 0.000000e+00 3.793509e-01
2.000000e-01 2.000000e-01 3.592570e-01
2.000000e-01 4.000000e-01 3.028402e-01
2.000000e-01 6.000000e-01 2.230001e-01
2.000000e-01 8.000000e-01 1.405570e-01
2.000000e-01 1.000000e+00 7.485557e-02
2.000000e-01 1.200000e+00 3.355177e-02
2.000000e-01 1.400000e+00 1.267154e-02
2.000000e-01 1.600000e+00 4.042118e-03
2.000000e-01 1.800000e+00 1.091346e-03
2.000000e-01 2.000000e+00 2.497888e-04
2.000000e-01 2.200000e+00 4.852327e-05
2.000000e-01 2.400000e+00 8.007331e-06
2.000000e-01 2.600000e+00 1.123312e-06
2.000000e-01 2.800000e+00 1.340442e-07
2.000000e-01 3.000000e+00 1.361294e-08
2.000000e-01 3.200000e+00 1.177079e-09
2.000000e-01 3.400000e+00 8.669284e-11
2.000000e-01 3.600000e+00 5.440562e-12
2.000000e-01 3.800000e+00 2.910292e-13
2.000000e-01 4.000000e+00 1.327404e-14
2.000000e-01 4.200000e+00 5.163924e-16
2.000000e-01 4.400000e+00 1.713957e-17
2.000000e-01 4.600000e+00 4.855049e-19
2.000000e-01 4.800000e+00 1.172918e-20

4.000000e-01 -5.000000e+00 0.000000e+00
4.000000e-01 -4.800000e+00 1.120601e-20
4.000000e-01 -4.600000e+00 4.637441e-19
4.000000e-01 -4.400000e+00 1.637668e-17
4.000000e-01 -4.200000e+00 4.935797e-16
4.000000e-01 -4.000000e+00 1.269240e-14
4.000000e-01 -3.800000e+00 2.783897e-13
4.000000e-01 -3.600000e+00 5.206564e-12
4.000000e-01 -3.400000e+00 8.300388e-11
4.000000e-01 -3.200000e+00 1.127582e-09
4.000000e-01 -3.000000e+00 1.304800e-08
4.000000e-01 -2.800000e+00 1.285631e-07
4.000000e-01 -2.600000e+00 1.078143e-06
4.000000e-01 -2.400000e+00 7.691456e-06
4.000000e-01 -2.200000e+00 4.665105e-05
4.000000e-01 -2.000000e+00 2.403980e-04
4.000000e-01 -1.800000e+00 1.051569e-03
4.000000e-01 -1.600000e+00 3.900239e-03
4.000000e-01 -1.400000e+00 1.224721e-02
4.000000e-01 -1.200000e+00 3.249412e-02
4.000000e-01 -1.000000e+00 7.267629e-02
4.000000e-01 -8.000000e-01 1.368693e-01
4.000000e-01 -6.000000e-01 2.178491e-01
4.000000e-01 -4.000000e-01 2.967198e-01
4.000000e-01 -2.000000e-01 3.527234e-01
4.000000e-01 0.000000e+00 3.727260e-01
4.000000e-01 2.000000e-01 3.527234e-01
4.000000e-01 4.000000e-01 2.967198e-01
4.000000e-01 6.000000e-01 2.178491e-01
4.000000e-01 8.000000e-01 1.368693e-01
4.000000e-01 1.000000e+00 7.267629e-02
4.000000e-01 1.200000e+00 3.249412e-02
4.000000e-01 1.400000e+00 1.224721e-02
4.000000e-01 1.600000e+00 3.900239e-03
4.000000e-01 1.800000e+00 1.051569e-03
4.000000e-01 2.000000e+00 2.403980e-04
4.000000e-01 2.200000e+00 4.665105e-05
4.000000e-01 2.400000e+00 7.691456e-06
4.000000e-01 2.600000e+00 1.078143e-06
4.000000e-01 2.800000e+00 1.285631e-07
4.000000e-01 3.000000e+00 1.304800e-08
4.000000e-01 3.200000e+00 1.127582e-09
4.000000e-01 3.400000e+00 8.300388e-11
4.000000e-01 3.600000e+00 5.206564e-12
4.000000e-01 3.800000e+00 2.783897e-13
4.000000e-01 4.000000e+00 1.269240e-14
4.000000e-01 4.200000e+00 4.935797e-16
4.000000e-01 4.400000e+00 1.637668e-17
4.000000e-01 4.600000e+00 4.637440e-19
4.000000e-01 4.800000e+00 1.120006e-20

6.000000e-01 -5.000000e+00 0.000000e+00
6.000000e-01 -4.800000e+00 1.037241e-20
6.000000e-01 -4.600000e+00 4.294590e-19
6.000000e-01 -4.400000e+00 1.517396e-17
6.000000e-01 -4.200000e+00 4.575905e-16
6.000000e-01 -4.000000e+00 1.177412e-14
6.000000e-01 -3.800000e+00 2.584188e-13
6.000000e-01 -3.600000e+00 4.836511e-12
6.000000e-01 -3.400000e+00 7.716435e-11
6.000000e-01 -3.200000e+00 1.049144e-09
6.000000e-01 -3.000000e+00 1.215169e-08
6.000000e-01 -2.800000e+00 1.198552e-07
6.000000e-01 -2.600000e+00 1.006272e-06
6.000000e-01 -2.400000e+00 7.187982e-06
6.000000e-01 -2.200000e+00 4.366090e-05
6.000000e-01 -2.000000e+00 2.253646e-04
6.000000e-01 -1.800000e+00 9.877109e-04
6.000000e-01 -1.600000e+00 3.671696e-03
6.000000e-01 -1.400000e+00 1.156078e-02
6.000000e-01 -1.200000e+00 3.077393e-02
6.000000e-01 -1.000000e+00 6.910687e-02
6.000000e-01 -8.000000e-01 1.307753e-01
6.000000e-01 -6.000000e-01 2.092479e-01
6.000000e-01 -4.000000e-01 2.863955e-01
6.000000e-01 -2.000000e-01 3.416189e-01
6.000000e-01 0.000000e+00 3.614349e-01
6.000000e-01 2.000000e-01 3.416189e-01
6.000000e-01 4.000000e-01 2.863955e-01
6.000000e-01 6.000000e-01 2.092479e-01
6.000000e-01 8.000000e-01 1.307753e-01
6.000000e-01 1.000000e+00 6.910687e-02
6.000000e-01 1.200000e+00 3.077393e-02
6.000000e-01 1.400000e+00 1.156078e-02
6.000000e-01 1.600000e+00 3.671696e-03
6.000000e-01 1.800000e+00 9.877109e-04
6.000000e-01 2.000000e+00 2.253646e-04
6.000000e-01 2.200000e+00 4.366090e-05
6.000000e-01 2.400000e+00 7.187982e-06
6.000000e-01 2.600000e+00 1.006272e-06
6.000000e-01 2.800000e+00 1.198552e-07
6.000000e-01 3.000000e+00 1.215169e-08
6.000000e-01 3.200000e+00 1.049144e-09
6.000000e-01 3.400000e+00 7.716435e-11
6.000000e-01 3.600000e+00 4.836511e-12
6.000000e-01 3.800000e+00 2.584188e-13
6.000000e-01 4.000000e+00 1.177412e-14
6.000000e-01 4.200000e+00 4.575905e-16
6.000000e-01 4.400000e+00 1.517396e-17
6.000000e-01 4.600000e+00 4.294589e-19
6.000000e-01 4.800000e+00 1.036690e-20

8.000000e-01 -5.000000e+00 0.000000e+00
8.000000e-01 -4.800000e+00 9.302359e-21
8.000000e-01 -4.600000e+00 3.854119e-19
8.000000e-01 -4.400000e+00 1.362738e-17
8.000000e-01 -4.200000e+00 4.112658e-16
8.000000e-01 -4.000000e+00 1.059086e-14
8.000000e-01 -3.800000e+00 2.326549e-13
8.000000e-01 -3.600000e+00 4.358505e-12
8.000000e-01 -3.400000e+00 6.961066e-11
8.000000e-01 -3.200000e+00 9.475234e-10
8.000000e-01 -3.000000e+00 1.098843e-08
8.000000e-01 -2.800000e+00 1.085319e-07
8.000000e-01 -2.600000e+00 9.126093e-07
8.000000e-01 -2.400000e+00 6.530195e-06
8.000000e-01 -2.200000e+00 3.974290e-05
8.000000e-01 -2.000000e+00 2.055991e-04
8.000000e-01 -1.800000e+00 9.034113e-04
8.000000e-01 -1.600000e+00 3.368505e-03
8.000000e-01 -1.400000e+00 1.064456e-02
8.000000e-01 -1.200000e+00 2.845984e-02
8.000000e-01 -1.000000e+00 6.425605e-02
8.000000e-01 -8.000000e-01 1.223852e-01
8.000000e-01 -6.000000e-01 1.972249e-01
8.000000e-01 -4.000000e-01 2.717452e-01
8.000000e-01 -2.000000e-01 3.256840e-01
8.000000e-01 0.000000e+00 3.451650e-01
8.000000e-01 2.000000e-01 3.256840e-01
8.000000e-01 4.000000e-01 2.717452e-01
8.000000e-01 6.000000e-01 1.972249e-01
8.000000e-01 8.000000e-01 1.223852e-01
8.000000e-01 1.000000e+00 6.425605e-02
8.000000e-01 1.200000e+00 2.845984e-02
8.000000e-01 1.400000e+00 1.064456e-02
8.000000e-01 1.600000e+00 3.368505e-03
8.000000e-01 1.800000e+00 9.034113e-04
8.000000e-01 2.000000e+00 2.055991e-04
8.000000e-01 2.200000e+00 3.974290e-05
8.000000e-01 2.400000e+00 6.530195e-06
8.000000e-01 2.600000e+00 9.126093e-07
8.000000e-01 2.800000e+00 1.085319e-07
8.000000e-01 3.000000e+00 1.098843e-08
8.000000e-01 3.200000e+00 9.475234e-10
8.000000e-01 3.400000e+00 6.961066e-11
8.000000e-01 3.600000e+00 4.358505e-12
8.000000e-01 3.800000e+00 2.326549e-13
8.000000e-01 4.000000e+00 1.059086e-14
8.000000e-01 4.200000e+00 4.112658e-16
8.000000e-01 4.400000e+00 1.362738e-17
8.000000e-01 4.600000e+00 3.854118e-19
8.000000e-01 4.800000e+00 9.297426e-21

1.000000e+00 -5.000000e+00 0.000000e+00
1.000000e+00 -4.800000e+00 8.078487e-21
1.000000e+00 -4.600000e+00 3.349784e-19
1.000000e+00 -4.400000e+00 1.185450e-17
1.000000e+00 -4.200000e+00 3.580958e-16
1.000000e+00 -4.000000e+00 9.230895e-15
1.000000e+00 -3.800000e+00 2.029994e-13
1.000000e+00 -3.600000e+00 3.807401e-12
1.000000e+00 -3.400000e+00 6.088626e-11
1.000000e+00 -3.200000e+00 8.299205e-10
1.000000e+00 -3.000000e+00 9.639261e-09
1.000000e+00 -2.800000e+00 9.536647e-08
1.000000e+00 -2.600000e+00 8.034046e-07
1.000000e+00 -2.400000e+00 5.760812e-06
1.000000e+00 -2.200000e+00 3.514333e-05
1.000000e+00 -2.000000e+00 1.822951e-04
1.000000e+00 -1.800000e+00 8.035110e-04
1.000000e+00 -1.600000e+00 3.006968e-03
1.000000e+00 -1.400000e+00 9.543557e-03
1.000000e+00 -1.200000e+00 2.565151e-02
1.000000e+00 -1.000000e+00 5.829307e-02
1.000000e+00 -8.000000e-01 1.119004e-01
1.000000e+00 -6.000000e-01 1.819054e-01
1.000000e+00 -4.000000e-01 2.527123e-01
1.000000e+00 -2.000000e-01 3.046773e-01
1.000000e+00 0.000000e+00 3.235991e-01
1.000000e+00 2.000000e-01 3.046773e-01
1.000000e+00 4.000000e-01 2.527123e-01
1.000000e+00 6.000000e-01 1.819054e-01
1.000000e+00 8.000000e-01 1.119004e-01
1.000000e+00 1.000000e+00 5.829307e-02
1.000000e+00 1.200000e+00 2.565151e-02
1.000000e+00 1.400000e+00 9.543557e-03
1.000000e+00 1.600000e+00 3.006968e-03
1.000000e+00 1.800000e+00 8.035110e-04
1.000000e+00 2.000000e+00 1.822951e-04
1.000000e+00 2.200000e+00 3.514333e-05
1.000000e+00 2.400000e+00 5.760812e-06
1.000000e+00 2.600000e+00 8.034046e-07
1.000000e+00 2.800000e+00 9.536647e-08
1.000000e+00 3.000000e+00 9.639261e-09
1.000000e+00 3.200000e+00 8.299205e-10
1.000000e+00 3.400000e+00 6.088626e-11
1.000000e+00 3.600000e+00 3.807401e-12
1.000000e+00 3.800000e+00 2.029994e-13
1.000000e+00 4.000000e+00 9.230895e-15
1.000000e+00 4.200000e+00 3.580958e-16
1.000000e+00 4.400000e+00 1.185450e-17
1.000000e+00 4.600000e+00 3.349783e-19
1.000000e+00 4.800000e+00 8.074209e-21

1.200000e+00 -5.000000e+00 0.000000e+00
1.200000e+00 -4.800000e+00 6.788479e-21
1.200000e+00 -4.600000e+00 2.817517e-19
1.200000e+00 -4.400000e+00 9.980852e-18
1.200000e+00 -4.200000e+00 3.018207e-16
1.200000e+00 -4.000000e+00 7.789198e-15
1.200000e+00 -3.800000e+00 1.715067e-13
1.200000e+00 -3.600000e+00 3.221037e-12
1.200000e+00 -3.400000e+00 5.158419e-11
1.200000e+00 -3.200000e+00 7.042399e-10
1.200000e+00 -3.000000e+00 8.193708e-09
1.200000e+00 -2.800000e+00 8.121977e-08
1.200000e+00 -2.600000e+00 6.856782e-07
1.200000e+00 -2.400000e+00 4.928309e-06
1.200000e+00 -2.200000e+00 3.014508e-05
1.200000e+00 -2.000000e+00 1.568444e-04
1.200000e+00 -1.800000e+00 6.937580e-04
1.200000e+00 -1.600000e+00 2.606908e-03
1.200000e+00 -1.400000e+00 8.314313e-03
1.200000e+00 -1.200000e+00 2.248014e-02
1.200000e+00 -1.000000e+00 5.145860e-02
1.200000e+00 -8.000000e-01 9.965183e-02
1.200000e+00 -6.000000e-01 1.635978e-01
1.200000e+00 -4.000000e-01 2.294388e-01
1.200000e+00 -2.000000e-01 2.785370e-01
1.200000e+00 0.000000e+00 2.965862e-01
1.200000e+00 2.000000e-01 2.785370e-01
1.200000e+00 4.000000e-01 2.294388e-01
1.200000e+00 6.000000e-01 1.635978e-01
1.200000e+00 8.000000e-01 9.965183e-02
1.200000e+00 1.000000e+00 5.145860e-02
1.200000e+00 1.200000e+00 2.248014e-02
1.200000e+00 1.400000e+00 8.314313e-03
1.200000e+00 1.600000e+00 2.606908e-03
1.200000e+00 1.800000e+00 6.937580e-04
1.200000e+00 2.000000e+00 1.568444e-04
1.200000e+00 2.200000e+00 3.014508e-05
1.200000e+00 2.400000e+00 4.928309e-06
1.200000e+00 2.600000e+00 6.856782e-07
1.200000e+00 2.800000e+00 8.121977e-08
1.200000e+00 3.000000e+00 8.193708e-09
1.200000e+00 3.200000e+00 7.042399e-10
1.200000e+00 3.400000e+00 5.158419e-11
1.200000e+00 3.600000e+00 3.221037e-12
1.200000e+00 3.800000e+00 1.715067e-13
1.200000e+00 4.000000e+00 7.789198e-15
1.200000e+00 4.200000e+00 3.018207e-16
1.200000e+00 4.400000e+00 9.980852e-18
1.200000e+00 4.600000e+00 2.817516e-19
1.200000e+00 4.800000e+00 6.784889e-21

1.400000e+00 -5.000000e+00 0.000000e+00
1.400000e+00 -4.800000e+00 5.515181e-21
1.400000e+00 -4.600000e+00 2.291396e-19
1.400000e+00 -4.400000e+00 8.126009e-18
1.400000e+00 -4.200000e+00 2.460182e-16
1.400000e+00 -4.000000e+00 6.357054e-15
1.400000e+00 -3.800000e+00 1.401620e-13
1.400000e+00 -3.600000e+00 2.636191e-12
1.400000e+00 -3.400000e+00 4.228461e-11
1.400000e+00 -3.200000e+00 5.782710e-10
1.400000e+00 -3.000000e+00 6.740715e-09
1.400000e+00 -2.800000e+00 6.695503e-08
1.400000e+00 -2.600000e+00 5.665437e-07
1.400000e+00 -2.400000e+00 4.082410e-06
1.400000e+00 -2.200000e+00 2.504254e-05
1.400000e+00 -2.000000e+00 1.307203e-04
1.400000e+00 -1.800000e+00 5.803699e-04
1.400000e+00 -1.600000e+00 2.190353e-03
1.400000e+00 -1.400000e+00 7.021939e-03
1.400000e+00 -1.200000e+00 1.910460e-02
1.400000e+00 -1.000000e+00 4.406683e-02
1.400000e+00 -8.000000e-01 8.612877e-02
1.400000e+00 -6.000000e-01 1.428804e-01
1.400000e+00 -4.000000e-01 2.024290e-01
1.400000e+00 -2.000000e-01 2.476050e-01
1.400000e+00 0.000000e+00 2.643856e-01
1.400000e+00 2.000000e-01 2.476050e-01
1.400000e+00 4.000000e-01 2.024290e-01
1.400000e+00 6.000000e-01 1.428804e-01
1.400000e+00 8.000000e-01 8.612877e-02
1.400000e+00 1.000000e+00 4.406683e-02
1.400000e+00 1.200000e+00 1.910460e-02
1.400000e+00 1.400000e+00 7.021939e-03
1.400000e+00 1.600000e+00 2.190353e-03
1.400000e+00 1.800000e+00 5.803699e-04
1.400000e+00 2.000000e+00 1.307203e-04
1.400000e+00 2.200000e+00 2.504254e-05
1.400000e+00 2.400000e+00 4.082410e-06
1.400000e+00 2.600000e+00 5.665437e-07
1.400000e+00 2.800000e+00 6.695503e-08
1.400000e+00 3.000000e+00 6.740715e-09
1.400000e+00 3.200000e+00 5.782710e-10
1.400000e+00 3.400000e+00 4.228461e-11
1.400000e+00 3.600000e+00 2.636191e-12
1.400000e+00 3.800000e+00 1.401620e-13
1.400000e+00 4.000000e+00 6.357054e-15
1.400000e+00 4.200000e+00 2.460182e-16
1.400000e+00 4.400000e+00 8.126009e-18
1.400000e+00 4.600000e+00 2.291395e-19
1.400000e+00 4.800000e+00 5.512269e-21

1.600000e+00 -5.000000e+00 0.000000e+00
1.600000e+00 -4.800000e+00 4.328160e-21
1.600000e+00 -4.600000e+00 1.800177e-19
1.600000e+00 -4.400000e+00 6.391374e-18
1.600000e+00 -4.200000e+00 1.937401e-16
1.600000e+00 -4.000000e+00 5.012806e-15
1.600000e+00 -3.800000e+00 1.106801e-13
1.600000e+00 -3.600000e+00 2.084865e-12
1.600000e+00 -3.400000e+00 3.349645e-11
1.600000e+00 -3.200000e+00 4.589067e-10
1.600000e+00 -3.000000e+00 5.359767e-09
1.600000e+00 -2.800000e+00 5.335217e-08
1.600000e+00 -2.600000e+00 4.525091e-07
1.600000e+00 -2.400000e+00 3.269263e-06
1.600000e+00 -2.200000e+00 2.011352e-05
1.600000e+00 -2.000000e+00 1.053408e-04
1.600000e+00 -1.800000e+00 4.694723e-04
1.600000e+00 -1.600000e+00 1.779648e-03
1.600000e+00 -1.400000e+00 5.735006e-03
1.600000e+00 -1.200000e+00 1.570081e-02
1.600000e+00 -1.000000e+00 3.649128e-02
1.600000e+00 -8.000000e-01 7.197751e-02
1.600000e+00 -6.000000e-01 1.206501e-01
1.600000e+00 -4.000000e-01 1.726873e-01
1.600000e+00 -2.000000e-01 2.128518e-01
1.600000e+00 0.000000e+00 2.279289e-01
1.600000e+00 2.000000e-01 2.128518e-01
1.600000e+00 4.000000e-01 1.726873e-01
1.600000e+00 6.000000e-01 1.206501e-01
1.600000e+00 8.000000e-01 7.197751e-02
1.600000e+00 1.000000e+00 3.649128e-02
1.600000e+00 1.200000e+00 1.570081e-02
1.600000e+00 1.400000e+00 5.735006e-03
1.600000e+00 1.600000e+00 1.779648e-03
1.600000e+00 1.800000e+00 4.694723e-04
1.600000e+00 2.000000e+00 1.053408e-04
1.600000e+00 2.200000e+00 2.011352e-05
1.600000e+00 2.400000e+00 3.269263e-06
1.600000e+00 2.600000e+00 4.525091e-07
1.600000e+00 2.800000e+00 5.335217e-08
1.600000e+00 3.000000e+00 5.359767e-09
1.600000e+00 3.200000e+00 4.589067e-10
1.600000e+00 3.400000e+00 3.349645e-11
1.600000e+00 3.600000e+00 2.084865e-12
1.600000e+00 3.800000e+00 1.106801e-13
1.600000e+00 4.000000e+00 5.012806e-15
1.600000e+00 4.200000e+00 1.937401e-16
1.600000e+00 4.400000e+00 6.391374e-18
1.600000e+00 4.600000e+00 1.800176e-19
1.600000e+00 4.800000e+00 4.325879e-21

1.800000e+00 -5.000000e+00 0.000000e+00
1.800000e+00 -4.800000e+00 3.277943e-21
1.800000e+00 -4.600000e+00 1.364884e-19
1.800000e+00 -4.400000e+00 4.851632e-18
1.800000e+00 -4.200000e+00 1.472513e-16
1.800000e+00 -4.000000e+00 3.815077e-15
1.800000e+00 -3.800000e+00 8.435599e-14
1.800000e+00 -3.600000e+00 1.591456e-12
1.800000e+00 -3.400000e+00 2.561166e-11
1.800000e+00 -3.200000e+00 3.515163e-10
1.800000e+00 -3.000000e+00 4.113556e-09
1.800000e+00 -2.800000e+00 4.103487e-08
1.800000e+00 -2.600000e+00 3.488592e-07
1.800000e+00 -2.400000e+00 2.526989e-06
1.800000e+00 -2.200000e+00 1.559203e-05
1.800000e+00 -2.000000e+00 8.192750e-05
1.800000e+00 -1.800000e+00 3.664849e-04
1.800000e+00 -1.600000e+00 1.395202e-03
1.800000e+00 -1.400000e+00 4.518621e-03
1.800000e+00 -1.200000e+00 1.244432e-02
1.800000e+00 -1.000000e+00 2.913001e-02
1.800000e+00 -8.000000e-01 5.795094e-02
1.800000e+00 -6.000000e-01 9.808373e-02
1.800000e+00 -4.000000e-01 1.417396e-01
1.800000e+00 -2.000000e-01 1.759809e-01
1.800000e+00 0.000000e+00 1.889624e-01
1.800000e+00 2.000000e-01 1.759809e-01
1.800000e+00 4.000000e-01 1.417396e-01
1.800000e+00 6.000000e-01 9.808373e-02
1.800000e+00 8.000000e-01 5.795094e-02
1.800000e+00 1.000000e+00 2.913001e-02
1.800000e+00 1.200000e+00 1.244432e-02
1.800000e+00 1.400000e+00 4.518621e-03
1.800000e+00 1.600000e+00 1.395202e-03
1.800000e+00 1.800000e+00 3.664849e-04
1.800000e+00 2.000000e+00 8.192750e-05
1.800000e+00 2.200000e+00 1.559203e-05
1.800000e+00 2.400000e+00 2.526989e-06
1.800000e+00 2.600000e+00 3.488592e-07
1.800000e+00 2.800000e+00 4.103487e-08
1.800000e+00 3.000000e+00 4.113556e-09
1.800000e+00 3.200000e+00 3.515163e-10
1.800000e+00 3.400000e+00 2.561166e-11
1.800000e+00 3.600000e+00 1.591456e-12
1.800000e+00 3.800000e+00 8.435599e-14
1.800000e+00 4.000000e+00 3.815077e-15
1.800000e+00 4.200000e+00 1.472513e-16
1.800000e+00 4.400000e+00 4.851632e-18
1.800000e+00 4.600000e+00 1.364884e-19
1.800000e+00 4.800000e+00 3.276218e-21

2.000000e+00 -5.000000e+00 0.000000e+00
2.000000e+00 -4.800000e+00 2.393610e-21
2.000000e+00 -4.600000e+00 9.977658e-20
2.000000e+00 -4.400000e+00 3.550835e-18
2.000000e+00 -4.200000e+00 1.079054e-16
2.000000e+00 -4.000000e+00 2.799393e-15
2.000000e+00 -3.800000e+00 6.198578e-14
2.000000e+00 -3.600000e+00 1.171197e-12
2.000000e+00 -3.400000e+00 1.887911e-11
2.000000e+00 -3.200000e+00 2.595694e-10
2.000000e+00 -3.000000e+00 3.043359e-09
2.000000e+00 -2.800000e+00 3.042214e-08
2.000000e+00 -2.600000e+00 2.592225e-07
2.000000e+00 -2.400000e+00 1.882397e-06
2.000000e+00 -2.200000e+00 1.164698e-05
2.000000e+00 -2.000000e+00 6.138815e-05
2.000000e+00 -1.800000e+00 2.755669e-04
2.000000e+00 -1.600000e+00 1.053264e-03
2.000000e+00 -1.400000e+00 3.426920e-03
2.000000e+00 -1.200000e+00 9.488799e-03
2.000000e+00 -1.000000e+00 2.235420e-02
2.000000e+00 -8.000000e-01 4.480825e-02
2.000000e+00 -6.000000e-01 7.648541e-02
2.000000e+00 -4.000000e-01 1.114592e-01
2.000000e+00 -2.000000e-01 1.392730e-01
2.000000e+00 0.000000e+00 1.499085e-01
2.000000e+00 2.000000e-01 1.392730e-01
2.000000e+00 4.000000e-01 1.114592e-01
2.000000e+00 6.000000e-01 7.648541e-02
2.000000e+00 8.000000e-01 4.480825e-02
2.000000e+00 1.000000e+00 2.235420e-02
2.000000e+00 1.200000e+00 9.488799e-03
2.000000e+00 1.400000e+00 3.426920e-03
2.000000e+00 1.600000e+00 1.053264e-03
2.000000e+00 1.800000e+00 2.755669e-04
2.000000e+00 2.000000e+00 6.138815e-05
2.000000e+00 2.200000e+00 1.164698e-05
2.000000e+00 2.400000e+00 1.882397e-06
2.000000e+00 2.600000e+00 2.592225e-07
2.000000e+00 2.800000e+00 3.042214e-08
2.000000e+00 3.000000e+00 3.043359e-09
2.000000e+00 3.200000e+00 2.595694e-10
2.000000e+00 3.400000e+00 1.887911e-11
2.000000e+00 3.600000e+00 1.171197e-12
2.000000e+00 3.800000e+00 6.198578e-14
2.000000e+00 4.000000e+00 2.799393e-15
2.000000e+00 4.200000e+00 1.079054e-16
2.000000e+00 4.400000e+00 3.550835e-18
2.000000e+00 4.600000e+00 9.977654e-20
2.000000e+00 4.800000e+00 2.392352e-21

2.200000e+00 -5.000000e+00 0.000000e+00
2.200000e+00 -4.800000e+00 1.683728e-21
2.200000e+00 -4.600000e+00 7.026107e-20
2.200000e+00 -4.400000e+00 2.503290e-18
2.200000e+00 -4.200000e+00 7.616364e-17
2.200000e+00 -4.000000e+00 1.978447e-15
2.200000e+00 -3.800000e+00 4.386765e-14
2.200000e+00 -3.600000e+00 8.300682e-13
2.200000e+00 -3.400000e+00 1.340114e-11
2.200000e+00 -3.200000e+00 1.845610e-10
2.200000e+00 -3.000000e+00 2.167819e-09
2.200000e+00 -2.800000e+00 2.171240e-08
2.200000e+00 -2.600000e+00 1.854017e-07
2.200000e+00 -2.400000e+00 1.349466e-06
2.200000e+00 -2.200000e+00 8.370958e-06
2.200000e+00 -2.000000e+00 4.424640e-05
2.200000e+00 -1.800000e+00 1.992490e-04
2.200000e+00 -1.600000e+00 7.642887e-04
2.200000e+00 -1.400000e+00 2.496847e-03
2.200000e+00 -1.200000e+00 6.946042e-03
2.200000e+00 -1.000000e+00 1.645344e-02
2.200000e+00 -8.000000e-01 3.318938e-02
2.200000e+00 -6.000000e-01 5.704974e-02
2.200000e+00 -4.000000e-01 8.370780e-02
2.200000e+00 -2.000000e-01 1.051431e-01
2.200000e+00 0.000000e+00 1.133957e-01
2.200000e+00 2.000000e-01 1.051431e-01
2.200000e+00 4.000000e-01 8.370780e-02
2.200000e+00 6.000000e-01 5.704974e-02
2.200000e+00 8.000000e-01 3.318938e-02
2.200000e+00 1.000000e+00 1.645344e-02
2.200000e+00 1.200000e+00 6.946042e-03
2.200000e+00 1.400000e+00 2.496847e-03
2.200000e+00 1.600000e+00 7.642887e-04
2.200000e+00 1.800000e+00 1.992490e-04
2.200000e+00 2.000000e+00 4.424640e-05
2.200000e+00 2.200000e+00 8.370958e-06
2.200000e+00 2.400000e+00 1.349466e-06
2.200000e+00 2.600000e+00 1.854017e-07
2.200000e+00 2.800000e+00 2.171240e-08
2.200000e+00 3.000000e+00 2.167819e-09
2.200000e+00 3.200000e+00 1.845610e-10
2.200000e+00 3.400000e+00 1.340114e-11
2.200000e+00 3.600000e+00 8.300682e-13
2.200000e+00 3.800000e+00 4.386765e-14
2.200000e+00 4.000000e+00 1.978447e-15
2.200000e+00 4.200000e+00 7.616364e-17
2.200000e+00 4.400000e+00 2.503290e-18
2.200000e+00 4.600000e+00 7.026104e-20
2.200000e+00 4.800000e+00 1.682845e-21

2.400000e+00 -5.000000e+00 0.000000e+00
2.400000e+00 -4.800000e+00 1.139972e-21
2.400000e+00 -4.600000e+00 4.761919e-20
2.400000e+00 -4.400000e+00 1.698429e-18
2.400000e+00 -4.200000e+00 5.173437e-17
2.400000e+00 -4.000000e+00 1.345488e-15
2.400000e+00 -3.800000e+00 2.987139e-14
2.400000e+00 -3.600000e+00 5.659988e-13
2.400000e+00 -3.400000e+00 9.151094e-12
2.400000e+00 -3.200000e+00 1.262247e-10
2.400000e+00 -3.000000e+00 1.485080e-09
2.400000e+00 -2.800000e+00 1.490089e-08
2.400000e+00 -2.600000e+00 1.274849e-07
2.400000e+00 -2.400000e+00 9.298646e-07
2.400000e+00 -2.200000e+00 5.781350e-06
2.400000e+00 -2.000000e+00 3.063555e-05
2.400000e+00 -1.800000e+00 1.383413e-04
2.400000e+00 -1.600000e+00 5.323008e-04
2.400000e+00 -1.400000e+00 1.745013e-03
2.400000e+00 -1.200000e+00 4.873577e-03
2.400000e+00 -1.000000e+00 1.159587e-02
2.400000e+00 -8.000000e-01 2.350874e-02
2.400000e+00 -6.000000e-01 4.062962e-02
2.400000e+00 -4.000000e-01 5.992798e-02
2.400000e+00 -2.000000e-01 7.557191e-02
2.400000e+00 0.000000e+00 8.162497e-02
2.400000e+00 2.000000e-01 7.557191e-02
2.400000e+00 4.000000e-01 5.992798e-02
2.400000e+00 6.000000e-01 4.062962e-02
2.400000e+00 8.000000e-01 2.350874e-02
2.400000e+00 1.000000e+00 1.159587e-02
2.400000e+00 1.200000e+00 4.873577e-03
2.400000e+00 1.400000e+00 1.745013e-03
2.400000e+00 1.600000e+00 5.323008e-04
2.400000e+00 1.800000e+00 1.383413e-04
2.400000e+00 2.000000e+00 3.063555e-05
2.400000e+00 2.200000e+00 5.781350e-06
2.400000e+00 2.400000e+00 9.298646e-07
2.400000e+00 2.600000e+00 1.274849e-07
2.400000e+00 2.800000e+00 1.490089e-08
2.400000e+00 3.000000e+00 1.485080e-09
2.400000e+00 3.200000e+00 1.262247e-10
2.400000e+00 3.400000e+00 9.151094e-12
2.400000e+00 3.600000e+00 5.659988e-13
2.400000e+00 3.800000e+00 2.987139e-14
2.400000e+00 4.000000e+00 1.345488e-15
2.400000e+00 4.200000e+00 5.173437e-17
2.400000e+00 4.400000e+00 1.698429e-18
2.400000e+00 4.600000e+00 4.761917e-20
2.400000e+00 4.800000e+00 1.139375e-21

2.600000e+00 -5.000000e+00 0.000000e+00
2.600000e+00 -4.800000e+00 7.423187e-22
2.600000e+00 -4.600000e+00 3.103792e-20
2.600000e+00 -4.400000e+00 1.108138e-18
2.600000e+00 -4.200000e+00 3.378968e-17
2.600000e+00 -4.000000e+00 8.797677e-16
2.600000e+00 -3.800000e+00 1.955483e-14
2.600000e+00 -3.600000e+00 3.709832e-13
2.600000e+00 -3.400000e+00 6.005994e-12
2.600000e+00 -3.200000e+00 8.295945e-11
2.600000e+00 -3.000000e+00 9.775099e-10
2.600000e+00 -2.800000e+00 9.823788e-09
2.600000e+00 -2.600000e+00 8.419218e-08
2.600000e+00 -2.400000e+00 6.152284e-07
2.600000e+00 -2.200000e+00 3.832789e-06
2.600000e+00 -2.000000e+00 2.035424e-05
2.600000e+00 -1.800000e+00 9.213197e-05
2.600000e+00 -1.600000e+00 3.554213e-04
2.600000e+00 -1.400000e+00 1.168496e-03
2.600000e+00 -1.200000e+00 3.273782e-03
2.600000e+00 -1.000000e+00 7.816729e-03
2.600000e+00 -8.000000e-01 1.590794e-02
2.600000e+00 -6.000000e-01 2.760392e-02
2.600000e+00 -4.000000e-01 4.086940e-02
2.600000e+00 -2.000000e-01 5.168297e-02
2.600000e+00 0.000000e+00 5.588127e-02
2.600000e+00 2.000000e-01 5.168297e-02
2.600000e+00 4.000000e-01 4.086940e-02
2.600000e+00 6.000000e-01 2.760392e-02
2.600000e+00 8.000000e-01 1.590794e-02
2.600000e+00 1.000000e+00 7.816729e-03
2.600000e+00 1.200000e+00 3.273782e-03
2.600000e+00 1.400000e+00 1.168496e-03
2.600000e+00 1.600000e+00 3.554213e-04
2.600000e+00 1.800000e+00 9.213197e-05
2.600000e+00 2.000000e+00 2.035424e-05
2.600000e+00 2.200000e+00 3.832789e-06
2.600000e+00 2.400000e+00 6.152284e-07
2.600000e+00 2.600000e+00 8.419218e-08
2.600000e+00 2.800000e+00 9.823788e-09
2.600000e+00 3.000000e+00 9.775099e-10
2.600000e+00 3.200000e+00 8.295945e-11
2.600000e+00 3.400000e+00 6.005994e-12
2.600000e+00 3.600000e+00 3.709832e-13
2.600000e+00 3.800000e+00 1.955483e-14
2.600000e+00 4.000000e+00 8.797677e-16
2.600000e+00 4.200000e+00 3.378968e-17
2.600000e+00 4.400000e+00 1.108138e-18
2.600000e+00 4.600000e+00 3.103791e-20
2.600000e+00 4.800000e+00 7.419306e-22

2.800000e+00 -5.000000e+00 0.000000e+00
2.800000e+00 -4.800000e+00 4.645880e-22
2.800000e+00 -4.600000e+00 1.944238e-20
2.800000e+00 -4.400000e+00 6.947809e-19
2.800000e+00 -4.200000e+00 2.120579e-17
2.800000e+00 -4.000000e+00 5.526819e-16
2.800000e+00 -3.800000e+00 1.229761e-14
2.800000e+00 -3.600000e+00 2.335635e-13
2.800000e+00 -3.400000e+00 3.785700e-12
2.800000e+00 -3.200000e+00 5.235609e-11
2.800000e+00 -3.000000e+00 6.177244e-10
2.800000e+00 -2.800000e+00 6.216705e-09
2.800000e+00 -2.600000e+00 5.335806e-08
2.800000e+00 -2.400000e+00 3.905308e-07
2.800000e+00 -2.200000e+00 2.437098e-06
2.800000e+00 -2.000000e+00 1.296600e-05
2.800000e+00 -1.800000e+00 5.880504e-05
2.800000e+00 -1.600000e+00 2.273357e-04
2.800000e+00 -1.400000e+00 7.491085e-04
2.800000e+00 -1.200000e+00 2.103973e-03
2.800000e+00 -1.000000e+00 5.036964e-03
2.800000e+00 -8.000000e-01 1.027965e-02
2.800000e+00 -6.000000e-01 1.788839e-02
2.800000e+00 -4.000000e-01 2.655383e-02
2.800000e+00 -2.000000e-01 3.364314e-02
2.800000e+00 0.000000e+00 3.640149e-02
2.800000e+00 2.000000e-01 3.364314e-02
2.800000e+00 4.000000e-01 2.655383e-02
2.800000e+00 6.000000e-01 1.788839e-02
2.800000e+00 8.000000e-01 1.027965e-02
2.800000e+00 1.000000e+00 5.036964e-03
2.800000e+00 1.200000e+00 2.103973e-03
2.800000e+00 1.400000e+00 7.491085e-04
2.800000e+00 1.600000e+00 2.273357e-04
2.800000e+00 1.800000e+00 5.880504e-05
2.800000e+00 2.000000e+00 1.296600e-05
2.800000e+00 2.200000e+00 2.437098e-06
2.800000e+00 2.400000e+00 3.905308e-07
2.800000e+00 2.600000e+00 5.335806e-08
2.800000e+00 2.800000e+00 6.216705e-09
2.800000e+00 3.000000e+00 6.177244e-10
2.800000e+00 3.200000e+00 5.235609e-11
2.800000e+00 3.400000e+00 3.785700e-12
2.800000e+00 3.600000e+00 2.335635e-13
2.800000e+00 3.800000e+00 1.229761e-14
2.800000e+00 4.000000e+00 5.526819e-16
2.800000e+00 4.200000e+00 2.120579e-17
2.800000e+00 4.400000e+00 6.947809e-19
2.800000e+00 4.600000e+00 1.944237e-20
2.800000e+00 4.800000e+00 4.643454e-22

3.000000e+00 -5.000000e+00 0.000000e+00
3.000000e+00 -4.800000e+00 2.793033e-22
3.000000e+00 -4.600000e+00 1.169764e-20
3.000000e+00 -4.400000e+00 4.183623e-19
3.000000e+00 -4.200000e+00 1.277998e-17
3.000000e+00 -4.000000e+00 3.333796e-16
3.000000e+00 -3.800000e+00 7.424898e-15
3.000000e+00 -3.600000e+00 1.411562e-13
3.000000e+00 -3.400000e+00 2.290275e-12
3.000000e+00 -3.200000e+00 3.170863e-11
3.000000e+00 -3.000000e+00 3.745403e-10
3.000000e+00 -2.800000e+00 3.773846e-09
3.000000e+00 -2.600000e+00 3.243195e-08
3.000000e+00 -2.400000e+00 2.376888e-07
3.000000e+00 -2.200000e+00 1.485391e-06
3.000000e+00 -2.000000e+00 7.914522e-06
3.000000e+00 -1.800000e+00 3.595204e-05
3.000000e+00 -1.600000e+00 1.392221e-04
3.000000e+00 -1.400000e+00 4.595786e-04
3.000000e+00 -1.200000e+00 1.293217e-03
3.000000e+00 -1.000000e+00 3.102071e-03
3.000000e+00 -8.000000e-01 6.343547e-03
3.000000e+00 -6.000000e-01 1.106050e-02
3.000000e+00 -4.000000e-01 1.644676e-02
3.000000e+00 -2.000000e-01 2.086319e-02
3.000000e+00 0.000000e+00 2.258381e-02
3.000000e+00 2.000000e-01 2.086319e-02
3.000000e+00 4.000000e-01 1.644676e-02
3.000000e+00 6.000000e-01 1.106050e-02
3.000000e+00 8.000000e-01 6.343547e-03
3.000000e+00 1.000000e+00 3.102071e-03
3.000000e+00 1.200000e+00 1.293217e-03
3.000000e+00 1.400000e+00 4.595786e-04
3.000000e+00 1.600000e+00 1.392221e-04
3.000000e+00 1.800000e+00 3.595204e-05
3.000000e+00 2.000000e+00 7.914522e-06
3.000000e+00 2.200000e+00 1.485391e-06
3.000000e+00 2.400000e+00 2.376888e-07
3.000000e+00 2.600000e+00 3.243195e-08
3.000000e+00 2.800000e+00 3.773846e-09
3.000000e+00 3.000000e+00 3.745403e-10
3.000000e+00 3.200000e+00 3.170863e-11
3.000000e+00 3.400000e+00 2.290275e-12
3.000000e+00 3.600000e+00 1.411562e-13
3.000000e+00 3.800000e+00 7.424898e-15
3.000000e+00 4.000000e+00 3.333796e-16
3.000000e+00 4.200000e+00 1.277998e-17
3.000000e+00 4.400000e+00 4.183623e-19
3.000000e+00 4.600000e+00 1.169764e-20
3.000000e+00 4.800000e+00 2.791577e-22

3.200000e+00 -5.000000e+00 0.000000e+00
3.200000e+00 -4.800000e+00 1.612151e-22
3.200000e+00 -4.600000e+00 6.756618e-21
3.200000e+00 -4.400000e+00 2.418226e-19
3.200000e+00 -4.200000e+00 7.392650e-18
3.200000e+00 -4.000000e+00 1.929957e-16
3.200000e+00 -3.800000e+00 4.301812e-15
3.200000e+00 -3.600000e+00 8.185182e-14
3.200000e+00 -3.400000e+00 1.329226e-12
3.200000e+00 -3.200000e+00 1.841996e-11
3.200000e+00 -3.000000e+00 2.177848e-10
3.200000e+00 -2.800000e+00 2.196595e-09
3.200000e+00 -2.600000e+00 1.889712e-08
3.200000e+00 -2.400000e+00 1.386467e-07
3.200000e+00 -2.200000e+00 8.674446e-07
3.200000e+00 -2.000000e+00 4.627530e-06
3.200000e+00 -1.800000e+00 2.104723e-05
3.200000e+00 -1.600000e+00 8.161111e-05
3.200000e+00 -1.400000e+00 2.697687e-04
3.200000e+00 -1.200000e+00 7.601696e-04
3.200000e+00 -1.000000e+00 1.826026e-03
3.200000e+00 -8.000000e-01 3.739353e-03
3.200000e+00 -6.000000e-01 6.528472e-03
3.200000e+00 -4.000000e-01 9.718622e-03
3.200000e+00 -2.000000e-01 1.233789e-02
3.200000e+00 0.000000e+00 1.335914e-02
3.200000e+00 2.000000e-01 1.233789e-02
3.200000e+00 4.000000e-01 9.718622e-03
3.200000e+00 6.000000e-01 6.528472e-03
3.200000e+00 8.000000e-01 3.739353e-03
3.200000e+00 1.000000e+00 1.826026e-03
3.200000e+00 1.200000e+00 7.601696e-04
3.200000e+00 1.400000e+00 2.697687e-04
3.200000e+00 1.600000e+00 8.161111e-05
3.200000e+00 1.800000e+00 2.104723e-05
3.200000e+00 2.000000e+00 4.627530e-06
3.200000e+00 2.200000e+00 8.674446e-07
3.200000e+00 2.400000e+00 1.386467e-07
3.200000e+00 2.600000e+00 1.889712e-08
3.200000e+00 2.800000e+00 2.196595e-09
3.200000e+00 3.000000e+00 2.177848e-10
3.200000e+00 3.200000e+00 1.841996e-11
3.200000e+00 3.400000e+00 1.329226e-12
3.200000e+00 3.600000e+00 8.185182e-14
3.200000e+00 3.800000e+00 4.301812e-15
3.200000e+00 4.000000e+00 1.929957e-16
3.200000e+00 4.200000e+00 7.392650e-18
3.200000e+00 4.400000e+00 2.418226e-19
3.200000e+00 4.600000e+00 6.756616e-21
3.200000e+00 4.800000e+00 1.611311e-22

3.400000e+00 -5.000000e+00 0.000000e+00
3.400000e+00 -4.800000e+00 8.930756e-23
3.400000e+00 -4.600000e+00 3.745197e-21
3.400000e+00 -4.400000e+00 1.341263e-19
3.400000e+00 -4.200000e+00 4.102970e-18
3.400000e+00 -4.000000e+00 1.071857e-16
3.400000e+00 -3.800000e+00 2.390793e-15
3.400000e+00 -3.600000e+00 4.552301e-14
3.400000e+00 -3.400000e+00 7.398183e-13
3.400000e+00 -3.200000e+00 1.026007e-11
3.400000e+00 -3.000000e+00 1.214050e-10
3.400000e+00 -2.800000e+00 1.225517e-09
3.400000e+00 -2.600000e+00 1.055210e-08
3.400000e+00 -2.400000e+00 7.748892e-08
3.400000e+00 -2.200000e+00 4.852577e-07
3.400000e+00 -2.000000e+00 2.591154e-06
3.400000e+00 -1.800000e+00 1.179680e-05
3.400000e+00 -1.600000e+00 4.578830e-05
3.400000e+00 -1.400000e+00 1.515094e-04
3.400000e+00 -1.200000e+00 4.273696e-04
3.400000e+00 -1.000000e+00 1.027636e-03
3.400000e+00 -8.000000e-01 2.106441e-03
3.400000e+00 -6.000000e-01 3.680836e-03
3.400000e+00 -4.000000e-01 5.483452e-03
3.400000e+00 -2.000000e-01 6.964680e-03
3.400000e+00 0.000000e+00 7.542468e-03
3.400000e+00 2.000000e-01 6.964680e-03
3.400000e+00 4.000000e-01 5.483452e-03
3.400000e+00 6.000000e-01 3.680836e-03
3.400000e+00 8.000000e-01 2.106441e-03
3.400000e+00 1.000000e+00 1.027636e-03
3.400000e+00 1.200000e+00 4.273696e-04
3.400000e+00 1.400000e+00 1.515094e-04
3.400000e+00 1.600000e+00 4.578830e-05
3.400000e+00 1.800000e+00 1.179680e-05
3.400000e+00 2.000000e+00 2.591154e-06
3.400000e+00 2.200000e+00 4.852577e-07
3.400000e+00 2.400000e+00 7.748892e-08
3.400000e+00 2.600000e+00 1.055210e-08
3.400000e+00 2.800000e+00 1.225517e-09
3.400000e+00 3.000000e+00 1.214050e-10
3.400000e+00 3.200000e+00 1.026007e-11
3.400000e+00 3.400000e+00 7.398183e-13
3.400000e+00 3.600000e+00 4.552301e-14
3.400000e+00 3.800000e+00 2.390793e-15
3.400000e+00 4.000000e+00 1.071857e-16
3.400000e+00 4.200000e+00 4.102970e-18
3.400000e+00 4.400000e+00 1.341263e-19
3.400000e+00 4.600000e+00 3.745196e-21
3.400000e+00 4.800000e+00 8.926109e-23

3.600000e+00 -5.000000e+00 0.000000e+00
3.600000e+00 -4.800000e+00 4.746719e-23
3.600000e+00 -4.600000e+00 1.991617e-21
3.600000e+00 -4.400000e+00 7.136372e-20
3.600000e+00 -4.200000e+00 2.184245e-18
3.600000e+00 -4.000000e+00 5.709345e-17
3.600000e+00 -3.800000e+00 1.274222e-15
3.600000e+00 -3.600000e+00 2.427703e-14
3.600000e+00 -3.400000e+00 3.947834e-13
3.600000e+00 -3.200000e+00 5.478491e-12
3.600000e+00 -3.000000e+00 6.486829e-11
3.600000e+00 -2.800000e+00 6.552520e-10
3.600000e+00 -2.600000e+00 5.645841e-09
3.600000e+00 -2.400000e+00 4.148948e-08
3.600000e+00 -2.200000e+00 2.600078e-07
3.600000e+00 -2.000000e+00 1.389405e-06
3.600000e+00 -1.800000e+00 6.330326e-06
3.600000e+00 -1.600000e+00 2.458922e-05
3.600000e+00 -1.400000e+00 8.142500e-05
3.600000e+00 -1.200000e+00 2.298498e-04
3.600000e+00 -1.000000e+00 5.530828e-04
3.600000e+00 -8.000000e-01 1.134459e-03
3.600000e+00 -6.000000e-01 1.983538e-03
3.600000e+00 -4.000000e-01 2.956319e-03
3.600000e+00 -2.000000e-01 3.756050e-03
3.600000e+00 0.000000e+00 4.068085e-03
3.600000e+00 2.000000e-01 3.756050e-03
3.600000e+00 4.000000e-01 2.956319e-03
3.600000e+00 6.000000e-01 1.983538e-03
3.600000e+00 8.000000e-01 1.134459e-03
3.600000e+00 1.000000e+00 5.530828e-04
3.600000e+00 1.200000e+00 2.298498e-04
3.600000e+00 1.400000e+00 8.142500e-05
3.600000e+00 1.600000e+00 2.458922e-05
3.600000e+00 1.800000e+00 6.330326e-06
3.600000e+00 2.000000e+00 1.389405e-06
3.600000e+00 2.200000e+00 2.600078e-07
3.600000e+00 2.400000e+00 4.148948e-08
3.600000e+00 2.600000e+00 5.645841e-09
3.600000e+00 2.800000e+00 6.552520e-10
3.600000e+00 3.000000e+00 6.486829e-11
3.600000e+00 3.200000e+00 5.478491e-12
3.600000e+00 3.400000e+00 3.947834e-13
3.600000e+00 3.600000e+00 2.427703e-14
3.600000e+00 3.800000e+00 1.274222e-15
3.600000e+00 4.000000e+00 5.709345e-17
3.600000e+00 4.200000e+00 2.184245e-18
3.600000e+00 4.400000e+00 7.136372e-20
3.600000e+00 4.600000e+00 1.991616e-21
3.600000e+00 4.800000e+00 4.744252e-23

3.800000e+00 -5.000000e+00 0.000000e+00
3.800000e+00 -4.800000e+00 2.420056e-23
3.800000e+00 -4.600000e+00 1.015849e-21
3.800000e+00 -4.400000e+00 3.641643e-20
3.800000e+00 -4.200000e+00 1.115122e-18
3.800000e+00 -4.000000e+00 2.916174e-17
3.800000e+00 -3.800000e+00 6.511537e-16
3.800000e+00 -3.600000e+00 1.241223e-14
3.800000e+00 -3.400000e+00 2.019455e-13
3.800000e+00 -3.200000e+00 2.803897e-12
3.800000e+00 -3.000000e+00 3.321729e-11
3.800000e+00 -2.800000e+00 3.357185e-10
3.800000e+00 -2.600000e+00 2.894242e-09
3.800000e+00 -2.400000e+00 2.128075e-08
3.800000e+00 -2.200000e+00 1.334384e-07
3.800000e+00 -2.000000e+00 7.134612e-07
3.800000e+00 -1.800000e+00 3.252482e-06
3.800000e+00 -1.600000e+00 1.264093e-05
3.800000e+00 -1.400000e+00 4.188247e-05
3.800000e+00 -1.200000e+00 1.182907e-04
3.800000e+00 -1.000000e+00 2.847834e-04
3.800000e+00 -8.000000e-01 5.844019e-04
3.800000e+00 -6.000000e-01 1.022194e-03
3.800000e+00 -4.000000e-01 1.523971e-03
3.800000e+00 -2.000000e-01 1.936608e-03
3.800000e+00 0.000000e+00 2.097635e-03
3.800000e+00 2.000000e-01 1.936608e-03
3.800000e+00 4.000000e-01 1.523971e-03
3.800000e+00 6.000000e-01 1.022194e-03
3.800000e+00 8.000000e-01 5.844019e-04
3.800000e+00 1.000000e+00 2.847834e-04
3.800000e+00 1.200000e+00 1.182907e-04
3.800000e+00 1.400000e+00 4.188247e-05
3.800000e+00 1.600000e+00 1.264093e-05
3.800000e+00 1.800000e+00 3.252482e-06
3.800000e+00 2.000000e+00 7.134612e-07
3.800000e+00 2.200000e+00 1.334384e-07
3.800000e+00 2.400000e+00 2.128075e-08
3.800000e+00 2.600000e+00 2.894242e-09
3.800000e+00 2.800000e+00 3.357185e-10
3.800000e+00 3.000000e+00 3.321729e-11
3.800000e+00 3.200000e+00 2.803897e-12
3.800000e+00 3.400000e+00 2.019455e-13
3.800000e+00 3.600000e+00 1.241223e-14
3.800000e+00 3.800000e+00 6.511537e-16
3.800000e+00 4.000000e+00 2.916174e-17
3.800000e+00 4.200000e+00 1.115122e-18
3.800000e+00 4.400000e+00 3.641643e-20
3.800000e+00 4.600000e+00 1.015849e-21
3.800000e+00 4.800000e+00 2.418799e-23

4.000000e+00 -5.000000e+00 0.000000e+00
4.000000e+00 -4.800000e+00 1.183363e-23
4.000000e+00 -4.600000e+00 4.969152e-22
4.000000e+00 -4.400000e+00 1.782028e-20
4.000000e+00 -4.200000e+00 5.458920e-19
4.000000e+00 -4.000000e+00 1.428131e-17
4.000000e+00 -3.800000e+00 3.190154e-16
4.000000e+00 -3.600000e+00 6.083514e-15
4.000000e+00 -3.400000e+00 9.901890e-14
4.000000e+00 -3.200000e+00 1.375397e-12
4.000000e+00 -3.000000e+00 1.630102e-11
4.000000e+00 -2.800000e+00 1.648209e-10
4.000000e+00 -2.600000e+00 1.421543e-09
4.000000e+00 -2.400000e+00 1.045685e-08
4.000000e+00 -2.200000e+00 6.559701e-08
4.000000e+00 -2.000000e+00 3.508826e-07
4.000000e+00 -1.800000e+00 1.600266e-06
4.000000e+00 -1.600000e+00 6.222112e-06
4.000000e+00 -1.400000e+00 2.062370e-05
4.000000e+00 -1.200000e+00 5.827078e-05
4.000000e+00 -1.000000e+00 1.403358e-04
4.000000e+00 -8.000000e-01 2.880726e-04
4.000000e+00 -6.000000e-01 5.040093e-04
4.000000e+00 -4.000000e-01 7.515700e-04
4.000000e+00 -2.000000e-01 9.551897e-04
4.000000e+00 0.000000e+00 1.034658e-03
4.000000e+00 2.000000e-01 9.551897e-04
4.000000e+00 4.000000e-01 7.515700e-04
4.000000e+00 6.000000e-01 5.040093e-04
4.000000e+00 8.000000e-01 2.880726e-04
4.000000e+00 1.000000e+00 1.403358e-04
4.000000e+00 1.200000e+00 5.827078e-05
4.000000e+00 1.400000e+00 2.062370e-05
4.000000e+00 1.600000e+00 6.222112e-06
4.000000e+00 1.800000e+00 1.600266e-06
4.000000e+00 2.000000e+00 3.508826e-07
4.000000e+00 2.200000e+00 6.559701e-08
4.000000e+00 2.400000e+00 1.045685e-08
4.000000e+00 2.600000e+00 1.421543e-09
4.000000e+00 2.800000e+00 1.648209e-10
4.000000e+00 3.000000e+00 1.630102e-11
4.000000e+00 3.200000e+00 1.375397e-12
4.000000e+00 3.400000e+00 9.901890e-14
4.000000e+00 3.600000e+00 6.083514e-15
4.000000e+00 3.800000e+00 3.190154e-16
4.000000e+00 4.000000e+00 1.428131e-17
4.000000e+00 4.200000e+00 5.458920e-19
4.000000e+00 4.400000e+00 1.782028e-20
4.000000e+00 4.600000e+00 4.969151e-22
4.000000e+00 4.800000e+00 1.182748e-23

4.200000e+00 -5.000000e+00 0.000000e+00
4.200000e+00 -4.800000e+00 5.549194e-24
4.200000e+00 -4.600000e+00 2.330922e-22
4.200000e+00 -4.400000e+00 8.361718e-21
4.200000e+00 -4.200000e+00 2.562272e-19
4.200000e+00 -4.000000e+00 6.705421e-18
4.200000e+00 -3.800000e+00 1.498341e-16
4.200000e+00 -3.600000e+00 2.858224e-15
4.200000e+00 -3.400000e+00 4.653760e-14
4.200000e+00 -3.200000e+00 6.466352e-13
4.200000e+00 -3.000000e+00 7.666411e-12
4.200000e+00 -2.800000e+00 7.754187e-11
4.200000e+00 -2.600000e+00 6.690066e-10
4.200000e+00 -2.400000e+00 4.922860e-09
4.200000e+00 -2.200000e+00 3.089193e-08
4.200000e+00 -2.000000e+00 1.652970e-07
4.200000e+00 -1.800000e+00 7.541092e-07
4.200000e+00 -1.600000e+00 2.933012e-06
4.200000e+00 -1.400000e+00 9.724562e-06
4.200000e+00 -1.200000e+00 2.748358e-05
4.200000e+00 -1.000000e+00 6.620627e-05
4.200000e+00 -8.000000e-01 1.359337e-04
4.200000e+00 -6.000000e-01 2.378713e-04
4.200000e+00 -4.000000e-01 3.547576e-04
4.200000e+00 -2.000000e-01 4.509086e-04
4.200000e+00 0.000000e+00 4.884363e-04
4.200000e+00 2.000000e-01 4.509086e-04
4.200000e+00 4.000000e-01 3.547576e-04
4.200000e+00 6.000000e-01 2.378713e-04
4.200000e+00 8.000000e-01 1.359337e-04
4.200000e+00 1.000000e+00 6.620627e-05
4.200000e+00 1.200000e+00 2.748358e-05
4.200000e+00 1.400000e+00 9.724562e-06
4.200000e+00 1.600000e+00 2.933012e-06
4.200000e+00 1.800000e+00 7.541092e-07
4.200000e+00 2.000000e+00 1.652970e-07
4.200000e+00 2.200000e+00 3.089193e-08
4.200000e+00 2.400000e+00 4.922860e-09
4.200000e+00 2.600000e+00 6.690066e-10
4.200000e+00 2.800000e+00 7.754187e-11
4.200000e+00 3.000000e+00 7.666411e-12
4.200000e+00 3.200000e+00 6.466352e-13
4.200000e+00 3.400000e+00 4.653760e-14
4.200000e+00 3.600000e+00 2.858224e-15
4.200000e+00 3.800000e+00 1.498341e-16
4.200000e+00 4.000000e+00 6.705421e-18
4.200000e+00 4.200000e+00 2.562272e-19
4.200000e+00 4.400000e+00 8.361718e-21
4.200000e+00 4.600000e+00 2.330921e-22
4.200000e+00 4.800000e+00 5.546314e-24

4.400000e+00 -5.000000e+00 0.000000e+00
4.400000e+00 -4.800000e+00 2.495409e-24
4.400000e+00 -4.600000e+00 1.048454e-22
4.400000e+00 -4.400000e+00 3.762081e-21
4.400000e+00 -4.200000e+00 1.153108e-19
4.400000e+00 -4.000000e+00 3.018449e-18
4.400000e+00 -3.800000e+00 6.746558e-17
4.400000e+00 -3.600000e+00 1.287307e-15
4.400000e+00 -3.400000e+00 2.096548e-14
4.400000e+00 -3.200000e+00 2.913904e-13
4.400000e+00 -3.000000e+00 3.455595e-12
4.400000e+00 -2.800000e+00 3.496080e-11
4.400000e+00 -2.600000e+00 3.017095e-10
4.400000e+00 -2.400000e+00 2.220690e-09
4.400000e+00 -2.200000e+00 1.393880e-08
4.400000e+00 -2.000000e+00 7.460234e-08
4.400000e+00 -1.800000e+00 3.404277e-07
4.400000e+00 -1.600000e+00 1.324351e-06
4.400000e+00 -1.400000e+00 4.391896e-06
4.400000e+00 -1.200000e+00 1.241483e-05
4.400000e+00 -1.000000e+00 2.991184e-05
4.400000e+00 -8.000000e-01 6.142390e-05
4.400000e+00 -6.000000e-01 1.074994e-04
4.400000e+00 -4.000000e-01 1.603377e-04
4.400000e+00 -2.000000e-01 2.038061e-04
4.400000e+00 0.000000e+00 2.207725e-04
4.400000e+00 2.000000e-01 2.038061e-04
4.400000e+00 4.000000e-01 1.603377e-04
4.400000e+00 6.000000e-01 1.074994e-04
4.400000e+00 8.000000e-01 6.142390e-05
4.400000e+00 1.000000e+00 2.991184e-05
4.400000e+00 1.200000e+00 1.241483e-05
4.400000e+00 1.400000e+00 4.391896e-06
4.400000e+00 1.600000e+00 1.324351e-06
4.400000e+00 1.800000e+00 3.404277e-07
4.400000e+00 2.000000e+00 7.460234e-08
4.400000e+00 2.200000e+00 1.393880e-08
4.400000e+00 2.400000e+00 2.220690e-09
4.400000e+00 2.600000e+00 3.017095e-10
4.400000e+00 2.800000e+00 3.496080e-11
4.400000e+00 3.000000e+00 3.455595e-12
4.400000e+00 3.200000e+00 2.913904e-13
4.400000e+00 3.400000e+00 2.096548e-14
4.400000e+00 3.600000e+00 1.287307e-15
4.400000e+00 3.800000e+00 6.746558e-17
4.400000e+00 4.000000e+00 3.018449e-18
4.400000e+00 4.200000e+00 1.153108e-19
4.400000e+00 4.400000e+00 3.762081e-21
4.400000e+00 4.600000e+00 1.048454e-22
4.400000e+00 4.800000e+00 2.494115e-24

4.600000e+00 -5.000000e+00 0.000000e+00
4.600000e+00 -4.800000e+00 1.076094e-24
4.600000e+00 -4.600000e+00 4.522176e-23
4.600000e+00 -4.400000e+00 1.622992e-21
4.600000e+00 -4.200000e+00 4.975640e-20
4.600000e+00 -4.000000e+00 1.302728e-18
4.600000e+00 -3.800000e+00 2.912348e-17
4.600000e+00 -3.600000e+00 5.558203e-16
4.600000e+00 -3.400000e+00 9.054154e-15
4.600000e+00 -3.200000e+00 1.258661e-13
4.600000e+00 -3.000000e+00 1.492953e-12
4.600000e+00 -2.800000e+00 1.510752e-11
4.600000e+00 -2.600000e+00 1.304032e-10
4.600000e+00 -2.400000e+00 9.600033e-10
4.600000e+00 -2.200000e+00 6.026890e-09
4.600000e+00 -2.000000e+00 3.226270e-08
4.600000e+00 -1.800000e+00 1.472482e-07
4.600000e+00 -1.600000e+00 5.729289e-07
4.600000e+00 -1.400000e+00 1.900278e-06
4.600000e+00 -1.200000e+00 5.372387e-06
4.600000e+00 -1.000000e+00 1.294566e-05
4.600000e+00 -8.000000e-01 2.658674e-05
4.600000e+00 -6.000000e-01 4.653411e-05
4.600000e+00 -4.000000e-01 6.941108e-05
4.600000e+00 -2.000000e-01 8.823223e-05
4.600000e+00 0.000000e+00 9.557862e-05
4.600000e+00 2.000000e-01 8.823223e-05
4.600000e+00 4.000000e-01 6.941108e-05
4.600000e+00 6.000000e-01 4.653411e-05
4.600000e+00 8.000000e-01 2.658674e-05
4.600000e+00 1.000000e+00 1.294566e-05
4.600000e+00 1.200000e+00 5.372387e-06
4.600000e+00 1.400000e+00 1.900278e-06
4.600000e+00 1.600000e+00 5.729289e-07
4.600000e+00 1.800000e+00 1.472482e-07
4.600000e+00 2.000000e+00 3.226270e-08
4.600000e+00 2.200000e+00 6.026890e-09
4.600000e+00 2.400000e+00 9.600033e-10
4.600000e+00 2.600000e+00 1.304032e-10
4.600000e+00 2.800000e+00 1.510752e-11
4.600000e+00 3.000000e+00 1.492953e-12
4.600000e+00 3.200000e+00 1.258661e-13
4.600000e+00 3.400000e+00 9.054154e-15
4.600000e+00 3.600000e+00 5.558203e-16
4.600000e+00 3.800000e+00 2.912348e-17
4.600000e+00 4.000000e+00 1.302728e-18
4.600000e+00 4.200000e+00 4.975640e-20
4.600000e+00 4.400000e+00 1.622992e-21
4.600000e+00 4.600000e+00 4.522175e-23
4.600000e+00 4.800000e+00 1.075536e-24

4.800000e+00 -5.000000e+00 0.000000e+00
4.800000e+00 -4.800000e+00 4.450051e-25
4.800000e+00 -4.600000e+00 1.870402e-23
4.800000e+00 -4.400000e+00 6.713928e-22
4.800000e+00 -4.200000e+00 2.058648e-20
4.800000e+00 -4.000000e+00 5.390878e-19
4.800000e+00 -3.800000e+00 1.205373e-17
4.800000e+00 -3.600000e+00 2.300831e-16
4.800000e+00 -3.400000e+00 3.748606e-15
4.800000e+00 -3.200000e+00 5.211964e-14
4.800000e+00 -3.000000e+00 6.183132e-13
4.800000e+00 -2.800000e+00 6.257838e-12
4.800000e+00 -2.600000e+00 5.402393e-11
4.800000e+00 -2.400000e+00 3.977735e-10
4.800000e+00 -2.200000e+00 2.497579e-09
4.800000e+00 -2.000000e+00 1.337171e-08
4.800000e+00 -1.800000e+00 6.103701e-08
4.800000e+00 -1.600000e+00 2.375186e-07
4.800000e+00 -1.400000e+00 7.878856e-07
4.800000e+00 -1.200000e+00 2.227706e-06
4.800000e+00 -1.000000e+00 5.368513e-06
4.800000e+00 -8.000000e-01 1.102626e-05
4.800000e+00 -6.000000e-01 1.930016e-05
4.800000e+00 -4.000000e-01 2.878974e-05
4.800000e+00 -2.000000e-01 3.659721e-05
4.800000e+00 0.000000e+00 3.964473e-05
4.800000e+00 2.000000e-01 3.659721e-05
4.800000e+00 4.000000e-01 2.878974e-05
4.800000e+00 6.000000e-01 1.930016e-05
4.800000e+00 8.000000e-01 1.102626e-05
4.800000e+00 1.000000e+00 5.368513e-06
4.800000e+00 1.200000e+00 2.227706e-06
4.800000e+00 1.400000e+00 7.878856e-07
4.800000e+00 1.600000e+00 2.375186e-07
4.800000e+00 1.800000e+00 6.103701e-08
4.800000e+00 2.000000e+00 1.337171e-08
4.800000e+00 2.200000e+00 2.497579e-09
4.800000e+00 2.400000e+00 3.977735e-10
4.800000e+00 2.600000e+00 5.402393e-11
4.800000e+00 2.800000e+00 6.257838e-12
4.800000e+00 3.000000e+00 6.183132e-13
4.800000e+00 3.200000e+00 5.211964e-14
4.800000e+00 3.400000e+00 3.748606e-15
4.800000e+00 3.600000e+00 2.300831e-16
4.800000e+00 3.800000e+00 1.205373e-17
4.800000e+00 4.000000e+00 5.390878e-19
4.800000e+00 4.200000e+00 2.058648e-20
4.800000e+00 4.400000e+00 6.713928e-22
4.800000e+00 4.600000e+00 1.870401e-23
4.800000e+00 4.800000e+00 4.447744e-25

5.000000e+00 -5.000000e+00 0.000000e+00
5.000000e+00 -4.800000e+00 1.764840e-25
5.000000e+00 -4.600000e+00 7.418802e-24
5.000000e+00 -4.400000e+00 2.663386e-22
5.000000e+00 -4.200000e+00 8.167660e-21
5.000000e+00 -4.000000e+00 2.139109e-19
5.000000e+00 -3.800000e+00 4.783574e-18
5.000000e+00 -3.600000e+00 9.132139e-17
5.000000e+00 -3.400000e+00 1.488037e-15
5.000000e+00 -3.200000e+00 2.069190e-14
5.000000e+00 -3.000000e+00 2.455057e-13
5.000000e+00 -2.800000e+00 2.485021e-12
5.000000e+00 -2.600000e+00 2.145573e-11
5.000000e+00 -2.400000e+00 1.579947e-10
5.000000e+00 -2.200000e+00 9.921412e-10
5.000000e+00 -2.000000e+00 5.312345e-09
5.000000e+00 -1.800000e+00 2.425131e-08
5.000000e+00 -1.600000e+00 9.437979e-08
5.000000e+00 -1.400000e+00 3.130984e-07
5.000000e+00 -1.200000e+00 8.853357e-07
5.000000e+00 -1.000000e+00 2.133695e-06
5.000000e+00 -8.000000e-01 4.382584e-06
5.000000e+00 -6.000000e-01 7.671531e-06
5.000000e+00 -4.000000e-01 1.144386e-05
5.000000e+00 -2.000000e-01 1.454760e-05
5.000000e+00 0.000000e+00 1.575911e-05
5.000000e+00 2.000000e-01 1.454760e-05
5.000000e+00 4.000000e-01 1.144386e-05
5.000000e+00 6.000000e-01 7.671531e-06
5.000000e+00 8.000000e-01 4.382584e-06
5.000000e+00 1.000000e+00 2.133695e-06
5.000000e+00 1.200000e+00 8.853357e-07
5.000000e+00 1.400000e+00 3.130984e-07
5.000000e+00 1.600000e+00 9.437979e-08
5.000000e+00 1.800000e+00 2.425131e-08
5.000000e+00 2.000000e+00 5.312345e-09
5.000000e+00 2.200000e+00 9.921412e-10
5.000000e+00 2.400000e+00 1.579947e-10
5.000000e+00 2.600000e+00 2.145573e-11
5.000000e+00 2.800000e+00 2.485021e-12
5.000000e+00 3.000000e+00 2.455057e-13
5.000000e+00 3.200000e+00 2.069190e-14
5.000000e+00 3.400000e+00 1.488037e-15
5.000000e+00 3.600000e+00 9.132139e-17
5.000000e+00 3.800000e+00 4.783574e-18
5.000000e+00 4.000000e+00 2.139109e-19
5.000000e+00 4.200000e+00 8.167660e-21
5.000000e+00 4.400000e+00 2.663386e-22
5.000000e+00 4.600000e+00 7.418800e-24
5.000000e+00 4.800000e+00 1.763925e-25

5.200000e+00 -5.000000e+00 0.000000e+00
5.200000e+00 -4.800000e+00 6.712705e-26
5.200000e+00 -4.600000e+00 2.822104e-24
5.200000e+00 -4.400000e+00 1.013258e-22
5.200000e+00 -4.200000e+00 3.107634e-21
5.200000e+00 -4.000000e+00 8.139751e-20
5.200000e+00 -3.800000e+00 1.820438e-18
5.200000e+00 -3.600000e+00 3.475686e-17
5.200000e+00 -3.400000e+00 5.664029e-16
5.200000e+00 -3.200000e+00 7.876897e-15
5.200000e+00 -3.000000e+00 9.346699e-14
5.200000e+00 -2.800000e+00 9.461663e-13
5.200000e+00 -2.600000e+00 8.169959e-12
5.200000e+00 -2.400000e+00 6.016678e-11
5.200000e+00 -2.200000e+00 3.778537e-10
5.200000e+00 -2.000000e+00 2.023347e-09
5.200000e+00 -1.800000e+00 9.237429e-09
5.200000e+00 -1.600000e+00 3.595210e-08
5.200000e+00 -1.400000e+00 1.192759e-07
5.200000e+00 -1.200000e+00 3.372902e-07
5.200000e+00 -1.000000e+00 8.129219e-07
5.200000e+00 -8.000000e-01 1.669798e-06
5.200000e+00 -6.000000e-01 2.923004e-06
5.200000e+00 -4.000000e-01 4.360436e-06
5.200000e+00 -2.000000e-01 5.543124e-06
5.200000e+00 0.000000e+00 6.004777e-06
5.200000e+00 2.000000e-01 5.543124e-06
5.200000e+00 4.000000e-01 4.360436e-06
5.200000e+00 6.000000e-01 2.923004e-06
5.200000e+00 8.000000e-01 1.669798e-06
5.200000e+00 1.000000e+00 8.129219e-07
5.200000e+00 1.200000e+00 3.372902e-07
5.200000e+00 1.400000e+00 1.192759e-07
5.200000e+00 1.600000e+00 3.595210e-08
5.200000e+00 1.800000e+00 9.237429e-09
5.200000e+00 2.000000e+00 2.023347e-09
5.200000e+00 2.200000e+00 3.778537e-10
5.200000e+00 2.400000e+00 6.016678e-11
5.200000e+00 2.600000e+00 8.169959e-12
5.200000e+00 2.800000e+00 9.461663e-13
5.200000e+00 3.000000e+00 9.346699e-14
5.200000e+00 3.200000e+00 7.876897e-15
5.200000e+00 3.400000e+00 5.664029e-16
5.200000e+00 3.600000e+00 3.475686e-17
5.200000e+00 3.800000e+00 1.820438e-18
5.200000e+00 4.000000e+00 8.139751e-20
5.200000e+00 4.200000e+00 3.107634e-21
5.200000e+00 4.400000e+00 1.013258e-22
5.200000e+00 4.600000e+00 2.822103e-24
5.200000e+00 4.800000e+00 6.709227e-26

5.400000e+00 -5.000000e+00 0.000000e+00
5.400000e+00 -4.800000e+00 2.448908e-26
5.400000e+00 -4.600000e+00 1.029640e-24
5.400000e+00 -4.400000e+00 3.697173e-23
5.400000e+00 -4.200000e+00 1.134009e-21
5.400000e+00 -4.000000e+00 2.970530e-20
5.400000e+00 -3.800000e+00 6.644072e-19
5.400000e+00 -3.600000e+00 1.268627e-17
5.400000e+00 -3.400000e+00 2.067536e-16
5.400000e+00 -3.200000e+00 2.875518e-15
5.400000e+00 -3.000000e+00 3.412334e-14
5.400000e+00 -2.800000e+00 3.454554e-13
5.400000e+00 -2.600000e+00 2.983146e-12
5.400000e+00 -2.400000e+00 2.197051e-11
5.400000e+00 -2.200000e+00 1.379858e-10
5.400000e+00 -2.000000e+00 7.389356e-10
5.400000e+00 -1.800000e+00 3.373736e-09
5.400000e+00 -1.600000e+00 1.313125e-08
5.400000e+00 -1.400000e+00 4.356668e-08
5.400000e+00 -1.200000e+00 1.232035e-07
5.400000e+00 -1.000000e+00 2.969499e-07
5.400000e+00 -8.000000e-01 6.099735e-07
5.400000e+00 -6.000000e-01 1.067791e-06
5.400000e+00 -4.000000e-01 1.592921e-06
5.400000e+00 -2.000000e-01 2.024991e-06
5.400000e+00 0.000000e+00 2.193648e-06
5.400000e+00 2.000000e-01 2.024991e-06
5.400000e+00 4.000000e-01 1.592921e-06
5.400000e+00 6.000000e-01 1.067791e-06
5.400000e+00 8.000000e-01 6.099735e-07
5.400000e+00 1.000000e+00 2.969499e-07
5.400000e+00 1.200000e+00 1.232035e-07
5.400000e+00 1.400000e+00 4.356668e-08
5.400000e+00 1.600000e+00 1.313125e-08
5.400000e+00 1.800000e+00 3.373736e-09
5.400000e+00 2.000000e+00 7.389356e-10
5.400000e+00 2.200000e+00 1.379858e-10
5.400000e+00 2.400000e+00 2.197051e-11
5.400000e+00 2.600000e+00 2.983146e-12
5.400000e+00 2.800000e+00 3.454554e-13
5.400000e+00 3.000000e+00 3.412334e-14
5.400000e+00 3.200000e+00 2.875518e-15
5.400000e+00 3.400000e+00 2.067536e-16
5.400000e+00 3.600000e+00 1.268627e-17
5.400000e+00 3.800000e+00 6.644072e-19
5.400000e+00 4.000000e+00 2.970530e-20
5.400000e+00 4.200000e+00 1.134009e-21
5.400000e+00 4.400000e+00 3.697173e-23
5.400000e+00 4.600000e+00 1.029640e-24
5.400000e+00 4.800000e+00 2.447639e-26

5.600000e+00 -5.000000e+00 0.000000e+00
5.600000e+00 -4.800000e+00 8.569665e-27
5.600000e+00 -4.600000e+00 3.603353e-25
5.600000e+00 -4.400000e+00 1.293959e-23
5.600000e+00 -4.200000e+00 3.969140e-22
5.600000e+00 -4.000000e+00 1.039782e-20
5.600000e+00 -3.800000e+00 2.325792e-19
5.600000e+00 -3.600000e+00 4.441176e-18
5.600000e+00 -3.400000e+00 7.238421e-17
5.600000e+00 -3.200000e+00 1.006776e-15
5.600000e+00 -3.000000e+00 1.194794e-14
5.600000e+00 -2.800000e+00 1.209645e-13
5.600000e+00 -2.600000e+00 1.044632e-12
5.600000e+00 -2.400000e+00 7.693976e-12
5.600000e+00 -2.200000e+00 4.832431e-11
5.600000e+00 -2.000000e+00 2.587959e-10
5.600000e+00 -1.800000e+00 1.181625e-09
5.600000e+00 -1.600000e+00 4.599295e-09
5.600000e+00 -1.400000e+00 1.525999e-08
5.600000e+00 -1.200000e+00 4.315548e-08
5.600000e+00 -1.000000e+00 1.040177e-07
5.600000e+00 -8.000000e-01 2.136705e-07
5.600000e+00 -6.000000e-01 3.740480e-07
5.600000e+00 -4.000000e-01 5.580079e-07
5.600000e+00 -2.000000e-01 7.093696e-07
5.600000e+00 0.000000e+00 7.684531e-07
5.600000e+00 2.000000e-01 7.093696e-07
5.600000e+00 4.000000e-01 5.580079e-07
5.600000e+00 6.000000e-01 3.740480e-07
5.600000e+00 8.000000e-01 2.136705e-07
5.600000e+00 1.000000e+00 1.040177e-07
5.600000e+00 1.200000e+00 4.315548e-08
5.600000e+00 1.400000e+00 1.525999e-08
5.600000e+00 1.600000e+00 4.599295e-09
5.600000e+00 1.800000e+00 1.181625e-09
5.600000e+00 2.000000e+00 2.587959e-10
5.600000e+00 2.200000e+00 4.832431e-11
5.600000e+00 2.400000e+00 7.693976e-12
5.600000e+00 2.600000e+00 1.044632e-12
5.600000e+00 2.800000e+00 1.209645e-13
5.600000e+00 3.000000e+00 1.194794e-14
5.600000e+00 3.200000e+00 1.006776e-15
5.600000e+00 3.400000e+00 7.238421e-17
5.600000e+00 3.600000e+00 4.441176e-18
5.600000e+00 3.800000e+00 2.325792e-19
5.600000e+00 4.000000e+00 1.039782e-20
5.600000e+00 4.200000e+00 3.969140e-22
5.600000e+00 4.400000e+00 1.293959e-23
5.600000e+00 4.600000e+00 3.603352e-25
5.600000e+00 4.800000e+00 8.565226e-27

5.800000e+00 -5.000000e+00 0.000000e+00
5.800000e+00 -4.800000e+00 2.876781e-27
5.800000e+00 -4.600000e+00 1.209689e-25
5.800000e+00 -4.400000e+00 4.344211e-24
5.800000e+00 -4.200000e+00 1.332630e-22
5.800000e+00 -4.000000e+00 3.491229e-21
5.800000e+00 -3.800000e+00 7.809601e-20
5.800000e+00 -3.600000e+00 1.491342e-18
5.800000e+00 -3.400000e+00 2.430771e-17
5.800000e+00 -3.200000e+00 3.381061e-16
5.800000e+00 -3.000000e+00 4.012664e-15
5.800000e+00 -2.800000e+00 4.062712e-14
5.800000e+00 -2.600000e+00 3.508644e-13
5.800000e+00 -2.400000e+00 2.584304e-12
5.800000e+00 -2.200000e+00 1.623208e-11
5.800000e+00 -2.000000e+00 8.693218e-11
5.800000e+00 -1.800000e+00 3.969325e-10
5.800000e+00 -1.600000e+00 1.545043e-09
5.800000e+00 -1.400000e+00 5.126426e-09
5.800000e+00 -1.200000e+00 1.449793e-08
5.800000e+00 -1.000000e+00 3.494507e-08
5.800000e+00 -8.000000e-01 7.178438e-08
5.800000e+00 -6.000000e-01 1.256661e-07
5.800000e+00 -4.000000e-01 1.874715e-07
5.800000e+00 -2.000000e-01 2.383251e-07
5.800000e+00 0.000000e+00 2.581757e-07
5.800000e+00 2.000000e-01 2.383251e-07
5.800000e+00 4.000000e-01 1.874715e-07
5.800000e+00 6.000000e-01 1.256661e-07
5.800000e+00 8.000000e-01 7.178438e-08
5.800000e+00 1.000000e+00 3.494507e-08
5.800000e+00 1.200000e+00 1.449793e-08
5.800000e+00 1.400000e+00 5.126426e-09
5.800000e+00 1.600000e+00 1.545043e-09
5.800000e+00 1.800000e+00 3.969325e-10
5.800000e+00 2.000000e+00 8.693218e-11
5.800000e+00 2.200000e+00 1.623208e-11
5.800000e+00 2.400000e+00 2.584304e-12
5.800000e+00 2.600000e+00 3.508644e-13
5.800000e+00 2.800000e+00 4.062712e-14
5.800000e+00 3.000000e+00 4.012664e-15
5.800000e+00 3.200000e+00 3.381061e-16
5.800000e+00 3.400000e+00 2.430771e-17
5.800000e+00 3.600000e+00 1.491342e-18
5.800000e+00 3.800000e+00 7.809601e-20
5.800000e+00 4.000000e+00 3.491229e-21
5.800000e+00 4.200000e+00 1.332630e-22
5.800000e+00 4.400000e+00 4.344211e-24
5.800000e+00 4.600000e+00 1.209688e-25
5.800000e+00 4.800000e+00 2.875291e-27

6.000000e+00 -5.000000e+00 0.000000e+00
6.000000e+00 -4.800000e+00 9.264820e-28
6.000000e+00 -4.600000e+00 3.896034e-26
6.000000e+00 -4.400000e+00 1.399196e-24
6.000000e+00 -4.200000e+00 4.292356e-23
6.000000e+00 -4.000000e+00 1.124559e-21
6.000000e+00 -3.800000e+00 2.515648e-20
6.000000e+00 -3.600000e+00 4.804135e-19
6.000000e+00 -3.400000e+00 7.830656e-18
6.000000e+00 -3.200000e+00 1.089238e-16
6.000000e+00 -3.000000e+00 1.292759e-15
6.000000e+00 -2.800000e+00 1.308927e-14
6.000000e+00 -2.600000e+00 1.130452e-13
6.000000e+00 -2.400000e+00 8.326632e-13
6.000000e+00 -2.200000e+00 5.230125e-12
6.000000e+00 -2.000000e+00 2.801107e-11
6.000000e+00 -1.800000e+00 1.279016e-10
6.000000e+00 -1.600000e+00 4.978624e-10
6.000000e+00 -1.400000e+00 1.651931e-09
6.000000e+00 -1.200000e+00 4.671870e-09
6.000000e+00 -1.000000e+00 1.126100e-08
6.000000e+00 -8.000000e-01 2.313269e-08
6.000000e+00 -6.000000e-01 4.049660e-08
6.000000e+00 -4.000000e-01 6.041412e-08
6.000000e+00 -2.000000e-01 7.680241e-08
6.000000e+00 0.000000e+00 8.319956e-08
6.000000e+00 2.000000e-01 7.680241e-08
6.000000e+00 4.000000e-01 6.041412e-08
6.000000e+00 6.000000e-01 4.049660e-08
6.000000e+00 8.000000e-01 2.313269e-08
6.000000e+00 1.000000e+00 1.126100e-08
6.000000e+00 1.200000e+00 4.671870e-09
6.000000e+00 1.400000e+00 1.651931e-09
6.000000e+00 1.600000e+00 4.978624e-10
6.000000e+00 1.800000e+00 1.279016e-10
6.000000e+00 2.000000e+00 2.801107e-11
6.000000e+00 2.200000e+00 5.230125e-12
6.000000e+00 2.400000e+00 8.326632e-13
6.000000e+00 2.600000e+00 1.130452e-13
6.000000e+00 2.800000e+00 1.308927e-14
6.000000e+00 3.000000e+00 1.292759e-15
6.000000e+00 3.200000e+00 1.089238e-16
6.000000e+00 3.400000e+00 7.830656e-18
6.000000e+00 3.600000e+00 4.804135e-19
6.000000e+00 3.800000e+00 2.515648e-20
6.000000e+00 4.000000e+00 1.124559e-21
6.000000e+00 4.200000e+00 4.292356e-23
6.000000e+00 4.400000e+00 1.399196e-24
6.000000e+00 4.600000e+00 3.896033e-26
6.000000e+00 4.800000e+00 9.260022e-28

6.200000e+00 -5.000000e+00 0.000000e+00
6.200000e+00 -4.800000e+00 2.862792e-28
6.200000e+00 -4.600000e+00 1.203901e-26
6.200000e+00 -4.400000e+00 4.323758e-25
6.200000e+00 -4.200000e+00 1.326456e-23
6.200000e+00 -4.000000e+00 3.475308e-22
6.200000e+00 -3.800000e+00 7.774540e-21
6.200000e+00 -3.600000e+00 1.484749e-19
6.200000e+00 -3.400000e+00 2.420186e-18
6.200000e+00 -3.200000e+00 3.366555e-17
6.200000e+00 -3.000000e+00 3.995695e-16
6.200000e+00 -2.800000e+00 4.045768e-15
6.200000e+00 -2.600000e+00 3.494206e-14
6.200000e+00 -2.400000e+00 2.573805e-13
6.200000e+00 -2.200000e+00 1.616693e-12
6.200000e+00 -2.000000e+00 8.658724e-12
6.200000e+00 -1.800000e+00 3.953741e-11
6.200000e+00 -1.600000e+00 1.539035e-10
6.200000e+00 -1.400000e+00 5.106668e-10
6.200000e+00 -1.200000e+00 1.444249e-09
6.200000e+00 -1.000000e+00 3.481232e-09
6.200000e+00 -8.000000e-01 7.151320e-09
6.200000e+00 -6.000000e-01 1.251935e-08
6.200000e+00 -4.000000e-01 1.867686e-08
6.200000e+00 -2.000000e-01 2.374332e-08
6.200000e+00 0.000000e+00 2.572102e-08
6.200000e+00 2.000000e-01 2.374332e-08
6.200000e+00 4.000000e-01 1.867686e-08
6.200000e+00 6.000000e-01 1.251935e-08
6.200000e+00 8.000000e-01 7.151320e-09
6.200000e+00 1.000000e+00 3.481232e-09
6.200000e+00 1.200000e+00 1.444249e-09
6.200000e+00 1.400000e+00 5.106668e-10
6.200000e+00 1.600000e+00 1.539035e-10
6.200000e+00 1.800000e+00 3.953741e-11
6.200000e+00 2.000000e+00 8.658724e-12
6.200000e+00 2.200000e+00 1.616693e-12
6.200000e+00 2.400000e+00 2.573805e-13
6.200000e+00 2.600000e+00 3.494206e-14
6.200000e+00 2.800000e+00 4.045768e-15
6.200000e+00 3.000000e+00 3.995695e-16
6.200000e+00 3.200000e+00 3.366555e-17
6.200000e+00 3.400000e+00 2.420186e-18
6.200000e+00 3.600000e+00 1.484749e-19
6.200000e+00 3.800000e+00 7.774540e-21
6.200000e+00 4.000000e+00 3.475308e-22
6.200000e+00 4.200000e+00 1.326456e-23
6.200000e+00 4.400000e+00 4.323758e-25
6.200000e+00 4.600000e+00 1.203900e-26
6.200000e+00 4.800000e+00 2.861309e-28

6.400000e+00 -5.000000e+00 0.000000e+00
6.400000e+00 -4.800000e+00 8.487891e-29
6.400000e+00 -4.600000e+00 3.569543e-27
6.400000e+00 -4.400000e+00 1.282021e-25
6.400000e+00 -4.200000e+00 3.933127e-24
6.400000e+00 -4.000000e+00 1.030503e-22
6.400000e+00 -3.800000e+00 2.305375e-21
6.400000e+00 -3.600000e+00 4.402815e-20
6.400000e+00 -3.400000e+00 7.176886e-19
6.400000e+00 -3.200000e+00 9.983494e-18
6.400000e+00 -3.000000e+00 1.184945e-16
6.400000e+00 -2.800000e+00 1.199819e-15
6.400000e+00 -2.600000e+00 1.036266e-14
6.400000e+00 -2.400000e+00 7.633192e-14
6.400000e+00 -2.200000e+00 4.794743e-13
6.400000e+00 -2.000000e+00 2.568019e-12
6.400000e+00 -1.800000e+00 1.172624e-11
6.400000e+00 -1.600000e+00 4.564620e-11
6.400000e+00 -1.400000e+00 1.514602e-10
6.400000e+00 -1.200000e+00 4.283584e-10
6.400000e+00 -1.000000e+00 1.032528e-09
6.400000e+00 -8.000000e-01 2.121085e-09
6.400000e+00 -6.000000e-01 3.713265e-09
6.400000e+00 -4.000000e-01 5.539617e-09
6.400000e+00 -2.000000e-01 7.042364e-09
6.400000e+00 0.000000e+00 7.628962e-09
6.400000e+00 2.000000e-01 7.042364e-09
6.400000e+00 4.000000e-01 5.539617e-09
6.400000e+00 6.000000e-01 3.713265e-09
6.400000e+00 8.000000e-01 2.121085e-09
6.400000e+00 1.000000e+00 1.032528e-09
6.400000e+00 1.200000e+00 4.283584e-10
6.400000e+00 1.400000e+00 1.514602e-10
6.400000e+00 1.600000e+00 4.564620e-11
6.400000e+00 1.800000e+00 1.172624e-11
6.400000e+00 2.000000e+00 2.568019e-12
6.400000e+00 2.200000e+00 4.794743e-13
6.400000e+00 2.400000e+00 7.633192e-14
6.400000e+00 2.600000e+00 1.036266e-14
6.400000e+00 2.800000e+00 1.199819e-15
6.400000e+00 3.000000e+00 1.184945e-16
6.400000e+00 3.200000e+00 9.983494e-18
6.400000e+00 3.400000e+00 7.176886e-19
6.400000e+00 3.600000e+00 4.402815e-20
6.400000e+00 3.800000e+00 2.305375e-21
6.400000e+00 4.000000e+00 1.030503e-22
6.400000e+00 4.200000e+00 3.933127e-24
6.400000e+00 4.400000e+00 1.282021e-25
6.400000e+00 4.600000e+00 3.569542e-27
6.400000e+00 4.800000e+00 8.483495e-29

6.600000e+00 -5.000000e+00 0.000000e+00
6.600000e+00 -4.800000e+00 2.414906e-29
6.600000e+00 -4.600000e+00 1.015600e-27
6.600000e+00 -4.400000e+00 3.647660e-26
6.600000e+00 -4.200000e+00 1.119093e-24
6.600000e+00 -4.000000e+00 2.932153e-23
6.600000e+00 -3.800000e+00 6.559750e-22
6.600000e+00 -3.600000e+00 1.252807e-20
6.600000e+00 -3.400000e+00 2.042198e-19
6.600000e+00 -3.200000e+00 2.840873e-18
6.600000e+00 -3.000000e+00 3.371900e-17
6.600000e+00 -2.800000e+00 3.414277e-16
6.600000e+00 -2.600000e+00 2.948906e-15
6.600000e+00 -2.400000e+00 2.172210e-14
6.600000e+00 -2.200000e+00 1.364478e-13
6.600000e+00 -2.000000e+00 7.308102e-13
6.600000e+00 -1.800000e+00 3.337104e-12
6.600000e+00 -1.600000e+00 1.299032e-11
6.600000e+00 -1.400000e+00 4.310401e-11
6.600000e+00 -1.200000e+00 1.219073e-10
6.600000e+00 -1.000000e+00 2.938510e-10
6.600000e+00 -8.000000e-01 6.036506e-10
6.600000e+00 -6.000000e-01 1.056782e-09
6.600000e+00 -4.000000e-01 1.576560e-09
6.600000e+00 -2.000000e-01 2.004241e-09
6.600000e+00 0.000000e+00 2.171187e-09
6.600000e+00 2.000000e-01 2.004241e-09
6.600000e+00 4.000000e-01 1.576560e-09
6.600000e+00 6.000000e-01 1.056782e-09
6.600000e+00 8.000000e-01 6.036506e-10
6.600000e+00 1.000000e+00 2.938510e-10
6.600000e+00 1.200000e+00 1.219073e-10
6.600000e+00 1.400000e+00 4.310401e-11
6.600000e+00 1.600000e+00 1.299032e-11
6.600000e+00 1.800000e+00 3.337104e-12
6.600000e+00 2.000000e+00 7.308102e-13
6.600000e+00 2.200000e+00 1.364478e-13
6.600000e+00 2.400000e+00 2.172210e-14
6.600000e+00 2.600000e+00 2.948906e-15
6.600000e+00 2.800000e+00 3.414277e-16
6.600000e+00 3.000000e+00 3.371900e-17
6.600000e+00 3.200000e+00 2.840873e-18
6.600000e+00 3.400000e+00 2.042198e-19
6.600000e+00 3.600000e+00 1.252807e-20
6.600000e+00 3.800000e+00 6.559750e-22
6.600000e+00 4.000000e+00 2.932153e-23
6.600000e+00 4.200000e+00 1.119093e-24
6.600000e+00 4.400000e+00 3.647660e-26
6.600000e+00 4.600000e+00 1.015600e-27
6.600000e+00 4.800000e+00 2.413656e-29

6.800000e+00 -5.000000e+00 0.000000e+00
6.800000e+00 -4.800000e+00 6.593610e-30
6.800000e+00 -4.600000e+00 2.773022e-28
6.800000e+00 -4.400000e+00 9.959842e-27
6.800000e+00 -4.200000e+00 3.055706e-25
6.800000e+00 -4.000000e+00 8.006429e-24
6.800000e+00 -3.800000e+00 1.791209e-22
6.800000e+00 -3.600000e+00 3.420974e-21
6.800000e+00 -3.400000e+00 5.576598e-20
6.800000e+00 -3.200000e+00 7.757634e-19
6.800000e+00 -3.000000e+00 9.207841e-18
6.800000e+00 -2.800000e+00 9.323678e-17
6.800000e+00 -2.600000e+00 8.052938e-16
6.800000e+00 -2.400000e+00 5.931983e-15
6.800000e+00 -2.200000e+00 3.726225e-14
6.800000e+00 -2.000000e+00 1.995773e-13
6.800000e+00 -1.800000e+00 9.113390e-13
6.800000e+00 -1.600000e+00 3.547590e-12
6.800000e+00 -1.400000e+00 1.177156e-11
6.800000e+00 -1.200000e+00 3.329267e-11
6.800000e+00 -1.000000e+00 8.025061e-11
6.800000e+00 -8.000000e-01 1.648575e-10
6.800000e+00 -6.000000e-01 2.886089e-10
6.800000e+00 -4.000000e-01 4.305621e-10
6.800000e+00 -2.000000e-01 5.473636e-10
6.800000e+00 0.000000e+00 5.929572e-10
6.800000e+00 2.000000e-01 5.473636e-10
6.800000e+00 4.000000e-01 4.305621e-10
6.800000e+00 6.000000e-01 2.886089e-10
6.800000e+00 8.000000e-01 1.648575e-10
6.800000e+00 1.000000e+00 8.025061e-11
6.800000e+00 1.200000e+00 3.329267e-11
6.800000e+00 1.400000e+00 1.177156e-11
6.800000e+00 1.600000e+00 3.547590e-12
6.800000e+00 1.800000e+00 9.113390e-13
6.800000e+00 2.000000e+00 1.995773e-13
6.800000e+00 2.200000e+00 3.726225e-14
6.800000e+00 2.400000e+00 5.931983e-15
6.800000e+00 2.600000e+00 8.052938e-16
6.800000e+00 2.800000e+00 9.323678e-17
6.800000e+00 3.000000e+00 9.207841e-18
6.800000e+00 3.200000e+00 7.757634e-19
6.800000e+00 3.400000e+00 5.576598e-20
6.800000e+00 3.600000e+00 3.420974e-21
6.800000e+00 3.800000e+00 1.791209e-22
6.800000e+00 4.000000e+00 8.006429e-24
6.800000e+00 4.200000e+00 3.055706e-25
6.800000e+00 4.400000e+00 9.959842e-27
6.800000e+00 4.600000e+00 2.773021e-28
6.800000e+00 4.800000e+00 6.590195e-30

7.000000e+00 -5.000000e+00 0.000000e+00
7.000000e+00 -4.800000e+00 1.727823e-30
7.000000e+00 -4.600000e+00 7.266670e-29
7.000000e+00 -4.400000e+00 2.610000e-27
7.000000e+00 -4.200000e+00 8.007655e-26
7.000000e+00 -4.000000e+00 2.098158e-24
7.000000e+00 -3.800000e+00 4.694084e-23
7.000000e+00 -3.600000e+00 8.965190e-22
7.000000e+00 -3.400000e+00 1.461450e-20
7.000000e+00 -3.200000e+00 2.033053e-19
7.000000e+00 -3.000000e+00 2.413135e-18
7.000000e+00 -2.800000e+00 2.443516e-17
7.000000e+00 -2.600000e+00 2.110505e-16
7.000000e+00 -2.400000e+00 1.554661e-15
7.000000e+00 -2.200000e+00 9.765807e-15
7.000000e+00 -2.000000e+00 5.230623e-14
7.000000e+00 -1.800000e+00 2.388499e-13
7.000000e+00 -1.600000e+00 9.297820e-13
7.000000e+00 -1.400000e+00 3.085205e-12
7.000000e+00 -1.200000e+00 8.725708e-12
7.000000e+00 -1.000000e+00 2.103304e-11
7.000000e+00 -8.000000e-01 4.320796e-11
7.000000e+00 -6.000000e-01 7.564249e-11
7.000000e+00 -4.000000e-01 1.128477e-10
7.000000e+00 -2.000000e-01 1.434608e-10
7.000000e+00 0.000000e+00 1.554107e-10
7.000000e+00 2.000000e-01 1.434608e-10
7.000000e+00 4.000000e-01 1.128477e-10
7.000000e+00 6.000000e-01 7.564249e-11
7.000000e+00 8.000000e-01 4.320796e-11
7.000000e+00 1.000000e+00 2.103304e-11
7.000000e+00 1.200000e+00 8.725708e-12
7.000000e+00 1.400000e+00 3.085205e-12
7.000000e+00 1.600000e+00 9.297820e-13
7.000000e+00 1.800000e+00 2.388499e-13
7.000000e+00 2.000000e+00 5.230623e-14
7.000000e+00 2.200000e+00 9.765807e-15
7.000000e+00 2.400000e+00 1.554661e-15
7.000000e+00 2.600000e+00 2.110505e-16
7.000000e+00 2.800000e+00 2.443516e-17
7.000000e+00 3.000000e+00 2.413135e-18
7.000000e+00 3.200000e+00 2.033053e-19
7.000000e+00 3.400000e+00 1.461450e-20
7.000000e+00 3.600000e+00 8.965190e-22
7.000000e+00 3.800000e+00 4.694084e-23
7.000000e+00 4.000000e+00 2.098158e-24
7.000000e+00 4.200000e+00 8.007655e-26
7.000000e+00 4.400000e+00 2.610000e-27
7.000000e+00 4.600000e+00 7.266668e-29
7.000000e+00 4.800000e+00 1.726928e-30

7.200000e+00 -5.000000e+00 0.000000e+00
7.200000e+00 -4.800000e+00 4.345675e-31
7.200000e+00 -4.600000e+00 1.827672e-29
7.200000e+00 -4.400000e+00 6.564598e-28
7.200000e+00 -4.200000e+00 2.014084e-26
7.200000e+00 -4.000000e+00 5.277337e-25
7.200000e+00 -3.800000e+00 1.180679e-23
7.200000e+00 -3.600000e+00 2.254989e-22
7.200000e+00 -3.400000e+00 3.675978e-21
7.200000e+00 -3.200000e+00 5.113770e-20
7.200000e+00 -3.000000e+00 6.069846e-19
7.200000e+00 -2.800000e+00 6.146313e-18
7.200000e+00 -2.600000e+00 5.308708e-17
7.200000e+00 -2.400000e+00 3.910579e-16
7.200000e+00 -2.200000e+00 2.456497e-15
7.200000e+00 -2.000000e+00 1.315722e-14
7.200000e+00 -1.800000e+00 6.008111e-14
7.200000e+00 -1.600000e+00 2.338816e-13
7.200000e+00 -1.400000e+00 7.760699e-13
7.200000e+00 -1.200000e+00 2.194921e-12
7.200000e+00 -1.000000e+00 5.290804e-12
7.200000e+00 -8.000000e-01 1.086887e-11
7.200000e+00 -6.000000e-01 1.902775e-11
7.200000e+00 -4.000000e-01 2.838670e-11
7.200000e+00 -2.000000e-01 3.608743e-11
7.200000e+00 0.000000e+00 3.909342e-11
7.200000e+00 2.000000e-01 3.608743e-11
7.200000e+00 4.000000e-01 2.838670e-11
7.200000e+00 6.000000e-01 1.902775e-11
7.200000e+00 8.000000e-01 1.086887e-11
7.200000e+00 1.000000e+00 5.290804e-12
7.200000e+00 1.200000e+00 2.194921e-12
7.200000e+00 1.400000e+00 7.760699e-13
7.200000e+00 1.600000e+00 2.338816e-13
7.200000e+00 1.800000e+00 6.008111e-14
7.200000e+00 2.000000e+00 1.315722e-14
7.200000e+00 2.200000e+00 2.456497e-15
7.200000e+00 2.400000e+00 3.910579e-16
7.200000e+00 2.600000e+00 5.308708e-17
7.200000e+00 2.800000e+00 6.146313e-18
7.200000e+00 3.000000e+00 6.069846e-19
7.200000e+00 3.200000e+00 5.113770e-20
7.200000e+00 3.400000e+00 3.675978e-21
7.200000e+00 3.600000e+00 2.254989e-22
7.200000e+00 3.800000e+00 1.180679e-23
7.200000e+00 4.000000e+00 5.277337e-25
7.200000e+00 4.200000e+00 2.014084e-26
7.200000e+00 4.400000e+00 6.564598e-28
7.200000e+00 4.600000e+00 1.827672e-29
7.200000e+00 4.800000e+00 4.343425e-31

7.400000e+00 -5.000000e+00 0.000000e+00
7.400000e+00 -4.800000e+00 1.049119e-31
7.400000e+00 -4.600000e+00 4.412346e-30
7.400000e+00 -4.400000e+00 1.584832e-28
7.400000e+00 -4.200000e+00 4.862464e-27
7.400000e+00 -4.000000e+00 1.274081e-25
7.400000e+00 -3.800000e+00 2.850477e-24
7.400000e+00 -3.600000e+00 5.444192e-23
7.400000e+00 -3.400000e+00 8.874931e-22
7.400000e+00 -3.200000e+00 1.234628e-20
7.400000e+00 -3.000000e+00 1.465465e-19
7.400000e+00 -2.800000e+00 1.483936e-18
7.400000e+00 -2.600000e+00 1.281716e-17
7.400000e+00 -2.400000e+00 9.441616e-17
7.400000e+00 -2.200000e+00 5.930943e-16
7.400000e+00 -2.000000e+00 3.176680e-15
7.400000e+00 -1.800000e+00 1.450605e-14
7.400000e+00 -1.600000e+00 5.646884e-14
7.400000e+00 -1.400000e+00 1.873765e-13
7.400000e+00 -1.200000e+00 5.299495e-13
7.400000e+00 -1.000000e+00 1.277433e-12
7.400000e+00 -8.000000e-01 2.624230e-12
7.400000e+00 -6.000000e-01 4.594154e-12
7.400000e+00 -4.000000e-01 6.853833e-12
7.400000e+00 -2.000000e-01 8.713142e-12
7.400000e+00 0.000000e+00 9.438927e-12
7.400000e+00 2.000000e-01 8.713142e-12
7.400000e+00 4.000000e-01 6.853833e-12
7.400000e+00 6.000000e-01 4.594154e-12
7.400000e+00 8.000000e-01 2.624230e-12
7.400000e+00 1.000000e+00 1.277433e-12
7.400000e+00 1.200000e+00 5.299495e-13
7.400000e+00 1.400000e+00 1.873765e-13
7.400000e+00 1.600000e+00 5.646884e-14
7.400000e+00 1.800000e+00 1.450605e-14
7.400000e+00 2.000000e+00 3.176680e-15
7.400000e+00 2.200000e+00 5.930943e-16
7.400000e+00 2.400000e+00 9.441616e-17
7.400000e+00 2.600000e+00 1.281716e-17
7.400000e+00 2.800000e+00 1.483936e-18
7.400000e+00 3.000000e+00 1.465465e-19
7.400000e+00 3.200000e+00 1.234628e-20
7.400000e+00 3.400000e+00 8.874931e-22
7.400000e+00 3.600000e+00 5.444192e-23
7.400000e+00 3.800000e+00 2.850477e-24
7.400000e+00 4.000000e+00 1.274081e-25
7.400000e+00 4.200000e+00 4.862464e-27
7.400000e+00 4.400000e+00 1.584832e-28
7.400000e+00 4.600000e+00 4.412345e-30
7.400000e+00 4.800000e+00 1.048575e-31

7.600000e+00 -5.000000e+00 0.000000e+00
7.600000e+00 -4.800000e+00 2.431237e-32
7.600000e+00 -4.600000e+00 1.022529e-30
7.600000e+00 -4.400000e+00 3.672757e-29
7.600000e+00 -4.200000e+00 1.126856e-27
7.600000e+00 -4.000000e+00 2.952649e-26
7.600000e+00 -3.800000e+00 6.605946e-25
7.600000e+00 -3.600000e+00 1.261693e-23
7.600000e+00 -3.400000e+00 2.056779e-22
7.600000e+00 -3.200000e+00 2.861286e-21
7.600000e+00 -3.000000e+00 3.396274e-20
7.600000e+00 -2.800000e+00 3.439098e-19
7.600000e+00 -2.600000e+00 2.970456e-18
7.600000e+00 -2.400000e+00 2.188162e-17
7.600000e+00 -2.200000e+00 1.374544e-16
7.600000e+00 -2.000000e+00 7.362238e-16
7.600000e+00 -1.800000e+00 3.361917e-15
7.600000e+00 -1.600000e+00 1.308724e-14
7.600000e+00 -1.400000e+00 4.342655e-14
7.600000e+00 -1.200000e+00 1.228219e-13
7.600000e+00 -1.000000e+00 2.960604e-13
7.600000e+00 -8.000000e-01 6.081975e-13
7.600000e+00 -6.000000e-01 1.064753e-12
7.600000e+00 -4.000000e-01 1.588463e-12
7.600000e+00 -2.000000e-01 2.019383e-12
7.600000e+00 0.000000e+00 2.187593e-12
7.600000e+00 2.000000e-01 2.019383e-12
7.600000e+00 4.000000e-01 1.588463e-12
7.600000e+00 6.000000e-01 1.064753e-12
7.600000e+00 8.000000e-01 6.081975e-13
7.600000e+00 1.000000e+00 2.960604e-13
7.600000e+00 1.200000e+00 1.228219e-13
7.600000e+00 1.400000e+00 4.342655e-14
7.600000e+00 1.600000e+00 1.308724e-14
7.600000e+00 1.800000e+00 3.361917e-15
7.600000e+00 2.000000e+00 7.362238e-16
7.600000e+00 2.200000e+00 1.374544e-16
7.600000e+00 2.400000e+00 2.188162e-17
7.600000e+00 2.600000e+00 2.970456e-18
7.600000e+00 2.800000e+00 3.439098e-19
7.600000e+00 3.000000e+00 3.396274e-20
7.600000e+00 3.200000e+00 2.861286e-21
7.600000e+00 3.400000e+00 2.056779e-22
7.600000e+00 3.600000e+00 1.261693e-23
7.600000e+00 3.800000e+00 6.605946e-25
7.600000e+00 4.000000e+00 2.952649e-26
7.600000e+00 4.200000e+00 1.126856e-27
7.600000e+00 4.400000e+00 3.672757e-29
7.600000e+00 4.600000e+00 1.022528e-30
7.600000e+00 4.800000e+00 2.429978e-32

7.800000e+00 -5.000000e+00 0.000000e+00
7.800000e+00 -4.800000e+00 5.408663e-33
7.800000e+00 -4.600000e+00 2.274786e-31
7.800000e+00 -4.400000e+00 8.170710e-30
7.800000e+00 -4.200000e+00 2.506907e-28
7.800000e+00 -4.000000e+00 6.568772e-27
7.800000e+00 -3.800000e+00 1.469635e-25
7.800000e+00 -3.600000e+00 2.806921e-24
7.800000e+00 -3.400000e+00 4.575791e-23
7.800000e+00 -3.200000e+00 6.365635e-22
7.800000e+00 -3.000000e+00 7.555880e-21
7.800000e+00 -2.800000e+00 7.651182e-20
7.800000e+00 -2.600000e+00 6.608589e-19
7.800000e+00 -2.400000e+00 4.868179e-18
7.800000e+00 -2.200000e+00 3.058067e-17
7.800000e+00 -2.000000e+00 1.637946e-16
7.800000e+00 -1.800000e+00 7.479590e-16
7.800000e+00 -1.600000e+00 2.911655e-15
7.800000e+00 -1.400000e+00 9.661578e-15
7.800000e+00 -1.200000e+00 2.732557e-14
7.800000e+00 -1.000000e+00 6.586800e-14
7.800000e+00 -8.000000e-01 1.353130e-13
7.800000e+00 -6.000000e-01 2.368885e-13
7.800000e+00 -4.000000e-01 3.534050e-13
7.800000e+00 -2.000000e-01 4.492772e-13
7.800000e+00 0.000000e+00 4.867011e-13
7.800000e+00 2.000000e-01 4.492772e-13
7.800000e+00 4.000000e-01 3.534050e-13
7.800000e+00 6.000000e-01 2.368885e-13
7.800000e+00 8.000000e-01 1.353130e-13
7.800000e+00 1.000000e+00 6.586800e-14
7.800000e+00 1.200000e+00 2.732557e-14
7.800000e+00 1.400000e+00 9.661578e-15
7.800000e+00 1.600000e+00 2.911655e-15
7.800000e+00 1.800000e+00 7.479590e-16
7.800000e+00 2.000000e+00 1.637946e-16
7.800000e+00 2.200000e+00 3.058067e-17
7.800000e+00 2.400000e+00 4.868179e-18
7.800000e+00 2.600000e+00 6.608589e-19
7.800000e+00 2.800000e+00 7.651182e-20
7.800000e+00 3.000000e+00 7.555880e-21
7.800000e+00 3.200000e+00 6.365635e-22
7.800000e+00 3.400000e+00 4.575791e-23
7.800000e+00 3.600000e+00 2.806921e-24
7.800000e+00 3.800000e+00 1.469635e-25
7.800000e+00 4.000000e+00 6.568772e-27
7.800000e+00 4.200000e+00 2.506907e-28
7.800000e+00 4.400000e+00 8.170710e-30
7.800000e+00 4.600000e+00 2.274786e-31
7.800000e+00 4.800000e+00 5.405862e-33

8.000000e+00 -5.000000e+00 0.000000e+00
8.000000e+00 -4.800000e+00 1.155142e-33
8.000000e+00 -4.600000e+00 4.858344e-32
8.000000e+00 -4.400000e+00 1.745056e-30
8.000000e+00 -4.200000e+00 5.354142e-29
8.000000e+00 -4.000000e+00 1.402935e-27
8.000000e+00 -3.800000e+00 3.138808e-26
8.000000e+00 -3.600000e+00 5.994971e-25
8.000000e+00 -3.400000e+00 9.772929e-24
8.000000e+00 -3.200000e+00 1.359571e-22
8.000000e+00 -3.000000e+00 1.613788e-21
8.000000e+00 -2.800000e+00 1.634148e-20
8.000000e+00 -2.600000e+00 1.411474e-19
8.000000e+00 -2.400000e+00 1.039757e-18
8.000000e+00 -2.200000e+00 6.531508e-18
8.000000e+00 -2.000000e+00 3.498380e-17
8.000000e+00 -1.800000e+00 1.597520e-16
8.000000e+00 -1.600000e+00 6.218835e-16
8.000000e+00 -1.400000e+00 2.063564e-15
8.000000e+00 -1.200000e+00 5.836329e-15
8.000000e+00 -1.000000e+00 1.406843e-14
8.000000e+00 -8.000000e-01 2.890087e-14
8.000000e+00 -6.000000e-01 5.059597e-14
8.000000e+00 -4.000000e-01 7.548225e-14
8.000000e+00 -2.000000e-01 9.595921e-14
8.000000e+00 0.000000e+00 1.039524e-13
8.000000e+00 2.000000e-01 9.595921e-14
8.000000e+00 4.000000e-01 7.548225e-14
8.000000e+00 6.000000e-01 5.059597e-14
8.000000e+00 8.000000e-01 2.890087e-14
8.000000e+00 1.000000e+00 1.406843e-14
8.000000e+00 1.200000e+00 5.836329e-15
8.000000e+00 1.400000e+00 2.063564e-15
8.000000e+00 1.600000e+00 6.218835e-16
8.000000e+00 1.800000e+00 1.597520e-16
8.000000e+00 2.000000e+00 3.498380e-17
8.000000e+00 2.200000e+00 6.531508e-18
8.000000e+00 2.400000e+00 1.039757e-18
8.000000e+00 2.600000e+00 1.411474e-19
8.000000e+00 2.800000e+00 1.634148e-20
8.000000e+00 3.000000e+00 1.613788e-21
8.000000e+00 3.200000e+00 1.359571e-22
8.000000e+00 3.400000e+00 9.772929e-24
8.000000e+00 3.600000e+00 5.994971e-25
8.000000e+00 3.800000e+00 3.138808e-26
8.000000e+00 4.000000e+00 1.402935e-27
8.000000e+00 4.200000e+00 5.354142e-29
8.000000e+00 4.400000e+00 1.745056e-30
8.000000e+00 4.600000e+00 4.858343e-32
8.000000e+00 4.800000e+00 1.154544e-33

8.200000e+00 -5.000000e+00 0.000000e+00
8.200000e+00 -4.800000e+00 2.368568e-34
8.200000e+00 -4.600000e+00 9.961859e-33
8.200000e+00 -4.400000e+00 3.578189e-31
8.200000e+00 -4.200000e+00 1.097856e-29
8.200000e+00 -4.000000e+00 2.876699e-28
8.200000e+00 -3.800000e+00 6.436103e-27
8.200000e+00 -3.600000e+00 1.229268e-25
8.200000e+00 -3.400000e+00 2.003945e-24
8.200000e+00 -3.200000e+00 2.787816e-23
8.200000e+00 -3.000000e+00 3.309101e-22
8.200000e+00 -2.800000e+00 3.350857e-21
8.200000e+00 -2.600000e+00 2.894266e-20
8.200000e+00 -2.400000e+00 2.132055e-19
8.200000e+00 -2.200000e+00 1.339309e-18
8.200000e+00 -2.000000e+00 7.173568e-18
8.200000e+00 -1.800000e+00 3.275783e-17
8.200000e+00 -1.600000e+00 1.275201e-16
8.200000e+00 -1.400000e+00 4.231440e-16
8.200000e+00 -1.200000e+00 1.196770e-15
8.200000e+00 -1.000000e+00 2.884807e-15
8.200000e+00 -8.000000e-01 5.926284e-15
8.200000e+00 -6.000000e-01 1.037499e-14
8.200000e+00 -4.000000e-01 1.547807e-14
8.200000e+00 -2.000000e-01 1.967699e-14
8.200000e+00 0.000000e+00 2.131605e-14
8.200000e+00 2.000000e-01 1.967699e-14
8.200000e+00 4.000000e-01 1.547807e-14
8.200000e+00 6.000000e-01 1.037499e-14
8.200000e+00 8.000000e-01 5.926284e-15
8.200000e+00 1.000000e+00 2.884807e-15
8.200000e+00 1.200000e+00 1.196770e-15
8.200000e+00 1.400000e+00 4.231440e-16
8.200000e+00 1.600000e+00 1.275201e-16
8.200000e+00 1.800000e+00 3.275783e-17
8.200000e+00 2.000000e+00 7.173568e-18
8.200000e+00 2.200000e+00 1.339309e-18
8.200000e+00 2.400000e+00 2.132055e-19
8.200000e+00 2.600000e+00 2.894266e-20
8.200000e+00 2.800000e+00 3.350857e-21
8.200000e+00 3.000000e+00 3.309101e-22
8.200000e+00 3.200000e+00 2.787816e-23
8.200000e+00 3.400000e+00 2.003945e-24
8.200000e+00 3.600000e+00 1.229268e-25
8.200000e+00 3.800000e+00 6.436103e-27
8.200000e+00 4.000000e+00 2.876699e-28
8.200000e+00 4.200000e+00 1.097856e-29
8.200000e+00 4.400000e+00 3.578189e-31
8.200000e+00 4.600000e+00 9.961856e-33
8.200000e+00 4.800000e+00 2.367342e-34

8.400000e+00 -5.000000e+00 0.000000e+00
8.400000e+00 -4.800000e+00 4.662963e-35
8.400000e+00 -4.600000e+00 1.961182e-33
8.400000e+00 -4.400000e+00 7.044367e-32
8.400000e+00 -4.200000e+00 2.161351e-30
8.400000e+00 -4.000000e+00 5.663381e-29
8.400000e+00 -3.800000e+00 1.267084e-27
8.400000e+00 -3.600000e+00 2.420083e-26
8.400000e+00 -3.400000e+00 3.945212e-25
8.400000e+00 -3.200000e+00 5.488450e-24
8.400000e+00 -3.000000e+00 6.514733e-23
8.400000e+00 -2.800000e+00 6.596954e-22
8.400000e+00 -2.600000e+00 5.698057e-21
8.400000e+00 -2.400000e+00 4.197469e-20
8.400000e+00 -2.200000e+00 2.636761e-19
8.400000e+00 -2.000000e+00 1.412296e-18
8.400000e+00 -1.800000e+00 6.449206e-18
8.400000e+00 -1.600000e+00 2.510558e-17
8.400000e+00 -1.400000e+00 8.330678e-17
8.400000e+00 -1.200000e+00 2.356151e-16
8.400000e+00 -1.000000e+00 5.679494e-16
8.400000e+00 -8.000000e-01 1.166744e-15
8.400000e+00 -6.000000e-01 2.042589e-15
8.400000e+00 -4.000000e-01 3.047266e-15
8.400000e+00 -2.000000e-01 3.873936e-15
8.400000e+00 0.000000e+00 4.196628e-15
8.400000e+00 2.000000e-01 3.873936e-15
8.400000e+00 4.000000e-01 3.047266e-15
8.400000e+00 6.000000e-01 2.042589e-15
8.400000e+00 8.000000e-01 1.166744e-15
8.400000e+00 1.000000e+00 5.679494e-16
8.400000e+00 1.200000e+00 2.356151e-16
8.400000e+00 1.400000e+00 8.330678e-17
8.400000e+00 1.600000e+00 2.510558e-17
8.400000e+00 1.800000e+00 6.449206e-18
8.400000e+00 2.000000e+00 1.412296e-18
8.400000e+00 2.200000e+00 2.636761e-19
8.400000e+00 2.400000e+00 4.197469e-20
8.400000e+00 2.600000e+00 5.698057e-21
8.400000e+00 2.800000e+00 6.596954e-22
8.400000e+00 3.000000e+00 6.514733e-23
8.400000e+00 3.200000e+00 5.488450e-24
8.400000e+00 3.400000e+00 3.945212e-25
8.400000e+00 3.600000e+00 2.420083e-26
8.400000e+00 3.800000e+00 1.267084e-27
8.400000e+00 4.000000e+00 5.663381e-29
8.400000e+00 4.200000e+00 2.161351e-30
8.400000e+00 4.400000e+00 7.044367e-32
8.400000e+00 4.600000e+00 1.961181e-33
8.400000e+00 4.800000e+00 4.660549e-35

8.600000e+00 -5.000000e+00 0.000000e+00
8.600000e+00 -4.800000e+00 8.814207e-36
8.600000e+00 -4.600000e+00 3.707151e-34
8.600000e+00 -4.400000e+00 1.331574e-32
8.600000e+00 -4.200000e+00 4.085543e-31
8.600000e+00 -4.000000e+00 1.070536e-29
8.600000e+00 -3.800000e+00 2.395146e-28
8.600000e+00 -3.600000e+00 4.574649e-27
8.600000e+00 -3.400000e+00 7.457593e-26
8.600000e+00 -3.200000e+00 1.037478e-24
8.600000e+00 -3.000000e+00 1.231478e-23
8.600000e+00 -2.800000e+00 1.247022e-22
8.600000e+00 -2.600000e+00 1.077105e-21
8.600000e+00 -2.400000e+00 7.934499e-21
8.600000e+00 -2.200000e+00 4.984290e-20
8.600000e+00 -2.000000e+00 2.669678e-19
8.600000e+00 -1.800000e+00 1.219101e-18
8.600000e+00 -1.600000e+00 4.745744e-18
8.600000e+00 -1.400000e+00 1.574761e-17
8.600000e+00 -1.200000e+00 4.453873e-17
8.600000e+00 -1.000000e+00 1.073605e-16
8.600000e+00 -8.000000e-01 2.205519e-16
8.600000e+00 -6.000000e-01 3.861149e-16
8.600000e+00 -4.000000e-01 5.760311e-16
8.600000e+00 -2.000000e-01 7.322983e-16
8.600000e+00 0.000000e+00 7.932976e-16
8.600000e+00 2.000000e-01 7.322983e-16
8.600000e+00 4.000000e-01 5.760311e-16
8.600000e+00 6.000000e-01 3.861149e-16
8.600000e+00 8.000000e-01 2.205519e-16
8.600000e+00 1.000000e+00 1.073605e-16
8.600000e+00 1.200000e+00 4.453873e-17
8.600000e+00 1.400000e+00 1.574761e-17
8.600000e+00 1.600000e+00 4.745744e-18
8.600000e+00 1.800000e+00 1.219101e-18
8.600000e+00 2.000000e+00 2.669678e-19
8.600000e+00 2.200000e+00 4.984290e-20
8.600000e+00 2.400000e+00 7.934499e-21
8.600000e+00 2.600000e+00 1.077105e-21
8.600000e+00 2.800000e+00 1.247022e-22
8.600000e+00 3.000000e+00 1.231478e-23
8.600000e+00 3.200000e+00 1.037478e-24
8.600000e+00 3.400000e+00 7.457593e-26
8.600000e+00 3.600000e+00 4.574649e-27
8.600000e+00 3.800000e+00 2.395146e-28
8.600000e+00 4.000000e+00 1.070536e-29
8.600000e+00 4.200000e+00 4.085543e-31
8.600000e+00 4.400000e+00 1.331574e-32
8.600000e+00 4.600000e+00 3.707149e-34
8.600000e+00 4.800000e+00 8.809643e-36

8.800000e+00 -5.000000e+00 0.000000e+00
8.800000e+00 -4.800000e+00 1.599810e-36
8.800000e+00 -4.600000e+00 6.728623e-35
8.800000e+00 -4.400000e+00 2.416865e-33
8.800000e+00 -4.200000e+00 7.415450e-32
8.800000e+00 -4.000000e+00 1.943076e-30
8.800000e+00 -3.800000e+00 4.347317e-29
8.800000e+00 -3.600000e+00 8.303245e-28
8.800000e+00 -3.400000e+00 1.353597e-26
8.800000e+00 -3.200000e+00 1.883087e-25
8.800000e+00 -3.000000e+00 2.235212e-24
8.800000e+00 -2.800000e+00 2.263429e-23
8.800000e+00 -2.600000e+00 1.955021e-22
8.800000e+00 -2.400000e+00 1.440169e-21
8.800000e+00 -2.200000e+00 9.046854e-21
8.800000e+00 -2.000000e+00 4.845667e-20
8.800000e+00 -1.800000e+00 2.212763e-19
8.800000e+00 -1.600000e+00 8.613901e-19
8.800000e+00 -1.400000e+00 2.858318e-18
8.800000e+00 -1.200000e+00 8.084141e-18
8.800000e+00 -1.000000e+00 1.948682e-17
8.800000e+00 -8.000000e-01 4.003201e-17
8.800000e+00 -6.000000e-01 7.008308e-17
8.800000e+00 -4.000000e-01 1.045545e-16
8.800000e+00 -2.000000e-01 1.329183e-16
8.800000e+00 0.000000e+00 1.439902e-16
8.800000e+00 2.000000e-01 1.329183e-16
8.800000e+00 4.000000e-01 1.045545e-16
8.800000e+00 6.000000e-01 7.008308e-17
8.800000e+00 8.000000e-01 4.003201e-17
8.800000e+00 1.000000e+00 1.948682e-17
8.800000e+00 1.200000e+00 8.084141e-18
8.800000e+00 1.400000e+00 2.858318e-18
8.800000e+00 1.600000e+00 8.613901e-19
8.800000e+00 1.800000e+00 2.212763e-19
8.800000e+00 2.000000e+00 4.845667e-20
8.800000e+00 2.200000e+00 9.046854e-21
8.800000e+00 2.400000e+00 1.440169e-21
8.800000e+00 2.600000e+00 1.955021e-22
8.800000e+00 2.800000e+00 2.263429e-23
8.800000e+00 3.000000e+00 2.235212e-24
8.800000e+00 3.200000e+00 1.883087e-25
8.800000e+00 3.400000e+00 1.353597e-26
8.800000e+00 3.600000e+00 8.303245e-28
8.800000e+00 3.800000e+00 4.347317e-29
8.800000e+00 4.000000e+00 1.943076e-30
8.800000e+00 4.200000e+00 7.415450e-32
8.800000e+00 4.400000e+00 2.416865e-33
8.800000e+00 4.600000e+00 6.728621e-35
8.800000e+00 4.800000e+00 1.598981e-36

9.000000e+00 -5.000000e+00 0.000000e+00
9.000000e+00 -4.800000e+00 2.788270e-37
9.000000e+00 -4.600000e+00 1.172718e-35
9.000000e+00 -4.400000e+00 4.212310e-34
9.000000e+00 -4.200000e+00 1.292428e-32
9.000000e+00 -4.000000e+00 3.386564e-31
9.000000e+00 -3.800000e+00 7.576897e-30
9.000000e+00 -3.600000e+00 1.447167e-28
9.000000e+00 -3.400000e+00 2.359178e-27
9.000000e+00 -3.200000e+00 3.282027e-26
9.000000e+00 -3.000000e+00 3.895749e-25
9.000000e+00 -2.800000e+00 3.944933e-24
9.000000e+00 -2.600000e+00 3.407413e-23
9.000000e+00 -2.400000e+00 2.510077e-22
9.000000e+00 -2.200000e+00 1.576782e-21
9.000000e+00 -2.000000e+00 8.445552e-21
9.000000e+00 -1.800000e+00 3.856646e-20
9.000000e+00 -1.600000e+00 1.501326e-19
9.000000e+00 -1.400000e+00 4.981796e-19
9.000000e+00 -1.200000e+00 1.408995e-18
9.000000e+00 -1.000000e+00 3.396384e-18
9.000000e+00 -8.000000e-01 6.977235e-18
9.000000e+00 -6.000000e-01 1.221488e-17
9.000000e+00 -4.000000e-01 1.822296e-17
9.000000e+00 -2.000000e-01 2.316654e-17
9.000000e+00 0.000000e+00 2.509627e-17
9.000000e+00 2.000000e-01 2.316654e-17
9.000000e+00 4.000000e-01 1.822296e-17
9.000000e+00 6.000000e-01 1.221488e-17
9.000000e+00 8.000000e-01 6.977235e-18
9.000000e+00 1.000000e+00 3.396384e-18
9.000000e+00 1.200000e+00 1.408995e-18
9.000000e+00 1.400000e+00 4.981796e-19
9.000000e+00 1.600000e+00 1.501326e-19
9.000000e+00 1.800000e+00 3.856646e-20
9.000000e+00 2.000000e+00 8.445552e-21
9.000000e+00 2.200000e+00 1.576782e-21
9.000000e+00 2.400000e+00 2.510077e-22
9.000000e+00 2.600000e+00 3.407413e-23
9.000000e+00 2.800000e+00 3.944933e-24
9.000000e+00 3.000000e+00 3.895749e-25
9.000000e+00 3.200000e+00 3.282027e-26
9.000000e+00 3.400000e+00 2.359178e-27
9.000000e+00 3.600000e+00 1.447167e-28
9.000000e+00 3.800000e+00 7.576897e-30
9.000000e+00 4.000000e+00 3.386564e-31
9.000000e+00 4.200000e+00 1.292428e-32
9.000000e+00 4.400000e+00 4.212310e-34
9.000000e+00 4.600000e+00 1.172717e-35
9.000000e+00 4.800000e+00 2.786826e-37

9.200000e+00 -5.000000e+00 0.000000e+00
9.200000e+00 -4.800000e+00 4.666586e-38
9.200000e+00 -4.600000e+00 1.962721e-36
9.200000e+00 -4.400000e+00 7.049952e-35
9.200000e+00 -4.200000e+00 2.163080e-33
9.200000e+00 -4.000000e+00 5.667953e-32
9.200000e+00 -3.800000e+00 1.268116e-30
9.200000e+00 -3.600000e+00 2.422069e-29
9.200000e+00 -3.400000e+00 3.948474e-28
9.200000e+00 -3.200000e+00 5.493019e-27
9.200000e+00 -3.000000e+00 6.520192e-26
9.200000e+00 -2.800000e+00 6.602516e-25
9.200000e+00 -2.600000e+00 5.702889e-24
9.200000e+00 -2.400000e+00 4.201047e-23
9.200000e+00 -2.200000e+00 2.639019e-22
9.200000e+00 -2.000000e+00 1.413511e-21
9.200000e+00 -1.800000e+00 6.454777e-21
9.200000e+00 -1.600000e+00 2.512735e-20
9.200000e+00 -1.400000e+00 8.337922e-20
9.200000e+00 -1.200000e+00 2.358205e-19
9.200000e+00 -1.000000e+00 5.684457e-19
9.200000e+00 -8.000000e-01 1.167766e-18
9.200000e+00 -6.000000e-01 2.044380e-18
9.200000e+00 -4.000000e-01 3.049941e-18
9.200000e+00 -2.000000e-01 3.877338e-18
9.200000e+00 0.000000e+00 4.200315e-18
9.200000e+00 2.000000e-01 3.877338e-18
9.200000e+00 4.000000e-01 3.049941e-18
9.200000e+00 6.000000e-01 2.044380e-18
9.200000e+00 8.000000e-01 1.167766e-18
9.200000e+00 1.000000e+00 5.684457e-19
9.200000e+00 1.200000e+00 2.358205e-19
9.200000e+00 1.400000e+00 8.337922e-20
9.200000e+00 1.600000e+00 2.512735e-20
9.200000e+00 1.800000e+00 6.454777e-21
9.200000e+00 2.000000e+00 1.413511e-21
9.200000e+00 2.200000e+00 2.639019e-22
9.200000e+00 2.400000e+00 4.201047e-23
9.200000e+00 2.600000e+00 5.702889e-24
9.200000e+00 2.800000e+00 6.602516e-25
9.200000e+00 3.000000e+00 6.520192e-26
9.200000e+00 3.200000e+00 5.493019e-27
9.200000e+00 3.400000e+00 3.948474e-28
9.200000e+00 3.600000e+00 2.422069e-29
9.200000e+00 3.800000e+00 1.268116e-30
9.200000e+00 4.000000e+00 5.667953e-32
9.200000e+00 4.200000e+00 2.163080e-33
9.200000e+00 4.400000e+00 7.049952e-35
9.200000e+00 4.600000e+00 1.962721e-36
9.200000e+00 4.800000e+00 4.664170e-38

9.400000e+00 -5.000000e+00 0.000000e+00
9.400000e+00 -4.800000e+00 7.500164e-39
9.400000e+00 -4.600000e+00 3.154501e-37
9.400000e+00 -4.400000e+00 1.133075e-35
9.400000e+00 -4.200000e+00 3.476527e-34
9.400000e+00 -4.000000e+00 9.109608e-33
9.400000e+00 -3.800000e+00 2.038134e-31
9.400000e+00 -3.600000e+00 3.892789e-30
9.400000e+00 -3.400000e+00 6.346057e-29
9.400000e+00 -3.200000e+00 8.828486e-28
9.400000e+00 -3.000000e+00 1.047939e-26
9.400000e+00 -2.800000e+00 1.061171e-25
9.400000e+00 -2.600000e+00 9.165814e-25
9.400000e+00 -2.400000e+00 6.752025e-24
9.400000e+00 -2.200000e+00 4.241498e-23
9.400000e+00 -2.000000e+00 2.271832e-22
9.400000e+00 -1.800000e+00 1.037429e-21
9.400000e+00 -1.600000e+00 4.038537e-21
9.400000e+00 -1.400000e+00 1.340094e-20
9.400000e+00 -1.200000e+00 3.790175e-20
9.400000e+00 -1.000000e+00 9.136226e-20
9.400000e+00 -8.000000e-01 1.876868e-19
9.400000e+00 -6.000000e-01 3.285790e-19
9.400000e+00 -4.000000e-01 4.901957e-19
9.400000e+00 -2.000000e-01 6.231776e-19
9.400000e+00 0.000000e+00 6.750874e-19
9.400000e+00 2.000000e-01 6.231776e-19
9.400000e+00 4.000000e-01 4.901957e-19
9.400000e+00 6.000000e-01 3.285790e-19
9.400000e+00 8.000000e-01 1.876868e-19
9.400000e+00 1.000000e+00 9.136226e-20
9.400000e+00 1.200000e+00 3.790175e-20
9.400000e+00 1.400000e+00 1.340094e-20
9.400000e+00 1.600000e+00 4.038537e-21
9.400000e+00 1.800000e+00 1.037429e-21
9.400000e+00 2.000000e+00 2.271832e-22
9.400000e+00 2.200000e+00 4.241498e-23
9.400000e+00 2.400000e+00 6.752025e-24
9.400000e+00 2.600000e+00 9.165814e-25
9.400000e+00 2.800000e+00 1.061171e-25
9.400000e+00 3.000000e+00 1.047939e-26
9.400000e+00 3.200000e+00 8.828486e-28
9.400000e+00 3.400000e+00 6.346057e-29
9.400000e+00 3.600000e+00 3.892789e-30
9.400000e+00 3.800000e+00 2.038134e-31
9.400000e+00 4.000000e+00 9.109608e-33
9.400000e+00 4.200000e+00 3.476527e-34
9.400000e+00 4.400000e+00 1.133075e-35
9.400000e+00 4.600000e+00 3.154500e-37
9.400000e+00 4.800000e+00 7.496281e-39

9.600000e+00 -5.000000e+00 0.000000e+00
9.600000e+00 -4.800000e+00 1.156848e-39
9.600000e+00 -4.600000e+00 4.865604e-38
9.600000e+00 -4.400000e+00 1.747693e-36
9.600000e+00 -4.200000e+00 5.362318e-35
9.600000e+00 -4.000000e+00 1.405099e-33
9.600000e+00 -3.800000e+00 3.143695e-32
9.600000e+00 -3.600000e+00 6.004390e-31
9.600000e+00 -3.400000e+00 9.788415e-30
9.600000e+00 -3.200000e+00 1.361742e-28
9.600000e+00 -3.000000e+00 1.616385e-27
9.600000e+00 -2.800000e+00 1.636796e-26
9.600000e+00 -2.600000e+00 1.413776e-25
9.600000e+00 -2.400000e+00 1.041463e-24
9.600000e+00 -2.200000e+00 6.542282e-24
9.600000e+00 -2.000000e+00 3.504180e-23
9.600000e+00 -1.800000e+00 1.600180e-22
9.600000e+00 -1.600000e+00 6.229233e-22
9.600000e+00 -1.400000e+00 2.067027e-21
9.600000e+00 -1.200000e+00 5.846152e-21
9.600000e+00 -1.000000e+00 1.409217e-20
9.600000e+00 -8.000000e-01 2.894974e-20
9.600000e+00 -6.000000e-01 5.068166e-20
9.600000e+00 -4.000000e-01 7.561024e-20
9.600000e+00 -2.000000e-01 9.612204e-20
9.600000e+00 0.000000e+00 1.041289e-19
9.600000e+00 2.000000e-01 9.612204e-20
9.600000e+00 4.000000e-01 7.561024e-20
9.600000e+00 6.000000e-01 5.068166e-20
9.600000e+00 8.000000e-01 2.894974e-20
9.600000e+00 1.000000e+00 1.409217e-20
9.600000e+00 1.200000e+00 5.846152e-21
9.600000e+00 1.400000e+00 2.067027e-21
9.600000e+00 1.600000e+00 6.229233e-22
9.600000e+00 1.800000e+00 1.600180e-22
9.600000e+00 2.000000e+00 3.504180e-23
9.600000e+00 2.200000e+00 6.542282e-24
9.600000e+00 2.400000e+00 1.041463e-24
9.600000e+00 2.600000e+00 1.413776e-25
9.600000e+00 2.800000e+00 1.636796e-26
9.600000e+00 3.000000e+00 1.616385e-27
9.600000e+00 3.200000e+00 1.361742e-28
9.600000e+00 3.400000e+00 9.788415e-30
9.600000e+00 3.600000e+00 6.004390e-31
9.600000e+00 3.800000e+00 3.143695e-32
9.600000e+00 4.000000e+00 1.405099e-33
9.600000e+00 4.200000e+00 5.362318e-35
9.600000e+00 4.400000e+00 1.747693e-36
9.600000e+00 4.600000e+00 4.865602e-38
9.600000e+00 4.800000e+00 1.156249e-39

9.800000e+00 -5.000000e+00 0.000000e+00
9.800000e+00 -4.800000e+00 1.662572e-40
9.800000e+00 -4.600000e+00 6.992641e-39
9.800000e+00 -4.400000e+00 2.511713e-37
9.800000e+00 -4.200000e+00 7.706509e-36
9.800000e+00 -4.000000e+00 2.019354e-34
9.800000e+00 -3.800000e+00 4.518000e-33
9.800000e+00 -3.600000e+00 8.629287e-32
9.800000e+00 -3.400000e+00 1.406756e-30
9.800000e+00 -3.200000e+00 1.957048e-29
9.800000e+00 -3.000000e+00 2.323013e-28
9.800000e+00 -2.800000e+00 2.352348e-27
9.800000e+00 -2.600000e+00 2.031832e-26
9.800000e+00 -2.400000e+00 1.496757e-25
9.800000e+00 -2.200000e+00 9.402359e-25
9.800000e+00 -2.000000e+00 5.036097e-24
9.800000e+00 -1.800000e+00 2.299729e-23
9.800000e+00 -1.600000e+00 8.952465e-23
9.800000e+00 -1.400000e+00 2.970669e-22
9.800000e+00 -1.200000e+00 8.401917e-22
9.800000e+00 -1.000000e+00 2.025285e-21
9.800000e+00 -8.000000e-01 4.160573e-21
9.800000e+00 -6.000000e-01 7.283822e-21
9.800000e+00 -4.000000e-01 1.086649e-20
9.800000e+00 -2.000000e-01 1.381438e-20
9.800000e+00 0.000000e+00 1.496510e-20
9.800000e+00 2.000000e-01 1.381438e-20
9.800000e+00 4.000000e-01 1.086649e-20
9.800000e+00 6.000000e-01 7.283822e-21
9.800000e+00 8.000000e-01 4.160573e-21
9.800000e+00 1.000000e+00 2.025285e-21
9.800000e+00 1.200000e+00 8.401917e-22
9.800000e+00 1.400000e+00 2.970669e-22
9.800000e+00 1.600000e+00 8.952465e-23
9.800000e+00 1.800000e+00 2.299729e-23
9.800000e+00 2.000000e+00 5.036097e-24
9.800000e+00 2.200000e+00 9.402359e-25
9.800000e+00 2.400000e+00 1.496757e-25
9.800000e+00 2.600000e+00 2.031832e-26
9.800000e+00 2.800000e+00 2.352348e-27
9.800000e+00 3.000000e+00 2.323013e-28
9.800000e+00 3.200000e+00 1.957048e-29
9.800000e+00 3.400000e+00 1.406756e-30
9.800000e+00 3.600000e+00 8.629287e-32
9.800000e+00 3.800000e+00 4.518000e-33
9.800000e+00 4.000000e+00 2.019354e-34
9.800000e+00 4.200000e+00 7.706509e-36
9.800000e+00 4.400000e+00 2.511713e-37
9.800000e+00 4.600000e+00 6.992638e-39
9.800000e+00 4.800000e+00 1.661711e-40

