0.000000e+00 -5.000000e+00 1.155922e-22
0.000000e+00 -4.800000e+00 5.825898e-21
0.000000e+00 -4.600000e+00 2.502131e-19
0.000000e+00 -4.400000e+00 9.157359e-18
0.000000e+00 -4.200000e+00 2.855902e-16
0.000000e+00 -4.000000e+00 7.589780e-15
0.000000e+00 -3.800000e+00 1.718810e-13
0.000000e+00 -3.600000e+00 3.316955e-12
0.000000e+00 -3.400000e+00 5.454616e-11
0.000000e+00 -3.200000e+00 7.643664e-10
0.000000e+00 -3.000000e+00 9.127502e-09
0.000000e+00 -2.800000e+00 9.287848e-08
0.000000e+00 -2.600000e+00 8.053621e-07
0.000000e+00 -2.400000e+00 5.950866e-06
0.000000e+00 -2.200000e+00 3.746985e-05
0.000000e+00 -2.000000e+00 2.010466e-04
0.000000e+00 -1.800000e+00 9.192303e-04
0.000000e+00 -1.600000e+00 3.581499e-03
0.000000e+00 -1.400000e+00 1.189100e-02
0.000000e+00 -1.200000e+00 3.364221e-02
0.000000e+00 -1.000000e+00 8.110799e-02
0.000000e+00 -8.000000e-01 1.666309e-01
0.000000e+00 -6.000000e-01 2.917162e-01
0.000000e+00 -4.000000e-01 4.351894e-01
0.000000e+00 -2.000000e-01 5.532342e-01
0.000000e+00 0.000000e+00 5.993115e-01
0.000000e+00 2.000000e-01 5.532342e-01
0.000000e+00 4.000000e-01 4.351894e-01
0.000000e+00 6.000000e-01 2.917162e-01
0.000000e+00 8.000000e-01 1.666309e-01
0.000000e+00 1.000000e+00 8.110799e-02
0.000000e+00 1.200000e+00 3.364221e-02
0.000000e+00 1.400000e+00 1.189100e-02
0.000000e+00 1.600000e+00 3.581499e-03
0.000000e+00 1.800000e+00 9.192303e-04
0.000000e+00 2.000000e+00 2.010466e-04
0.000000e+00 2.200000e+00 3.746985e-05
0.000000e+00 2.400000e+00 5.950866e-06
0.000000e+00 2.600000e+00 8.053621e-07
0.000000e+00 2.800000e+00 9.287848e-08
0.000000e+00 3.000000e+00 9.127502e-09
0.000000e+00 3.200000e+00 7.643664e-10
0.000000e+00 3.400000e+00 5.454616e-11
0.000000e+00 3.600000e+00 3.316955e-12
0.000000e+00 3.800000e+00 1.718810e-13
0.000000e+00 4.000000e+00 7.589780e-15
0.000000e+00 4.200000e+00 2.855902e-16
0.000000e+00 4.400000e+00 9.157359e-18
0.000000e+00 4.600000e+00 2.502131e-19
0.000000e+00 4.800000e+00 5.825898e-21

2.000000e-01 -5.000000e+00 1.133033e-22
2.000000e-01 -4.800000e+00 5.710537e-21
2.000000e-01 -4.600000e+00 2.452586e-19
2.000000e-01 -4.400000e+00 8.976031e-18
2.000000e-01 -4.200000e+00 2.799351e-16
2.000000e-01 -4.000000e+00 7.439492e-15
2.000000e-01 -3.800000e+00 1.684776e-13
2.000000e-01 -3.600000e+00 3.251275e-12
2.000000e-01 -3.400000e+00 5.346607e-11
2.000000e-01 -3.200000e+00 7.492310e-10
2.000000e-01 -3.000000e+00 8.946765e-09
2.000000e-01 -2.800000e+00 9.103937e-08
2.000000e-01 -2.600000e+00 7.894149e-07
2.000000e-01 -2.400000e+00 5.833031e-06
2.000000e-01 -2.200000e+00 3.672790e-05
2.000000e-01 -2.000000e+00 1.970656e-04
2.000000e-01 -1.800000e+00 9.010284e-04
2.000000e-01 -1.600000e+00 3.510581e-03
2.000000e-01 -1.400000e+00 1.165554e-02
2.000000e-01 -1.200000e+00 3.297605e-02
2.000000e-01 -1.000000e+00 7.950194e-02
2.000000e-01 -8.000000e-01 1.633314e-01
2.000000e-01 -6.000000e-01 2.859398e-01
2.000000e-01 -4.000000e-01 4.265721e-01
2.000000e-01 -2.000000e-01 5.422794e-01
2.000000e-01 0.000000e+00 5.874443e-01
2.000000e-01 2.000000e-01 5.422794e-01
2.000000e-01 4.000000e-01 4.265721e-01
2.000000e-01 6.000000e-01 2.859398e-01
2.000000e-01 8.000000e-01 1.633314e-01
2.000000e-01 1.000000e+00 7.950194e-02
2.000000e-01 1.200000e+00 3.297605e-02
2.000000e-01 1.400000e+00 1.165554e-02
2.000000e-01 1.600000e+00 3.510581e-03
2.000000e-01 1.800000e+00 9.010284e-04
2.000000e-01 2.000000e+00 1.970656e-04
2.000000e-01 2.200000e+00 3.672790e-05
2.000000e-01 2.400000e+00 5.833031e-06
2.000000e-01 2.600000e+00 7.894149e-07
2.000000e-01 2.800000e+00 9.103937e-08
2.000000e-01 3.000000e+00 8.946765e-09
2.000000e-01 3.200000e+00 7.492310e-10
2.000000e-01 3.400000e+00 5.346607e-11
2.000000e-01 3.600000e+00 3.251275e-12
2.000000e-01 3.800000e+00 1.684776e-13
2.000000e-01 4.000000e+00 7.439492e-15
2.000000e-01 4.200000e+00 2.799351e-16
2.000000e-01 4.400000e+00 8.976031e-18
2.000000e-01 4.600000e+00 2.452586e-19
2.000000e-01 4.800000e+00 5.710537e-21

4.000000e-01 -5.000000e+00 1.067050e-22
4.000000e-01 -4.800000e+00 5.377982e-21
4.000000e-01 -4.600000e+00 2.309758e-19
4.000000e-01 -4.400000e+00 8.453308e-18
4.000000e-01 -4.200000e+00 2.636330e-16
4.000000e-01 -4.000000e+00 7.006250e-15
4.000000e-01 -3.800000e+00 1.586662e-13
4.000000e-01 -3.600000e+00 3.061936e-12
4.000000e-01 -3.400000e+00 5.035245e-11
4.000000e-01 -3.200000e+00 7.055991e-10
4.000000e-01 -3.000000e+00 8.425746e-09
4.000000e-01 -2.800000e+00 8.573765e-08
4.000000e-01 -2.600000e+00 7.434429e-07
4.000000e-01 -2.400000e+00 5.493342e-06
4.000000e-01 -2.200000e+00 3.458904e-05
4.000000e-01 -2.000000e+00 1.855894e-04
4.000000e-01 -1.800000e+00 8.485565e-04
4.000000e-01 -1.600000e+00 3.306140e-03
4.000000e-01 -1.400000e+00 1.097677e-02
4.000000e-01 -1.200000e+00 3.105567e-02
4.000000e-01 -1.000000e+00 7.487211e-02
4.000000e-01 -8.000000e-01 1.538197e-01
4.000000e-01 -6.000000e-01 2.692880e-01
4.000000e-01 -4.000000e-01 4.017305e-01
4.000000e-01 -2.000000e-01 5.106995e-01
4.000000e-01 0.000000e+00 5.532342e-01
4.000000e-01 2.000000e-01 5.106995e-01
4.000000e-01 4.000000e-01 4.017305e-01
4.000000e-01 6.000000e-01 2.692880e-01
4.000000e-01 8.000000e-01 1.538197e-01
4.000000e-01 1.000000e+00 7.487211e-02
4.000000e-01 1.200000e+00 3.105567e-02
4.000000e-01 1.400000e+00 1.097677e-02
4.000000e-01 1.600000e+00 3.306140e-03
4.000000e-01 1.800000e+00 8.485565e-04
4.000000e-01 2.000000e+00 1.855894e-04
4.000000e-01 2.200000e+00 3.458904e-05
4.000000e-01 2.400000e+00 5.493342e-06
4.000000e-01 2.600000e+00 7.434429e-07
4.000000e-01 2.800000e+00 8.573765e-08
4.000000e-01 3.000000e+00 8.425746e-09
4.000000e-01 3.200000e+00 7.055991e-10
4.000000e-01 3.400000e+00 5.035245e-11
4.000000e-01 3.600000e+00 3.061936e-12
4.000000e-01 3.800000e+00 1.586662e-13
4.000000e-01 4.000000e+00 7.006250e-15
4.000000e-01 4.200000e+00 2.636330e-16
4.000000e-01 4.400000e+00 8.453308e-18
4.000000e-01 4.600000e+00 2.309758e-19
4.000000e-01 4.800000e+00 5.377982e-21

6.000000e-01 -5.000000e+00 9.655071e-23
6.000000e-01 -4.800000e+00 4.866199e-21
6.000000e-01 -4.600000e+00 2.089956e-19
6.000000e-01 -4.400000e+00 7.648869e-18
6.000000e-01 -4.200000e+00 2.385450e-16
6.000000e-01 -4.000000e+00 6.339517e-15
6.000000e-01 -3.800000e+00 1.435671e-13
6.000000e-01 -3.600000e+00 2.770554e-12
6.000000e-01 -3.400000e+00 4.556078e-11
6.000000e-01 -3.200000e+00 6.384525e-10
6.000000e-01 -3.000000e+00 7.623930e-09
6.000000e-01 -2.800000e+00 7.757863e-08
6.000000e-01 -2.600000e+00 6.726950e-07
6.000000e-01 -2.400000e+00 4.970581e-06
6.000000e-01 -2.200000e+00 3.129745e-05
6.000000e-01 -2.000000e+00 1.679282e-04
6.000000e-01 -1.800000e+00 7.678057e-04
6.000000e-01 -1.600000e+00 2.991519e-03
6.000000e-01 -1.400000e+00 9.932194e-03
6.000000e-01 -1.200000e+00 2.810033e-02
6.000000e-01 -1.000000e+00 6.774709e-02
6.000000e-01 -8.000000e-01 1.391819e-01
6.000000e-01 -6.000000e-01 2.436619e-01
6.000000e-01 -4.000000e-01 3.635008e-01
6.000000e-01 -2.000000e-01 4.621001e-01
6.000000e-01 0.000000e+00 5.005870e-01
6.000000e-01 2.000000e-01 4.621001e-01
6.000000e-01 4.000000e-01 3.635008e-01
6.000000e-01 6.000000e-01 2.436619e-01
6.000000e-01 8.000000e-01 1.391819e-01
6.000000e-01 1.000000e+00 6.774709e-02
6.000000e-01 1.200000e+00 2.810033e-02
6.000000e-01 1.400000e+00 9.932194e-03
6.000000e-01 1.600000e+00 2.991519e-03
6.000000e-01 1.800000e+00 7.678057e-04
6.000000e-01 2.000000e+00 1.679282e-04
6.000000e-01 2.200000e+00 3.129745e-05
6.000000e-01 2.400000e+00 4.970581e-06
6.000000e-01 2.600000e+00 6.726950e-07
6.000000e-01 2.800000e+00 7.757863e-08
6.000000e-01 3.000000e+00 7.623930e-09
6.000000e-01 3.200000e+00 6.384525e-10
6.000000e-01 3.400000e+00 4.556078e-11
6.000000e-01 3.600000e+00 2.770554e-12
6.000000e-01 3.800000e+00 1.435671e-13
6.000000e-01 4.000000e+00 6.339517e-15
6.000000e-01 4.200000e+00 2.385450e-16
6.000000e-01 4.400000e+00 7.648869e-18
6.000000e-01 4.600000e+00 2.089956e-19
6.000000e-01 4.800000e+00 4.866199e-21

8.000000e-01 -5.000000e+00 8.393716e-23
8.000000e-01 -4.800000e+00 4.230470e-21
8.000000e-01 -4.600000e+00 1.816920e-19
8.000000e-01 -4.400000e+00 6.649608e-18
8.000000e-01 -4.200000e+00 2.073810e-16
8.000000e-01 -4.000000e+00 5.511311e-15
8.000000e-01 -3.800000e+00 1.248112e-13
8.000000e-01 -3.600000e+00 2.408604e-12
8.000000e-01 -3.400000e+00 3.960864e-11
8.000000e-01 -3.200000e+00 5.550439e-10
8.000000e-01 -3.000000e+00 6.627926e-09
8.000000e-01 -2.800000e+00 6.744362e-08
8.000000e-01 -2.600000e+00 5.848129e-07
8.000000e-01 -2.400000e+00 4.321216e-06
8.000000e-01 -2.200000e+00 2.720870e-05
8.000000e-01 -2.000000e+00 1.459898e-04
8.000000e-01 -1.800000e+00 6.674982e-04
8.000000e-01 -1.600000e+00 2.600702e-03
8.000000e-01 -1.400000e+00 8.634635e-03
8.000000e-01 -1.200000e+00 2.442926e-02
8.000000e-01 -1.000000e+00 5.889649e-02
8.000000e-01 -8.000000e-01 1.209989e-01
8.000000e-01 -6.000000e-01 2.118294e-01
8.000000e-01 -4.000000e-01 3.160124e-01
8.000000e-01 -2.000000e-01 4.017305e-01
8.000000e-01 0.000000e+00 4.351894e-01
8.000000e-01 2.000000e-01 4.017305e-01
8.000000e-01 4.000000e-01 3.160124e-01
8.000000e-01 6.000000e-01 2.118294e-01
8.000000e-01 8.000000e-01 1.209989e-01
8.000000e-01 1.000000e+00 5.889649e-02
8.000000e-01 1.200000e+00 2.442926e-02
8.000000e-01 1.400000e+00 8.634635e-03
8.000000e-01 1.600000e+00 2.600702e-03
8.000000e-01 1.800000e+00 6.674982e-04
8.000000e-01 2.000000e+00 1.459898e-04
8.000000e-01 2.200000e+00 2.720870e-05
8.000000e-01 2.400000e+00 4.321216e-06
8.000000e-01 2.600000e+00 5.848129e-07
8.000000e-01 2.800000e+00 6.744362e-08
8.000000e-01 3.000000e+00 6.627926e-09
8.000000e-01 3.200000e+00 5.550439e-10
8.000000e-01 3.400000e+00 3.960864e-11
8.000000e-01 3.600000e+00 2.408604e-12
8.000000e-01 3.800000e+00 1.248112e-13
8.000000e-01 4.000000e+00 5.511311e-15
8.000000e-01 4.200000e+00 2.073810e-16
8.000000e-01 4.400000e+00 6.649608e-18
8.000000e-01 4.600000e+00 1.816920e-19
8.000000e-01 4.800000e+00 4.230470e-21

1.000000e+00 -5.000000e+00 7.011021e-23
1.000000e+00 -4.800000e+00 3.533586e-21
1.000000e+00 -4.600000e+00 1.517619e-19
1.000000e+00 -4.400000e+00 5.554219e-18
1.000000e+00 -4.200000e+00 1.732192e-16
1.000000e+00 -4.000000e+00 4.603434e-15
1.000000e+00 -3.800000e+00 1.042511e-13
1.000000e+00 -3.600000e+00 2.011835e-12
1.000000e+00 -3.400000e+00 3.308392e-11
1.000000e+00 -3.200000e+00 4.636117e-10
1.000000e+00 -3.000000e+00 5.536110e-09
1.000000e+00 -2.800000e+00 5.633365e-08
1.000000e+00 -2.600000e+00 4.884768e-07
1.000000e+00 -2.400000e+00 3.609383e-06
1.000000e+00 -2.200000e+00 2.272662e-05
1.000000e+00 -2.000000e+00 1.219409e-04
1.000000e+00 -1.800000e+00 5.575414e-04
1.000000e+00 -1.600000e+00 2.172289e-03
1.000000e+00 -1.400000e+00 7.212253e-03
1.000000e+00 -1.200000e+00 2.040503e-02
1.000000e+00 -1.000000e+00 4.919448e-02
1.000000e+00 -8.000000e-01 1.010668e-01
1.000000e+00 -6.000000e-01 1.769348e-01
1.000000e+00 -4.000000e-01 2.639557e-01
1.000000e+00 -2.000000e-01 3.355535e-01
1.000000e+00 0.000000e+00 3.635008e-01
1.000000e+00 2.000000e-01 3.355535e-01
1.000000e+00 4.000000e-01 2.639557e-01
1.000000e+00 6.000000e-01 1.769348e-01
1.000000e+00 8.000000e-01 1.010668e-01
1.000000e+00 1.000000e+00 4.919448e-02
1.000000e+00 1.200000e+00 2.040503e-02
1.000000e+00 1.400000e+00 7.212253e-03
1.000000e+00 1.600000e+00 2.172289e-03
1.000000e+00 1.800000e+00 5.575414e-04
1.000000e+00 2.000000e+00 1.219409e-04
1.000000e+00 2.200000e+00 2.272662e-05
1.000000e+00 2.400000e+00 3.609383e-06
1.000000e+00 2.600000e+00 4.884768e-07
1.000000e+00 2.800000e+00 5.633365e-08
1.000000e+00 3.000000e+00 5.536110e-09
1.000000e+00 3.200000e+00 4.636117e-10
1.000000e+00 3.400000e+00 3.308392e-11
1.000000e+00 3.600000e+00 2.011835e-12
1.000000e+00 3.800000e+00 1.042511e-13
1.000000e+00 4.000000e+00 4.603434e-15
1.000000e+00 4.200000e+00 1.732192e-16
1.000000e+00 4.400000e+00 5.554219e-18
1.000000e+00 4.600000e+00 1.517619e-19
1.000000e+00 4.800000e+00 3.533586e-21

1.200000e+00 -5.000000e+00 5.626476e-23
1.200000e+00 -4.800000e+00 2.835769e-21
1.200000e+00 -4.600000e+00 1.217918e-19
1.200000e+00 -4.400000e+00 4.457365e-18
1.200000e+00 -4.200000e+00 1.390117e-16
1.200000e+00 -4.000000e+00 3.694342e-15
1.200000e+00 -3.800000e+00 8.366348e-14
1.200000e+00 -3.600000e+00 1.614535e-12
1.200000e+00 -3.400000e+00 2.655047e-11
1.200000e+00 -3.200000e+00 3.720571e-10
1.200000e+00 -3.000000e+00 4.442832e-09
1.200000e+00 -2.800000e+00 4.520881e-08
1.200000e+00 -2.600000e+00 3.920118e-07
1.200000e+00 -2.400000e+00 2.896597e-06
1.200000e+00 -2.200000e+00 1.823854e-05
1.200000e+00 -2.000000e+00 9.785989e-05
1.200000e+00 -1.800000e+00 4.474374e-04
1.200000e+00 -1.600000e+00 1.743303e-03
1.200000e+00 -1.400000e+00 5.787969e-03
1.200000e+00 -1.200000e+00 1.637542e-02
1.200000e+00 -1.000000e+00 3.947950e-02
1.200000e+00 -8.000000e-01 8.110799e-02
1.200000e+00 -6.000000e-01 1.419935e-01
1.200000e+00 -4.000000e-01 2.118294e-01
1.200000e+00 -2.000000e-01 2.692880e-01
1.200000e+00 0.000000e+00 2.917162e-01
1.200000e+00 2.000000e-01 2.692880e-01
1.200000e+00 4.000000e-01 2.118294e-01
1.200000e+00 6.000000e-01 1.419935e-01
1.200000e+00 8.000000e-01 8.110799e-02
1.200000e+00 1.000000e+00 3.947950e-02
1.200000e+00 1.200000e+00 1.637542e-02
1.200000e+00 1.400000e+00 5.787969e-03
1.200000e+00 1.600000e+00 1.743303e-03
1.200000e+00 1.800000e+00 4.474374e-04
1.200000e+00 2.000000e+00 9.785989e-05
1.200000e+00 2.200000e+00 1.823854e-05
1.200000e+00 2.400000e+00 2.896597e-06
1.200000e+00 2.600000e+00 3.920118e-07
1.200000e+00 2.800000e+00 4.520881e-08
1.200000e+00 3.000000e+00 4.442832e-09
1.200000e+00 3.200000e+00 3.720571e-10
1.200000e+00 3.400000e+00 2.655047e-11
1.200000e+00 3.600000e+00 1.614535e-12
1.200000e+00 3.800000e+00 8.366348e-14
1.200000e+00 4.000000e+00 3.694342e-15
1.200000e+00 4.200000e+00 1.390117e-16
1.200000e+00 4.400000e+00 4.457365e-18
1.200000e+00 4.600000e+00 1.217918e-19
1.200000e+00 4.800000e+00 2.835769e-21

1.400000e+00 -5.000000e+00 4.338303e-23
1.400000e+00 -4.800000e+00 2.186524e-21
1.400000e+00 -4.600000e+00 9.390777e-20
1.400000e+00 -4.400000e+00 3.436859e-18
1.400000e+00 -4.200000e+00 1.071852e-16
1.400000e+00 -4.000000e+00 2.848529e-15
1.400000e+00 -3.800000e+00 6.450886e-14
1.400000e+00 -3.600000e+00 1.244890e-12
1.400000e+00 -3.400000e+00 2.047178e-11
1.400000e+00 -3.200000e+00 2.868752e-10
1.400000e+00 -3.000000e+00 3.425653e-09
1.400000e+00 -2.800000e+00 3.485833e-08
1.400000e+00 -2.600000e+00 3.022613e-07
1.400000e+00 -2.400000e+00 2.233426e-06
1.400000e+00 -2.200000e+00 1.406285e-05
1.400000e+00 -2.000000e+00 7.545502e-05
1.400000e+00 -1.800000e+00 3.449973e-04
1.400000e+00 -1.600000e+00 1.344176e-03
1.400000e+00 -1.400000e+00 4.462823e-03
1.400000e+00 -1.200000e+00 1.262629e-02
1.400000e+00 -1.000000e+00 3.044073e-02
1.400000e+00 -8.000000e-01 6.253844e-02
1.400000e+00 -6.000000e-01 1.094843e-01
1.400000e+00 -4.000000e-01 1.633314e-01
1.400000e+00 -2.000000e-01 2.076349e-01
1.400000e+00 0.000000e+00 2.249282e-01
1.400000e+00 2.000000e-01 2.076349e-01
1.400000e+00 4.000000e-01 1.633314e-01
1.400000e+00 6.000000e-01 1.094843e-01
1.400000e+00 8.000000e-01 6.253844e-02
1.400000e+00 1.000000e+00 3.044073e-02
1.400000e+00 1.200000e+00 1.262629e-02
1.400000e+00 1.400000e+00 4.462823e-03
1.400000e+00 1.600000e+00 1.344176e-03
1.400000e+00 1.800000e+00 3.449973e-04
1.400000e+00 2.000000e+00 7.545502e-05
1.400000e+00 2.200000e+00 1.406285e-05
1.400000e+00 2.400000e+00 2.233426e-06
1.400000e+00 2.600000e+00 3.022613e-07
1.400000e+00 2.800000e+00 3.485833e-08
1.400000e+00 3.000000e+00 3.425653e-09
1.400000e+00 3.200000e+00 2.868752e-10
1.400000e+00 3.400000e+00 2.047178e-11
1.400000e+00 3.600000e+00 1.244890e-12
1.400000e+00 3.800000e+00 6.450886e-14
1.400000e+00 4.000000e+00 2.848529e-15
1.400000e+00 4.200000e+00 1.071852e-16
1.400000e+00 4.400000e+00 3.436859e-18
1.400000e+00 4.600000e+00 9.390777e-20
1.400000e+00 4.800000e+00 2.186524e-21

1.600000e+00 -5.000000e+00 3.213894e-23
1.600000e+00 -4.800000e+00 1.619817e-21
1.600000e+00 -4.600000e+00 6.956859e-20
1.600000e+00 -4.400000e+00 2.546087e-18
1.600000e+00 -4.200000e+00 7.940472e-17
1.600000e+00 -4.000000e+00 2.110242e-15
1.600000e+00 -3.800000e+00 4.778934e-14
1.600000e+00 -3.600000e+00 9.222373e-13
1.600000e+00 -3.400000e+00 1.516587e-11
1.600000e+00 -3.200000e+00 2.125224e-10
1.600000e+00 -3.000000e+00 2.537786e-09
1.600000e+00 -2.800000e+00 2.582368e-08
1.600000e+00 -2.600000e+00 2.239207e-07
1.600000e+00 -2.400000e+00 1.654563e-06
1.600000e+00 -2.200000e+00 1.041802e-05
1.600000e+00 -2.000000e+00 5.589845e-05
1.600000e+00 -1.800000e+00 2.555803e-04
1.600000e+00 -1.600000e+00 9.957903e-04
1.600000e+00 -1.400000e+00 3.306140e-03
1.600000e+00 -1.200000e+00 9.353789e-03
1.600000e+00 -1.000000e+00 2.255105e-02
1.600000e+00 -8.000000e-01 4.632962e-02
1.600000e+00 -6.000000e-01 8.110799e-02
1.600000e+00 -4.000000e-01 1.209989e-01
1.600000e+00 -2.000000e-01 1.538197e-01
1.600000e+00 0.000000e+00 1.666309e-01
1.600000e+00 2.000000e-01 1.538197e-01
1.600000e+00 4.000000e-01 1.209989e-01
1.600000e+00 6.000000e-01 8.110799e-02
1.600000e+00 8.000000e-01 4.632962e-02
1.600000e+00 1.000000e+00 2.255105e-02
1.600000e+00 1.200000e+00 9.353789e-03
1.600000e+00 1.400000e+00 3.306140e-03
1.600000e+00 1.600000e+00 9.957903e-04
1.600000e+00 1.800000e+00 2.555803e-04
1.600000e+00 2.000000e+00 5.589845e-05
1.600000e+00 2.200000e+00 1.041802e-05
1.600000e+00 2.400000e+00 1.654563e-06
1.600000e+00 2.600000e+00 2.239207e-07
1.600000e+00 2.800000e+00 2.582368e-08
1.600000e+00 3.000000e+00 2.537786e-09
1.600000e+00 3.200000e+00 2.125224e-10
1.600000e+00 3.400000e+00 1.516587e-11
1.600000e+00 3.600000e+00 9.222373e-13
1.600000e+00 3.800000e+00 4.778934e-14
1.600000e+00 4.000000e+00 2.110242e-15
1.600000e+00 4.200000e+00 7.940472e-17
1.600000e+00 4.400000e+00 2.546087e-18
1.600000e+00 4.600000e+00 6.956859e-20
1.600000e+00 4.800000e+00 1.619817e-21

1.800000e+00 -5.000000e+00 2.287554e-23
1.800000e+00 -4.800000e+00 1.152938e-21
1.800000e+00 -4.600000e+00 4.951686e-20
1.800000e+00 -4.400000e+00 1.812229e-18
1.800000e+00 -4.200000e+00 5.651792e-17
1.800000e+00 -4.000000e+00 1.502008e-15
1.800000e+00 -3.800000e+00 3.401503e-14
1.800000e+00 -3.600000e+00 6.564211e-13
1.800000e+00 -3.400000e+00 1.079461e-11
1.800000e+00 -3.200000e+00 1.512671e-10
1.800000e+00 -3.000000e+00 1.806321e-09
1.800000e+00 -2.800000e+00 1.838053e-08
1.800000e+00 -2.600000e+00 1.593801e-07
1.800000e+00 -2.400000e+00 1.177669e-06
1.800000e+00 -2.200000e+00 7.415235e-06
1.800000e+00 -2.000000e+00 3.978686e-05
1.800000e+00 -1.800000e+00 1.819145e-04
1.800000e+00 -1.600000e+00 7.087740e-04
1.800000e+00 -1.400000e+00 2.353213e-03
1.800000e+00 -1.200000e+00 6.657749e-03
1.800000e+00 -1.000000e+00 1.605117e-02
1.800000e+00 -8.000000e-01 3.297605e-02
1.800000e+00 -6.000000e-01 5.773026e-02
1.800000e+00 -4.000000e-01 8.612343e-02
1.800000e+00 -2.000000e-01 1.094843e-01
1.800000e+00 0.000000e+00 1.186030e-01
1.800000e+00 2.000000e-01 1.094843e-01
1.800000e+00 4.000000e-01 8.612343e-02
1.800000e+00 6.000000e-01 5.773026e-02
1.800000e+00 8.000000e-01 3.297605e-02
1.800000e+00 1.000000e+00 1.605117e-02
1.800000e+00 1.200000e+00 6.657749e-03
1.800000e+00 1.400000e+00 2.353213e-03
1.800000e+00 1.600000e+00 7.087740e-04
1.800000e+00 1.800000e+00 1.819145e-04
1.800000e+00 2.000000e+00 3.978686e-05
1.800000e+00 2.200000e+00 7.415235e-06
1.800000e+00 2.400000e+00 1.177669e-06
1.800000e+00 2.600000e+00 1.593801e-07
1.800000e+00 2.800000e+00 1.838053e-08
1.800000e+00 3.000000e+00 1.806321e-09
1.800000e+00 3.200000e+00 1.512671e-10
1.800000e+00 3.400000e+00 1.079461e-11
1.800000e+00 3.600000e+00 6.564211e-13
1.800000e+00 3.800000e+00 3.401503e-14
1.800000e+00 4.000000e+00 1.502008e-15
1.800000e+00 4.200000e+00 5.651792e-17
1.800000e+00 4.400000e+00 1.812229e-18
1.800000e+00 4.600000e+00 4.951686e-20
1.800000e+00 4.800000e+00 1.152938e-21

2.000000e+00 -5.000000e+00 1.564370e-23
2.000000e+00 -4.800000e+00 7.884495e-22
2.000000e+00 -4.600000e+00 3.386267e-20
2.000000e+00 -4.400000e+00 1.239314e-18
2.000000e+00 -4.200000e+00 3.865043e-17
2.000000e+00 -4.000000e+00 1.027165e-15
2.000000e+00 -3.800000e+00 2.326157e-14
2.000000e+00 -3.600000e+00 4.489011e-13
2.000000e+00 -3.400000e+00 7.382020e-12
2.000000e+00 -3.200000e+00 1.034457e-10
2.000000e+00 -3.000000e+00 1.235273e-09
2.000000e+00 -2.800000e+00 1.256974e-08
2.000000e+00 -2.600000e+00 1.089939e-07
2.000000e+00 -2.400000e+00 8.053621e-07
2.000000e+00 -2.200000e+00 5.070993e-06
2.000000e+00 -2.000000e+00 2.720870e-05
2.000000e+00 -1.800000e+00 1.244043e-04
2.000000e+00 -1.600000e+00 4.847032e-04
2.000000e+00 -1.400000e+00 1.609271e-03
2.000000e+00 -1.200000e+00 4.552978e-03
2.000000e+00 -1.000000e+00 1.097677e-02
2.000000e+00 -8.000000e-01 2.255105e-02
2.000000e+00 -6.000000e-01 3.947950e-02
2.000000e+00 -4.000000e-01 5.889649e-02
2.000000e+00 -2.000000e-01 7.487211e-02
2.000000e+00 0.000000e+00 8.110799e-02
2.000000e+00 2.000000e-01 7.487211e-02
2.000000e+00 4.000000e-01 5.889649e-02
2.000000e+00 6.000000e-01 3.947950e-02
2.000000e+00 8.000000e-01 2.255105e-02
2.000000e+00 1.000000e+00 1.097677e-02
2.000000e+00 1.200000e+00 4.552978e-03
2.000000e+00 1.400000e+00 1.609271e-03
2.000000e+00 1.600000e+00 4.847032e-04
2.000000e+00 1.800000e+00 1.244043e-04
2.000000e+00 2.000000e+00 2.720870e-05
2.000000e+00 2.200000e+00 5.070993e-06
2.000000e+00 2.400000e+00 8.053621e-07
2.000000e+00 2.600000e+00 1.089939e-07
2.000000e+00 2.800000e+00 1.256974e-08
2.000000e+00 3.000000e+00 1.235273e-09
2.000000e+00 3.200000e+00 1.034457e-10
2.000000e+00 3.400000e+00 7.382020e-12
2.000000e+00 3.600000e+00 4.489011e-13
2.000000e+00 3.800000e+00 2.326157e-14
2.000000e+00 4.000000e+00 1.027165e-15
2.000000e+00 4.200000e+00 3.865043e-17
2.000000e+00 4.400000e+00 1.239314e-18
2.000000e+00 4.600000e+00 3.386267e-20
2.000000e+00 4.800000e+00 7.884495e-22

2.200000e+00 -5.000000e+00 1.027864e-23
2.200000e+00 -4.800000e+00 5.180483e-22
2.200000e+00 -4.600000e+00 2.224936e-20
2.200000e+00 -4.400000e+00 8.142872e-19
2.200000e+00 -4.200000e+00 2.539514e-17
2.200000e+00 -4.000000e+00 6.748955e-16
2.200000e+00 -3.800000e+00 1.528394e-14
2.200000e+00 -3.600000e+00 2.949490e-13
2.200000e+00 -3.400000e+00 4.850333e-12
2.200000e+00 -3.200000e+00 6.796870e-11
2.200000e+00 -3.000000e+00 8.116322e-10
2.200000e+00 -2.800000e+00 8.258905e-09
2.200000e+00 -2.600000e+00 7.161410e-08
2.200000e+00 -2.400000e+00 5.291606e-07
2.200000e+00 -2.200000e+00 3.331880e-06
2.200000e+00 -2.000000e+00 1.787739e-05
2.200000e+00 -1.800000e+00 8.173945e-05
2.200000e+00 -1.600000e+00 3.184727e-04
2.200000e+00 -1.400000e+00 1.057367e-03
2.200000e+00 -1.200000e+00 2.991519e-03
2.200000e+00 -1.000000e+00 7.212253e-03
2.200000e+00 -8.000000e-01 1.481709e-02
2.200000e+00 -6.000000e-01 2.593988e-02
2.200000e+00 -4.000000e-01 3.869775e-02
2.200000e+00 -2.000000e-01 4.919448e-02
2.200000e+00 0.000000e+00 5.329175e-02
2.200000e+00 2.000000e-01 4.919448e-02
2.200000e+00 4.000000e-01 3.869775e-02
2.200000e+00 6.000000e-01 2.593988e-02
2.200000e+00 8.000000e-01 1.481709e-02
2.200000e+00 1.000000e+00 7.212253e-03
2.200000e+00 1.200000e+00 2.991519e-03
2.200000e+00 1.400000e+00 1.057367e-03
2.200000e+00 1.600000e+00 3.184727e-04
2.200000e+00 1.800000e+00 8.173945e-05
2.200000e+00 2.000000e+00 1.787739e-05
2.200000e+00 2.200000e+00 3.331880e-06
2.200000e+00 2.400000e+00 5.291606e-07
2.200000e+00 2.600000e+00 7.161410e-08
2.200000e+00 2.800000e+00 8.258905e-09
2.200000e+00 3.000000e+00 8.116322e-10
2.200000e+00 3.200000e+00 6.796870e-11
2.200000e+00 3.400000e+00 4.850333e-12
2.200000e+00 3.600000e+00 2.949490e-13
2.200000e+00 3.800000e+00 1.528394e-14
2.200000e+00 4.000000e+00 6.748955e-16
2.200000e+00 4.200000e+00 2.539514e-17
2.200000e+00 4.400000e+00 8.142872e-19
2.200000e+00 4.600000e+00 2.224936e-20
2.200000e+00 4.800000e+00 5.180483e-22

2.400000e+00 -5.000000e+00 6.488740e-24
2.400000e+00 -4.800000e+00 3.270354e-22
2.400000e+00 -4.600000e+00 1.404566e-20
2.400000e+00 -4.400000e+00 5.140462e-19
2.400000e+00 -4.200000e+00 1.603154e-17
2.400000e+00 -4.000000e+00 4.260505e-16
2.400000e+00 -3.800000e+00 9.648501e-15
2.400000e+00 -3.600000e+00 1.861965e-13
2.400000e+00 -3.400000e+00 3.061936e-12
2.400000e+00 -3.200000e+00 4.290753e-11
2.400000e+00 -3.000000e+00 5.123701e-10
2.400000e+00 -2.800000e+00 5.213712e-09
2.400000e+00 -2.600000e+00 4.520881e-08
2.400000e+00 -2.400000e+00 3.340504e-07
2.400000e+00 -2.200000e+00 2.103361e-06
2.400000e+00 -2.000000e+00 1.128570e-05
2.400000e+00 -1.800000e+00 5.160078e-05
2.400000e+00 -1.600000e+00 2.010466e-04
2.400000e+00 -1.400000e+00 6.674982e-04
2.400000e+00 -1.200000e+00 1.888497e-03
2.400000e+00 -1.000000e+00 4.552978e-03
2.400000e+00 -8.000000e-01 9.353789e-03
2.400000e+00 -6.000000e-01 1.637542e-02
2.400000e+00 -4.000000e-01 2.442926e-02
2.400000e+00 -2.000000e-01 3.105567e-02
2.400000e+00 0.000000e+00 3.364221e-02
2.400000e+00 2.000000e-01 3.105567e-02
2.400000e+00 4.000000e-01 2.442926e-02
2.400000e+00 6.000000e-01 1.637542e-02
2.400000e+00 8.000000e-01 9.353789e-03
2.400000e+00 1.000000e+00 4.552978e-03
2.400000e+00 1.200000e+00 1.888497e-03
2.400000e+00 1.400000e+00 6.674982e-04
2.400000e+00 1.600000e+00 2.010466e-04
2.400000e+00 1.800000e+00 5.160078e-05
2.400000e+00 2.000000e+00 1.128570e-05
2.400000e+00 2.200000e+00 2.103361e-06
2.400000e+00 2.400000e+00 3.340504e-07
2.400000e+00 2.600000e+00 4.520881e-08
2.400000e+00 2.800000e+00 5.213712e-09
2.400000e+00 3.000000e+00 5.123701e-10
2.400000e+00 3.200000e+00 4.290753e-11
2.400000e+00 3.400000e+00 3.061936e-12
2.400000e+00 3.600000e+00 1.861965e-13
2.400000e+00 3.800000e+00 9.648501e-15
2.400000e+00 4.000000e+00 4.260505e-16
2.400000e+00 4.200000e+00 1.603154e-17
2.400000e+00 4.400000e+00 5.140462e-19
2.400000e+00 4.600000e+00 1.404566e-20
2.400000e+00 4.800000e+00 3.270354e-22

2.600000e+00 -5.000000e+00 3.935620e-24
2.600000e+00 -4.800000e+00 1.983570e-22
2.600000e+00 -4.600000e+00 8.519121e-21
2.600000e+00 -4.400000e+00 3.117848e-19
2.600000e+00 -4.200000e+00 9.723619e-18
2.600000e+00 -4.000000e+00 2.584127e-16
2.600000e+00 -3.800000e+00 5.852112e-15
2.600000e+00 -3.600000e+00 1.129339e-13
2.600000e+00 -3.400000e+00 1.857158e-12
2.600000e+00 -3.200000e+00 2.602473e-11
2.600000e+00 -3.000000e+00 3.107682e-10
2.600000e+00 -2.800000e+00 3.162276e-09
2.600000e+00 -2.600000e+00 2.742053e-08
2.600000e+00 -2.400000e+00 2.026118e-07
2.600000e+00 -2.200000e+00 1.275753e-06
2.600000e+00 -2.000000e+00 6.845125e-06
2.600000e+00 -1.800000e+00 3.129745e-05
2.600000e+00 -1.600000e+00 1.219409e-04
2.600000e+00 -1.400000e+00 4.048581e-04
2.600000e+00 -1.200000e+00 1.145432e-03
2.600000e+00 -1.000000e+00 2.761521e-03
2.600000e+00 -8.000000e-01 5.673360e-03
2.600000e+00 -6.000000e-01 9.932194e-03
2.600000e+00 -4.000000e-01 1.481709e-02
2.600000e+00 -2.000000e-01 1.883622e-02
2.600000e+00 0.000000e+00 2.040503e-02
2.600000e+00 2.000000e-01 1.883622e-02
2.600000e+00 4.000000e-01 1.481709e-02
2.600000e+00 6.000000e-01 9.932194e-03
2.600000e+00 8.000000e-01 5.673360e-03
2.600000e+00 1.000000e+00 2.761521e-03
2.600000e+00 1.200000e+00 1.145432e-03
2.600000e+00 1.400000e+00 4.048581e-04
2.600000e+00 1.600000e+00 1.219409e-04
2.600000e+00 1.800000e+00 3.129745e-05
2.600000e+00 2.000000e+00 6.845125e-06
2.600000e+00 2.200000e+00 1.275753e-06
2.600000e+00 2.400000e+00 2.026118e-07
2.600000e+00 2.600000e+00 2.742053e-08
2.600000e+00 2.800000e+00 3.162276e-09
2.600000e+00 3.000000e+00 3.107682e-10
2.600000e+00 3.200000e+00 2.602473e-11
2.600000e+00 3.400000e+00 1.857158e-12
2.600000e+00 3.600000e+00 1.129339e-13
2.600000e+00 3.800000e+00 5.852112e-15
2.600000e+00 4.000000e+00 2.584127e-16
2.600000e+00 4.200000e+00 9.723619e-18
2.600000e+00 4.400000e+00 3.117848e-19
2.600000e+00 4.600000e+00 8.519121e-21
2.600000e+00 4.800000e+00 1.983570e-22

2.800000e+00 -5.000000e+00 2.293476e-24
2.800000e+00 -4.800000e+00 1.155922e-22
2.800000e+00 -4.600000e+00 4.964503e-21
2.800000e+00 -4.400000e+00 1.816920e-19
2.800000e+00 -4.200000e+00 5.666422e-18
2.800000e+00 -4.000000e+00 1.505895e-16
2.800000e+00 -3.800000e+00 3.410308e-15
2.800000e+00 -3.600000e+00 6.581202e-14
2.800000e+00 -3.400000e+00 1.082255e-12
2.800000e+00 -3.200000e+00 1.516587e-11
2.800000e+00 -3.000000e+00 1.810996e-10
2.800000e+00 -2.800000e+00 1.842811e-09
2.800000e+00 -2.600000e+00 1.597927e-08
2.800000e+00 -2.400000e+00 1.180717e-07
2.800000e+00 -2.200000e+00 7.434429e-07
2.800000e+00 -2.000000e+00 3.988985e-06
2.800000e+00 -1.800000e+00 1.823854e-05
2.800000e+00 -1.600000e+00 7.106086e-05
2.800000e+00 -1.400000e+00 2.359304e-04
2.800000e+00 -1.200000e+00 6.674982e-04
2.800000e+00 -1.000000e+00 1.609271e-03
2.800000e+00 -8.000000e-01 3.306140e-03
2.800000e+00 -6.000000e-01 5.787969e-03
2.800000e+00 -4.000000e-01 8.634635e-03
2.800000e+00 -2.000000e-01 1.097677e-02
2.800000e+00 0.000000e+00 1.189100e-02
2.800000e+00 2.000000e-01 1.097677e-02
2.800000e+00 4.000000e-01 8.634635e-03
2.800000e+00 6.000000e-01 5.787969e-03
2.800000e+00 8.000000e-01 3.306140e-03
2.800000e+00 1.000000e+00 1.609271e-03
2.800000e+00 1.200000e+00 6.674982e-04
2.800000e+00 1.400000e+00 2.359304e-04
2.800000e+00 1.600000e+00 7.106086e-05
2.800000e+00 1.800000e+00 1.823854e-05
2.800000e+00 2.000000e+00 3.988985e-06
2.800000e+00 2.200000e+00 7.434429e-07
2.800000e+00 2.400000e+00 1.180717e-07
2.800000e+00 2.600000e+00 1.597927e-08
2.800000e+00 2.800000e+00 1.842811e-09
2.800000e+00 3.000000e+00 1.810996e-10
2.800000e+00 3.200000e+00 1.516587e-11
2.800000e+00 3.400000e+00 1.082255e-12
2.800000e+00 3.600000e+00 6.581202e-14
2.800000e+00 3.800000e+00 3.410308e-15
2.800000e+00 4.000000e+00 1.505895e-16
2.800000e+00 4.200000e+00 5.666422e-18
2.800000e+00 4.400000e+00 1.816920e-19
2.800000e+00 4.600000e+00 4.964503e-21
2.800000e+00 4.800000e+00 1.155922e-22

3.000000e+00 -5.000000e+00 1.284113e-24
3.000000e+00 -4.800000e+00 6.471988e-23
3.000000e+00 -4.600000e+00 2.779617e-21
3.000000e+00 -4.400000e+00 1.017291e-19
3.000000e+00 -4.200000e+00 3.172620e-18
3.000000e+00 -4.000000e+00 8.431484e-17
3.000000e+00 -3.800000e+00 1.909426e-15
3.000000e+00 -3.600000e+00 3.684805e-14
3.000000e+00 -3.400000e+00 6.059531e-13
3.000000e+00 -3.200000e+00 8.491344e-12
3.000000e+00 -3.000000e+00 1.013974e-10
3.000000e+00 -2.800000e+00 1.031787e-09
3.000000e+00 -2.600000e+00 8.946765e-09
3.000000e+00 -2.400000e+00 6.610815e-08
3.000000e+00 -2.200000e+00 4.162525e-07
3.000000e+00 -2.000000e+00 2.233426e-06
3.000000e+00 -1.800000e+00 1.021173e-05
3.000000e+00 -1.600000e+00 3.978686e-05
3.000000e+00 -1.400000e+00 1.320970e-04
3.000000e+00 -1.200000e+00 3.737312e-04
3.000000e+00 -1.000000e+00 9.010284e-04
3.000000e+00 -8.000000e-01 1.851103e-03
3.000000e+00 -6.000000e-01 3.240674e-03
3.000000e+00 -4.000000e-01 4.834518e-03
3.000000e+00 -2.000000e-01 6.145877e-03
3.000000e+00 0.000000e+00 6.657749e-03
3.000000e+00 2.000000e-01 6.145877e-03
3.000000e+00 4.000000e-01 4.834518e-03
3.000000e+00 6.000000e-01 3.240674e-03
3.000000e+00 8.000000e-01 1.851103e-03
3.000000e+00 1.000000e+00 9.010284e-04
3.000000e+00 1.200000e+00 3.737312e-04
3.000000e+00 1.400000e+00 1.320970e-04
3.000000e+00 1.600000e+00 3.978686e-05
3.000000e+00 1.800000e+00 1.021173e-05
3.000000e+00 2.000000e+00 2.233426e-06
3.000000e+00 2.200000e+00 4.162525e-07
3.000000e+00 2.400000e+00 6.610815e-08
3.000000e+00 2.600000e+00 8.946765e-09
3.000000e+00 2.800000e+00 1.031787e-09
3.000000e+00 3.000000e+00 1.013974e-10
3.000000e+00 3.200000e+00 8.491344e-12
3.000000e+00 3.400000e+00 6.059531e-13
3.000000e+00 3.600000e+00 3.684805e-14
3.000000e+00 3.800000e+00 1.909426e-15
3.000000e+00 4.000000e+00 8.431484e-17
3.000000e+00 4.200000e+00 3.172620e-18
3.000000e+00 4.400000e+00 1.017291e-19
3.000000e+00 4.600000e+00 2.779617e-21
3.000000e+00 4.800000e+00 6.471988e-23

3.200000e+00 -5.000000e+00 6.907816e-25
3.200000e+00 -4.800000e+00 3.481570e-23
3.200000e+00 -4.600000e+00 1.495279e-21
3.200000e+00 -4.400000e+00 5.472459e-20
3.200000e+00 -4.200000e+00 1.706693e-18
3.200000e+00 -4.000000e+00 4.535670e-17
3.200000e+00 -3.800000e+00 1.027165e-15
3.200000e+00 -3.600000e+00 1.982220e-14
3.200000e+00 -3.400000e+00 3.259691e-13
3.200000e+00 -3.200000e+00 4.567871e-12
3.200000e+00 -3.000000e+00 5.454616e-11
3.200000e+00 -2.800000e+00 5.550439e-10
3.200000e+00 -2.600000e+00 4.812862e-09
3.200000e+00 -2.400000e+00 3.556251e-08
3.200000e+00 -2.200000e+00 2.239207e-07
3.200000e+00 -2.000000e+00 1.201459e-06
3.200000e+00 -1.800000e+00 5.493342e-06
3.200000e+00 -1.600000e+00 2.140312e-05
3.200000e+00 -1.400000e+00 7.106086e-05
3.200000e+00 -1.200000e+00 2.010466e-04
3.200000e+00 -1.000000e+00 4.847032e-04
3.200000e+00 -8.000000e-01 9.957903e-04
3.200000e+00 -6.000000e-01 1.743303e-03
3.200000e+00 -4.000000e-01 2.600702e-03
3.200000e+00 -2.000000e-01 3.306140e-03
3.200000e+00 0.000000e+00 3.581499e-03
3.200000e+00 2.000000e-01 3.306140e-03
3.200000e+00 4.000000e-01 2.600702e-03
3.200000e+00 6.000000e-01 1.743303e-03
3.200000e+00 8.000000e-01 9.957903e-04
3.200000e+00 1.000000e+00 4.847032e-04
3.200000e+00 1.200000e+00 2.010466e-04
3.200000e+00 1.400000e+00 7.106086e-05
3.200000e+00 1.600000e+00 2.140312e-05
3.200000e+00 1.800000e+00 5.493342e-06
3.200000e+00 2.000000e+00 1.201459e-06
3.200000e+00 2.200000e+00 2.239207e-07
3.200000e+00 2.400000e+00 3.556251e-08
3.200000e+00 2.600000e+00 4.812862e-09
3.200000e+00 2.800000e+00 5.550439e-10
3.200000e+00 3.000000e+00 5.454616e-11
3.200000e+00 3.200000e+00 4.567871e-12
3.200000e+00 3.400000e+00 3.259691e-13
3.200000e+00 3.600000e+00 1.982220e-14
3.200000e+00 3.800000e+00 1.027165e-15
3.200000e+00 4.000000e+00 4.535670e-17
3.200000e+00 4.200000e+00 1.706693e-18
3.200000e+00 4.400000e+00 5.472459e-20
3.200000e+00 4.600000e+00 1.495279e-21
3.200000e+00 4.800000e+00 3.481570e-23

3.400000e+00 -5.000000e+00 3.570314e-25
3.400000e+00 -4.800000e+00 1.799454e-23
3.400000e+00 -4.600000e+00 7.728372e-22
3.400000e+00 -4.400000e+00 2.828448e-20
3.400000e+00 -4.200000e+00 8.821068e-19
3.400000e+00 -4.000000e+00 2.344267e-17
3.400000e+00 -3.800000e+00 5.308916e-16
3.400000e+00 -3.600000e+00 1.024513e-14
3.400000e+00 -3.400000e+00 1.684776e-13
3.400000e+00 -3.200000e+00 2.360910e-12
3.400000e+00 -3.000000e+00 2.819225e-11
3.400000e+00 -2.800000e+00 2.868752e-10
3.400000e+00 -2.600000e+00 2.487534e-09
3.400000e+00 -2.400000e+00 1.838053e-08
3.400000e+00 -2.200000e+00 1.157337e-07
3.400000e+00 -2.000000e+00 6.209757e-07
3.400000e+00 -1.800000e+00 2.839241e-06
3.400000e+00 -1.600000e+00 1.106223e-05
3.400000e+00 -1.400000e+00 3.672790e-05
3.400000e+00 -1.200000e+00 1.039112e-04
3.400000e+00 -1.000000e+00 2.505195e-04
3.400000e+00 -8.000000e-01 5.146756e-04
3.400000e+00 -6.000000e-01 9.010284e-04
3.400000e+00 -4.000000e-01 1.344176e-03
3.400000e+00 -2.000000e-01 1.708783e-03
3.400000e+00 0.000000e+00 1.851103e-03
3.400000e+00 2.000000e-01 1.708783e-03
3.400000e+00 4.000000e-01 1.344176e-03
3.400000e+00 6.000000e-01 9.010284e-04
3.400000e+00 8.000000e-01 5.146756e-04
3.400000e+00 1.000000e+00 2.505195e-04
3.400000e+00 1.200000e+00 1.039112e-04
3.400000e+00 1.400000e+00 3.672790e-05
3.400000e+00 1.600000e+00 1.106223e-05
3.400000e+00 1.800000e+00 2.839241e-06
3.400000e+00 2.000000e+00 6.209757e-07
3.400000e+00 2.200000e+00 1.157337e-07
3.400000e+00 2.400000e+00 1.838053e-08
3.400000e+00 2.600000e+00 2.487534e-09
3.400000e+00 2.800000e+00 2.868752e-10
3.400000e+00 3.000000e+00 2.819225e-11
3.400000e+00 3.200000e+00 2.360910e-12
3.400000e+00 3.400000e+00 1.684776e-13
3.400000e+00 3.600000e+00 1.024513e-14
3.400000e+00 3.800000e+00 5.308916e-16
3.400000e+00 4.000000e+00 2.344267e-17
3.400000e+00 4.200000e+00 8.821068e-19
3.400000e+00 4.400000e+00 2.828448e-20
3.400000e+00 4.600000e+00 7.728372e-22
3.400000e+00 4.800000e+00 1.799454e-23

3.600000e+00 -5.000000e+00 1.772965e-25
3.600000e+00 -4.800000e+00 8.935824e-24
3.600000e+00 -4.600000e+00 3.837796e-22
3.600000e+00 -4.400000e+00 1.404566e-20
3.600000e+00 -4.200000e+00 4.380413e-19
3.600000e+00 -4.000000e+00 1.164129e-17
3.600000e+00 -3.800000e+00 2.636330e-16
3.600000e+00 -3.600000e+00 5.087581e-15
3.600000e+00 -3.400000e+00 8.366348e-14
3.600000e+00 -3.200000e+00 1.172393e-12
3.600000e+00 -3.000000e+00 1.399986e-11
3.600000e+00 -2.800000e+00 1.424580e-10
3.600000e+00 -2.600000e+00 1.235273e-09
3.600000e+00 -2.400000e+00 9.127502e-09
3.600000e+00 -2.200000e+00 5.747166e-08
3.600000e+00 -2.000000e+00 3.083674e-07
3.600000e+00 -1.800000e+00 1.409925e-06
3.600000e+00 -1.600000e+00 5.493342e-06
3.600000e+00 -1.400000e+00 1.823854e-05
3.600000e+00 -1.200000e+00 5.160078e-05
3.600000e+00 -1.000000e+00 1.244043e-04
3.600000e+00 -8.000000e-01 2.555803e-04
3.600000e+00 -6.000000e-01 4.474374e-04
3.600000e+00 -4.000000e-01 6.674982e-04
3.600000e+00 -2.000000e-01 8.485565e-04
3.600000e+00 0.000000e+00 9.192303e-04
3.600000e+00 2.000000e-01 8.485565e-04
3.600000e+00 4.000000e-01 6.674982e-04
3.600000e+00 6.000000e-01 4.474374e-04
3.600000e+00 8.000000e-01 2.555803e-04
3.600000e+00 1.000000e+00 1.244043e-04
3.600000e+00 1.200000e+00 5.160078e-05
3.600000e+00 1.400000e+00 1.823854e-05
3.600000e+00 1.600000e+00 5.493342e-06
3.600000e+00 1.800000e+00 1.409925e-06
3.600000e+00 2.000000e+00 3.083674e-07
3.600000e+00 2.200000e+00 5.747166e-08
3.600000e+00 2.400000e+00 9.127502e-09
3.600000e+00 2.600000e+00 1.235273e-09
3.600000e+00 2.800000e+00 1.424580e-10
3.600000e+00 3.000000e+00 1.399986e-11
3.600000e+00 3.200000e+00 1.172393e-12
3.600000e+00 3.400000e+00 8.366348e-14
3.600000e+00 3.600000e+00 5.087581e-15
3.600000e+00 3.800000e+00 2.636330e-16
3.600000e+00 4.000000e+00 1.164129e-17
3.600000e+00 4.200000e+00 4.380413e-19
3.600000e+00 4.400000e+00 1.404566e-20
3.600000e+00 4.600000e+00 3.837796e-22
3.600000e+00 4.800000e+00 8.935824e-24

3.800000e+00 -5.000000e+00 8.459065e-26
3.800000e+00 -4.800000e+00 4.263406e-24
3.800000e+00 -4.600000e+00 1.831066e-22
3.800000e+00 -4.400000e+00 6.701378e-21
3.800000e+00 -4.200000e+00 2.089956e-19
3.800000e+00 -4.000000e+00 5.554219e-18
3.800000e+00 -3.800000e+00 1.257830e-16
3.800000e+00 -3.600000e+00 2.427356e-15
3.800000e+00 -3.400000e+00 3.991701e-14
3.800000e+00 -3.200000e+00 5.593652e-13
3.800000e+00 -3.000000e+00 6.679528e-12
3.800000e+00 -2.800000e+00 6.796870e-11
3.800000e+00 -2.600000e+00 5.893659e-10
3.800000e+00 -2.400000e+00 4.354858e-09
3.800000e+00 -2.200000e+00 2.742053e-08
3.800000e+00 -2.000000e+00 1.471264e-07
3.800000e+00 -1.800000e+00 6.726950e-07
3.800000e+00 -1.600000e+00 2.620950e-06
3.800000e+00 -1.400000e+00 8.701859e-06
3.800000e+00 -1.200000e+00 2.461945e-05
3.800000e+00 -1.000000e+00 5.935502e-05
3.800000e+00 -8.000000e-01 1.219409e-04
3.800000e+00 -6.000000e-01 2.134786e-04
3.800000e+00 -4.000000e-01 3.184727e-04
3.800000e+00 -2.000000e-01 4.048581e-04
3.800000e+00 0.000000e+00 4.385776e-04
3.800000e+00 2.000000e-01 4.048581e-04
3.800000e+00 4.000000e-01 3.184727e-04
3.800000e+00 6.000000e-01 2.134786e-04
3.800000e+00 8.000000e-01 1.219409e-04
3.800000e+00 1.000000e+00 5.935502e-05
3.800000e+00 1.200000e+00 2.461945e-05
3.800000e+00 1.400000e+00 8.701859e-06
3.800000e+00 1.600000e+00 2.620950e-06
3.800000e+00 1.800000e+00 6.726950e-07
3.800000e+00 2.000000e+00 1.471264e-07
3.800000e+00 2.200000e+00 2.742053e-08
3.800000e+00 2.400000e+00 4.354858e-09
3.800000e+00 2.600000e+00 5.893659e-10
3.800000e+00 2.800000e+00 6.796870e-11
3.800000e+00 3.000000e+00 6.679528e-12
3.800000e+00 3.200000e+00 5.593652e-13
3.800000e+00 3.400000e+00 3.991701e-14
3.800000e+00 3.600000e+00 2.427356e-15
3.800000e+00 3.800000e+00 1.257830e-16
3.800000e+00 4.000000e+00 5.554219e-18
3.800000e+00 4.200000e+00 2.089956e-19
3.800000e+00 4.400000e+00 6.701378e-21
3.800000e+00 4.600000e+00 1.831066e-22
3.800000e+00 4.800000e+00 4.263406e-24

4.000000e+00 -5.000000e+00 3.877686e-26
4.000000e+00 -4.800000e+00 1.954371e-24
4.000000e+00 -4.600000e+00 8.393716e-23
4.000000e+00 -4.400000e+00 3.071952e-21
4.000000e+00 -4.200000e+00 9.580483e-20
4.000000e+00 -4.000000e+00 2.546087e-18
4.000000e+00 -3.800000e+00 5.765966e-17
4.000000e+00 -3.600000e+00 1.112715e-15
4.000000e+00 -3.400000e+00 1.829820e-14
4.000000e+00 -3.200000e+00 2.564164e-13
4.000000e+00 -3.000000e+00 3.061936e-12
4.000000e+00 -2.800000e+00 3.115726e-11
4.000000e+00 -2.600000e+00 2.701689e-10
4.000000e+00 -2.400000e+00 1.996293e-09
4.000000e+00 -2.200000e+00 1.256974e-08
4.000000e+00 -2.000000e+00 6.744362e-08
4.000000e+00 -1.800000e+00 3.083674e-07
4.000000e+00 -1.600000e+00 1.201459e-06
4.000000e+00 -1.400000e+00 3.988985e-06
4.000000e+00 -1.200000e+00 1.128570e-05
4.000000e+00 -1.000000e+00 2.720870e-05
4.000000e+00 -8.000000e-01 5.589845e-05
4.000000e+00 -6.000000e-01 9.785989e-05
4.000000e+00 -4.000000e-01 1.459898e-04
4.000000e+00 -2.000000e-01 1.855894e-04
4.000000e+00 0.000000e+00 2.010466e-04
4.000000e+00 2.000000e-01 1.855894e-04
4.000000e+00 4.000000e-01 1.459898e-04
4.000000e+00 6.000000e-01 9.785989e-05
4.000000e+00 8.000000e-01 5.589845e-05
4.000000e+00 1.000000e+00 2.720870e-05
4.000000e+00 1.200000e+00 1.128570e-05
4.000000e+00 1.400000e+00 3.988985e-06
4.000000e+00 1.600000e+00 1.201459e-06
4.000000e+00 1.800000e+00 3.083674e-07
4.000000e+00 2.000000e+00 6.744362e-08
4.000000e+00 2.200000e+00 1.256974e-08
4.000000e+00 2.400000e+00 1.996293e-09
4.000000e+00 2.600000e+00 2.701689e-10
4.000000e+00 2.800000e+00 3.115726e-11
4.000000e+00 3.000000e+00 3.061936e-12
4.000000e+00 3.200000e+00 2.564164e-13
4.000000e+00 3.400000e+00 1.829820e-14
4.000000e+00 3.600000e+00 1.112715e-15
4.000000e+00 3.800000e+00 5.765966e-17
4.000000e+00 4.000000e+00 2.546087e-18
4.000000e+00 4.200000e+00 9.580483e-20
4.000000e+00 4.400000e+00 3.071952e-21
4.000000e+00 4.600000e+00 8.393716e-23
4.000000e+00 4.800000e+00 1.954371e-24

4.200000e+00 -5.000000e+00 1.707856e-26
4.200000e+00 -4.800000e+00 8.607669e-25
4.200000e+00 -4.600000e+00 3.696858e-23
4.200000e+00 -4.400000e+00 1.352985e-21
4.200000e+00 -4.200000e+00 4.219548e-20
4.200000e+00 -4.000000e+00 1.121378e-18
4.200000e+00 -3.800000e+00 2.539514e-17
4.200000e+00 -3.600000e+00 4.900747e-16
4.200000e+00 -3.400000e+00 8.059105e-15
4.200000e+00 -3.200000e+00 1.129339e-13
4.200000e+00 -3.000000e+00 1.348573e-12
4.200000e+00 -2.800000e+00 1.372264e-11
4.200000e+00 -2.600000e+00 1.189909e-10
4.200000e+00 -2.400000e+00 8.792307e-10
4.200000e+00 -2.200000e+00 5.536110e-09
4.200000e+00 -2.000000e+00 2.970431e-08
4.200000e+00 -1.800000e+00 1.358148e-07
4.200000e+00 -1.600000e+00 5.291606e-07
4.200000e+00 -1.400000e+00 1.756875e-06
4.200000e+00 -1.200000e+00 4.970581e-06
4.200000e+00 -1.000000e+00 1.198357e-05
4.200000e+00 -8.000000e-01 2.461945e-05
4.200000e+00 -6.000000e-01 4.310059e-05
4.200000e+00 -4.000000e-01 6.429853e-05
4.200000e+00 -2.000000e-01 8.173945e-05
4.200000e+00 0.000000e+00 8.854729e-05
4.200000e+00 2.000000e-01 8.173945e-05
4.200000e+00 4.000000e-01 6.429853e-05
4.200000e+00 6.000000e-01 4.310059e-05
4.200000e+00 8.000000e-01 2.461945e-05
4.200000e+00 1.000000e+00 1.198357e-05
4.200000e+00 1.200000e+00 4.970581e-06
4.200000e+00 1.400000e+00 1.756875e-06
4.200000e+00 1.600000e+00 5.291606e-07
4.200000e+00 1.800000e+00 1.358148e-07
4.200000e+00 2.000000e+00 2.970431e-08
4.200000e+00 2.200000e+00 5.536110e-09
4.200000e+00 2.400000e+00 8.792307e-10
4.200000e+00 2.600000e+00 1.189909e-10
4.200000e+00 2.800000e+00 1.372264e-11
4.200000e+00 3.000000e+00 1.348573e-12
4.200000e+00 3.200000e+00 1.129339e-13
4.200000e+00 3.400000e+00 8.059105e-15
4.200000e+00 3.600000e+00 4.900747e-16
4.200000e+00 3.800000e+00 2.539514e-17
4.200000e+00 4.000000e+00 1.121378e-18
4.200000e+00 4.200000e+00 4.219548e-20
4.200000e+00 4.400000e+00 1.352985e-21
4.200000e+00 4.600000e+00 3.696858e-23
4.200000e+00 4.800000e+00 8.607669e-25

4.400000e+00 -5.000000e+00 7.226998e-27
4.400000e+00 -4.800000e+00 3.642439e-25
4.400000e+00 -4.600000e+00 1.564370e-23
4.400000e+00 -4.400000e+00 5.725319e-22
4.400000e+00 -4.200000e+00 1.785553e-20
4.400000e+00 -4.000000e+00 4.745244e-19
4.400000e+00 -3.800000e+00 1.074626e-17
4.400000e+00 -3.600000e+00 2.073810e-16
4.400000e+00 -3.400000e+00 3.410308e-15
4.400000e+00 -3.200000e+00 4.778934e-14
4.400000e+00 -3.000000e+00 5.706651e-13
4.400000e+00 -2.800000e+00 5.806902e-12
4.400000e+00 -2.600000e+00 5.035245e-11
4.400000e+00 -2.400000e+00 3.720571e-10
4.400000e+00 -2.200000e+00 2.342672e-09
4.400000e+00 -2.000000e+00 1.256974e-08
4.400000e+00 -1.800000e+00 5.747166e-08
4.400000e+00 -1.600000e+00 2.239207e-07
4.400000e+00 -1.400000e+00 7.434429e-07
4.400000e+00 -1.200000e+00 2.103361e-06
4.400000e+00 -1.000000e+00 5.070993e-06
4.400000e+00 -8.000000e-01 1.041802e-05
4.400000e+00 -6.000000e-01 1.823854e-05
4.400000e+00 -4.000000e-01 2.720870e-05
4.400000e+00 -2.000000e-01 3.458904e-05
4.400000e+00 0.000000e+00 3.746985e-05
4.400000e+00 2.000000e-01 3.458904e-05
4.400000e+00 4.000000e-01 2.720870e-05
4.400000e+00 6.000000e-01 1.823854e-05
4.400000e+00 8.000000e-01 1.041802e-05
4.400000e+00 1.000000e+00 5.070993e-06
4.400000e+00 1.200000e+00 2.103361e-06
4.400000e+00 1.400000e+00 7.434429e-07
4.400000e+00 1.600000e+00 2.239207e-07
4.400000e+00 1.800000e+00 5.747166e-08
4.400000e+00 2.000000e+00 1.256974e-08
4.400000e+00 2.200000e+00 2.342672e-09
4.400000e+00 2.400000e+00 3.720571e-10
4.400000e+00 2.600000e+00 5.035245e-11
4.400000e+00 2.800000e+00 5.806902e-12
4.400000e+00 3.000000e+00 5.706651e-13
4.400000e+00 3.200000e+00 4.778934e-14
4.400000e+00 3.400000e+00 3.410308e-15
4.400000e+00 3.600000e+00 2.073810e-16
4.400000e+00 3.800000e+00 1.074626e-17
4.400000e+00 4.000000e+00 4.745244e-19
4.400000e+00 4.200000e+00 1.785553e-20
4.400000e+00 4.400000e+00 5.725319e-22
4.400000e+00 4.600000e+00 1.564370e-23
4.400000e+00 4.800000e+00 3.642439e-25

4.600000e+00 -5.000000e+00 2.938278e-27
4.600000e+00 -4.800000e+00 1.480905e-25
4.600000e+00 -4.600000e+00 6.360255e-24
4.600000e+00 -4.400000e+00 2.327741e-22
4.600000e+00 -4.200000e+00 7.259516e-21
4.600000e+00 -4.000000e+00 1.929272e-19
4.600000e+00 -3.800000e+00 4.369104e-18
4.600000e+00 -3.600000e+00 8.431484e-17
4.600000e+00 -3.400000e+00 1.386528e-15
4.600000e+00 -3.200000e+00 1.942969e-14
4.600000e+00 -3.000000e+00 2.320151e-13
4.600000e+00 -2.800000e+00 2.360910e-12
4.600000e+00 -2.600000e+00 2.047178e-11
4.600000e+00 -2.400000e+00 1.512671e-10
4.600000e+00 -2.200000e+00 9.524592e-10
4.600000e+00 -2.000000e+00 5.110473e-09
4.600000e+00 -1.800000e+00 2.336623e-08
4.600000e+00 -1.600000e+00 9.103937e-08
4.600000e+00 -1.400000e+00 3.022613e-07
4.600000e+00 -1.200000e+00 8.551629e-07
4.600000e+00 -1.000000e+00 2.061712e-06
4.600000e+00 -8.000000e-01 4.235650e-06
4.600000e+00 -6.000000e-01 7.415235e-06
4.600000e+00 -4.000000e-01 1.106223e-05
4.600000e+00 -2.000000e-01 1.406285e-05
4.600000e+00 0.000000e+00 1.523411e-05
4.600000e+00 2.000000e-01 1.406285e-05
4.600000e+00 4.000000e-01 1.106223e-05
4.600000e+00 6.000000e-01 7.415235e-06
4.600000e+00 8.000000e-01 4.235650e-06
4.600000e+00 1.000000e+00 2.061712e-06
4.600000e+00 1.200000e+00 8.551629e-07
4.600000e+00 1.400000e+00 3.022613e-07
4.600000e+00 1.600000e+00 9.103937e-08
4.600000e+00 1.800000e+00 2.336623e-08
4.600000e+00 2.000000e+00 5.110473e-09
4.600000e+00 2.200000e+00 9.524592e-10
4.600000e+00 2.400000e+00 1.512671e-10
4.600000e+00 2.600000e+00 2.047178e-11
4.600000e+00 2.800000e+00 2.360910e-12
4.600000e+00 3.000000e+00 2.320151e-13
4.600000e+00 3.200000e+00 1.942969e-14
4.600000e+00 3.400000e+00 1.386528e-15
4.600000e+00 3.600000e+00 8.431484e-17
4.600000e+00 3.800000e+00 4.369104e-18
4.600000e+00 4.000000e+00 1.929272e-19
4.600000e+00 4.200000e+00 7.259516e-21
4.600000e+00 4.400000e+00 2.327741e-22
4.600000e+00 4.600000e+00 6.360255e-24
4.600000e+00 4.800000e+00 1.480905e-25

4.800000e+00 -5.000000e+00 1.147773e-27
4.800000e+00 -4.800000e+00 5.784828e-26
4.800000e+00 -4.600000e+00 2.484492e-24
4.800000e+00 -4.400000e+00 9.092804e-23
4.800000e+00 -4.200000e+00 2.835769e-21
4.800000e+00 -4.000000e+00 7.536275e-20
4.800000e+00 -3.800000e+00 1.706693e-18
4.800000e+00 -3.600000e+00 3.293572e-17
4.800000e+00 -3.400000e+00 5.416163e-16
4.800000e+00 -3.200000e+00 7.589780e-15
4.800000e+00 -3.000000e+00 9.063157e-14
4.800000e+00 -2.800000e+00 9.222373e-13
4.800000e+00 -2.600000e+00 7.996847e-12
4.800000e+00 -2.400000e+00 5.908915e-11
4.800000e+00 -2.200000e+00 3.720571e-10
4.800000e+00 -2.000000e+00 1.996293e-09
4.800000e+00 -1.800000e+00 9.127502e-09
4.800000e+00 -1.600000e+00 3.556251e-08
4.800000e+00 -1.400000e+00 1.180717e-07
4.800000e+00 -1.200000e+00 3.340504e-07
4.800000e+00 -1.000000e+00 8.053621e-07
4.800000e+00 -8.000000e-01 1.654563e-06
4.800000e+00 -6.000000e-01 2.896597e-06
4.800000e+00 -4.000000e-01 4.321216e-06
4.800000e+00 -2.000000e-01 5.493342e-06
4.800000e+00 0.000000e+00 5.950866e-06
4.800000e+00 2.000000e-01 5.493342e-06
4.800000e+00 4.000000e-01 4.321216e-06
4.800000e+00 6.000000e-01 2.896597e-06
4.800000e+00 8.000000e-01 1.654563e-06
4.800000e+00 1.000000e+00 8.053621e-07
4.800000e+00 1.200000e+00 3.340504e-07
4.800000e+00 1.400000e+00 1.180717e-07
4.800000e+00 1.600000e+00 3.556251e-08
4.800000e+00 1.800000e+00 9.127502e-09
4.800000e+00 2.000000e+00 1.996293e-09
4.800000e+00 2.200000e+00 3.720571e-10
4.800000e+00 2.400000e+00 5.908915e-11
4.800000e+00 2.600000e+00 7.996847e-12
4.800000e+00 2.800000e+00 9.222373e-13
4.800000e+00 3.000000e+00 9.063157e-14
4.800000e+00 3.200000e+00 7.589780e-15
4.800000e+00 3.400000e+00 5.416163e-16
4.800000e+00 3.600000e+00 3.293572e-17
4.800000e+00 3.800000e+00 1.706693e-18
4.800000e+00 4.000000e+00 7.536275e-20
4.800000e+00 4.200000e+00 2.835769e-21
4.800000e+00 4.400000e+00 9.092804e-23
4.800000e+00 4.600000e+00 2.484492e-24
4.800000e+00 4.800000e+00 5.784828e-26

5.000000e+00 -5.000000e+00 4.307720e-28
5.000000e+00 -4.800000e+00 2.171110e-26
5.000000e+00 -4.600000e+00 9.324576e-25
5.000000e+00 -4.400000e+00 3.412630e-23
5.000000e+00 -4.200000e+00 1.064296e-21
5.000000e+00 -4.000000e+00 2.828448e-20
5.000000e+00 -3.800000e+00 6.405410e-19
5.000000e+00 -3.600000e+00 1.236114e-17
5.000000e+00 -3.400000e+00 2.032746e-16
5.000000e+00 -3.200000e+00 2.848529e-15
5.000000e+00 -3.000000e+00 3.401503e-14
5.000000e+00 -2.800000e+00 3.461259e-13
5.000000e+00 -2.600000e+00 3.001305e-12
5.000000e+00 -2.400000e+00 2.217681e-11
5.000000e+00 -2.200000e+00 1.396372e-10
5.000000e+00 -2.000000e+00 7.492310e-10
5.000000e+00 -1.800000e+00 3.425653e-09
5.000000e+00 -1.600000e+00 1.334700e-08
5.000000e+00 -1.400000e+00 4.431362e-08
5.000000e+00 -1.200000e+00 1.253728e-07
5.000000e+00 -1.000000e+00 3.022613e-07
5.000000e+00 -8.000000e-01 6.209757e-07
5.000000e+00 -6.000000e-01 1.087125e-06
5.000000e+00 -4.000000e-01 1.621800e-06
5.000000e+00 -2.000000e-01 2.061712e-06
5.000000e+00 0.000000e+00 2.233426e-06
5.000000e+00 2.000000e-01 2.061712e-06
5.000000e+00 4.000000e-01 1.621800e-06
5.000000e+00 6.000000e-01 1.087125e-06
5.000000e+00 8.000000e-01 6.209757e-07
5.000000e+00 1.000000e+00 3.022613e-07
5.000000e+00 1.200000e+00 1.253728e-07
5.000000e+00 1.400000e+00 4.431362e-08
5.000000e+00 1.600000e+00 1.334700e-08
5.000000e+00 1.800000e+00 3.425653e-09
5.000000e+00 2.000000e+00 7.492310e-10
5.000000e+00 2.200000e+00 1.396372e-10
5.000000e+00 2.400000e+00 2.217681e-11
5.000000e+00 2.600000e+00 3.001305e-12
5.000000e+00 2.800000e+00 3.461259e-13
5.000000e+00 3.000000e+00 3.401503e-14
5.000000e+00 3.200000e+00 2.848529e-15
5.000000e+00 3.400000e+00 2.032746e-16
5.000000e+00 3.600000e+00 1.236114e-17
5.000000e+00 3.800000e+00 6.405410e-19
5.000000e+00 4.000000e+00 2.828448e-20
5.000000e+00 4.200000e+00 1.064296e-21
5.000000e+00 4.400000e+00 3.412630e-23
5.000000e+00 4.600000e+00 9.324576e-25
5.000000e+00 4.800000e+00 2.171110e-26

5.200000e+00 -5.000000e+00 1.553342e-28
5.200000e+00 -4.800000e+00 7.828913e-27
5.200000e+00 -4.600000e+00 3.362395e-25
5.200000e+00 -4.400000e+00 1.230577e-23
5.200000e+00 -4.200000e+00 3.837796e-22
5.200000e+00 -4.000000e+00 1.019924e-20
5.200000e+00 -3.800000e+00 2.309758e-19
5.200000e+00 -3.600000e+00 4.457365e-18
5.200000e+00 -3.400000e+00 7.329980e-17
5.200000e+00 -3.200000e+00 1.027165e-15
5.200000e+00 -3.000000e+00 1.226565e-14
5.200000e+00 -2.800000e+00 1.248112e-13
5.200000e+00 -2.600000e+00 1.082255e-12
5.200000e+00 -2.400000e+00 7.996847e-12
5.200000e+00 -2.200000e+00 5.035245e-11
5.200000e+00 -2.000000e+00 2.701689e-10
5.200000e+00 -1.800000e+00 1.235273e-09
5.200000e+00 -1.600000e+00 4.812862e-09
5.200000e+00 -1.400000e+00 1.597927e-08
5.200000e+00 -1.200000e+00 4.520881e-08
5.200000e+00 -1.000000e+00 1.089939e-07
5.200000e+00 -8.000000e-01 2.239207e-07
5.200000e+00 -6.000000e-01 3.920118e-07
5.200000e+00 -4.000000e-01 5.848129e-07
5.200000e+00 -2.000000e-01 7.434429e-07
5.200000e+00 0.000000e+00 8.053621e-07
5.200000e+00 2.000000e-01 7.434429e-07
5.200000e+00 4.000000e-01 5.848129e-07
5.200000e+00 6.000000e-01 3.920118e-07
5.200000e+00 8.000000e-01 2.239207e-07
5.200000e+00 1.000000e+00 1.089939e-07
5.200000e+00 1.200000e+00 4.520881e-08
5.200000e+00 1.400000e+00 1.597927e-08
5.200000e+00 1.600000e+00 4.812862e-09
5.200000e+00 1.800000e+00 1.235273e-09
5.200000e+00 2.000000e+00 2.701689e-10
5.200000e+00 2.200000e+00 5.035245e-11
5.200000e+00 2.400000e+00 7.996847e-12
5.200000e+00 2.600000e+00 1.082255e-12
5.200000e+00 2.800000e+00 1.248112e-13
5.200000e+00 3.000000e+00 1.226565e-14
5.200000e+00 3.200000e+00 1.027165e-15
5.200000e+00 3.400000e+00 7.329980e-17
5.200000e+00 3.600000e+00 4.457365e-18
5.200000e+00 3.800000e+00 2.309758e-19
5.200000e+00 4.000000e+00 1.019924e-20
5.200000e+00 4.200000e+00 3.837796e-22
5.200000e+00 4.400000e+00 1.230577e-23
5.200000e+00 4.600000e+00 3.362395e-25
5.200000e+00 4.800000e+00 7.828913e-27

5.400000e+00 -5.000000e+00 5.381644e-29
5.400000e+00 -4.800000e+00 2.712372e-27
5.400000e+00 -4.600000e+00 1.164921e-25
5.400000e+00 -4.400000e+00 4.263406e-24
5.400000e+00 -4.200000e+00 1.329627e-22
5.400000e+00 -4.000000e+00 3.533586e-21
5.400000e+00 -3.800000e+00 8.002292e-20
5.400000e+00 -3.600000e+00 1.544280e-18
5.400000e+00 -3.400000e+00 2.539514e-17
5.400000e+00 -3.200000e+00 3.558673e-16
5.400000e+00 -3.000000e+00 4.249505e-15
5.400000e+00 -2.800000e+00 4.324158e-14
5.400000e+00 -2.600000e+00 3.749537e-13
5.400000e+00 -2.400000e+00 2.770554e-12
5.400000e+00 -2.200000e+00 1.744490e-11
5.400000e+00 -2.000000e+00 9.360158e-11
5.400000e+00 -1.800000e+00 4.279675e-10
5.400000e+00 -1.600000e+00 1.667444e-09
5.400000e+00 -1.400000e+00 5.536110e-09
5.400000e+00 -1.200000e+00 1.566286e-08
5.400000e+00 -1.000000e+00 3.776157e-08
5.400000e+00 -8.000000e-01 7.757863e-08
5.400000e+00 -6.000000e-01 1.358148e-07
5.400000e+00 -4.000000e-01 2.026118e-07
5.400000e+00 -2.000000e-01 2.575701e-07
5.400000e+00 0.000000e+00 2.790224e-07
5.400000e+00 2.000000e-01 2.575701e-07
5.400000e+00 4.000000e-01 2.026118e-07
5.400000e+00 6.000000e-01 1.358148e-07
5.400000e+00 8.000000e-01 7.757863e-08
5.400000e+00 1.000000e+00 3.776157e-08
5.400000e+00 1.200000e+00 1.566286e-08
5.400000e+00 1.400000e+00 5.536110e-09
5.400000e+00 1.600000e+00 1.667444e-09
5.400000e+00 1.800000e+00 4.279675e-10
5.400000e+00 2.000000e+00 9.360158e-11
5.400000e+00 2.200000e+00 1.744490e-11
5.400000e+00 2.400000e+00 2.770554e-12
5.400000e+00 2.600000e+00 3.749537e-13
5.400000e+00 2.800000e+00 4.324158e-14
5.400000e+00 3.000000e+00 4.249505e-15
5.400000e+00 3.200000e+00 3.558673e-16
5.400000e+00 3.400000e+00 2.539514e-17
5.400000e+00 3.600000e+00 1.544280e-18
5.400000e+00 3.800000e+00 8.002292e-20
5.400000e+00 4.000000e+00 3.533586e-21
5.400000e+00 4.200000e+00 1.329627e-22
5.400000e+00 4.400000e+00 4.263406e-24
5.400000e+00 4.600000e+00 1.164921e-25
5.400000e+00 4.800000e+00 2.712372e-27

5.600000e+00 -5.000000e+00 1.791394e-29
5.600000e+00 -4.800000e+00 9.028703e-28
5.600000e+00 -4.600000e+00 3.877686e-26
5.600000e+00 -4.400000e+00 1.419165e-24
5.600000e+00 -4.200000e+00 4.425943e-23
5.600000e+00 -4.000000e+00 1.176228e-21
5.600000e+00 -3.800000e+00 2.663732e-20
5.600000e+00 -3.600000e+00 5.140462e-19
5.600000e+00 -3.400000e+00 8.453308e-18
5.600000e+00 -3.200000e+00 1.184579e-16
5.600000e+00 -3.000000e+00 1.414537e-15
5.600000e+00 -2.800000e+00 1.439387e-14
5.600000e+00 -2.600000e+00 1.248112e-13
5.600000e+00 -2.400000e+00 9.222373e-13
5.600000e+00 -2.200000e+00 5.806902e-12
5.600000e+00 -2.000000e+00 3.115726e-11
5.600000e+00 -1.800000e+00 1.424580e-10
5.600000e+00 -1.600000e+00 5.550439e-10
5.600000e+00 -1.400000e+00 1.842811e-09
5.600000e+00 -1.200000e+00 5.213712e-09
5.600000e+00 -1.000000e+00 1.256974e-08
5.600000e+00 -8.000000e-01 2.582368e-08
5.600000e+00 -6.000000e-01 4.520881e-08
5.600000e+00 -4.000000e-01 6.744362e-08
5.600000e+00 -2.000000e-01 8.573765e-08
5.600000e+00 0.000000e+00 9.287848e-08
5.600000e+00 2.000000e-01 8.573765e-08
5.600000e+00 4.000000e-01 6.744362e-08
5.600000e+00 6.000000e-01 4.520881e-08
5.600000e+00 8.000000e-01 2.582368e-08
5.600000e+00 1.000000e+00 1.256974e-08
5.600000e+00 1.200000e+00 5.213712e-09
5.600000e+00 1.400000e+00 1.842811e-09
5.600000e+00 1.600000e+00 5.550439e-10
5.600000e+00 1.800000e+00 1.424580e-10
5.600000e+00 2.000000e+00 3.115726e-11
5.600000e+00 2.200000e+00 5.806902e-12
5.600000e+00 2.400000e+00 9.222373e-13
5.600000e+00 2.600000e+00 1.248112e-13
5.600000e+00 2.800000e+00 1.439387e-14
5.600000e+00 3.000000e+00 1.414537e-15
5.600000e+00 3.200000e+00 1.184579e-16
5.600000e+00 3.400000e+00 8.453308e-18
5.600000e+00 3.600000e+00 5.140462e-19
5.600000e+00 3.800000e+00 2.663732e-20
5.600000e+00 4.000000e+00 1.176228e-21
5.600000e+00 4.200000e+00 4.425943e-23
5.600000e+00 4.400000e+00 1.419165e-24
5.600000e+00 4.600000e+00 3.877686e-26
5.600000e+00 4.800000e+00 9.028703e-28

5.800000e+00 -5.000000e+00 5.729218e-30
5.800000e+00 -4.800000e+00 2.887551e-28
5.800000e+00 -4.600000e+00 1.240158e-26
5.800000e+00 -4.400000e+00 4.538758e-25
5.800000e+00 -4.200000e+00 1.415501e-23
5.800000e+00 -4.000000e+00 3.761802e-22
5.800000e+00 -3.800000e+00 8.519121e-21
5.800000e+00 -3.600000e+00 1.644017e-19
5.800000e+00 -3.400000e+00 2.703529e-18
5.800000e+00 -3.200000e+00 3.788510e-17
5.800000e+00 -3.000000e+00 4.523960e-16
5.800000e+00 -2.800000e+00 4.603434e-15
5.800000e+00 -2.600000e+00 3.991701e-14
5.800000e+00 -2.400000e+00 2.949490e-13
5.800000e+00 -2.200000e+00 1.857158e-12
5.800000e+00 -2.000000e+00 9.964684e-12
5.800000e+00 -1.800000e+00 4.556078e-11
5.800000e+00 -1.600000e+00 1.775136e-10
5.800000e+00 -1.400000e+00 5.893659e-10
5.800000e+00 -1.200000e+00 1.667444e-09
5.800000e+00 -1.000000e+00 4.020041e-09
5.800000e+00 -8.000000e-01 8.258905e-09
5.800000e+00 -6.000000e-01 1.445864e-08
5.800000e+00 -4.000000e-01 2.156975e-08
5.800000e+00 -2.000000e-01 2.742053e-08
5.800000e+00 0.000000e+00 2.970431e-08
5.800000e+00 2.000000e-01 2.742053e-08
5.800000e+00 4.000000e-01 2.156975e-08
5.800000e+00 6.000000e-01 1.445864e-08
5.800000e+00 8.000000e-01 8.258905e-09
5.800000e+00 1.000000e+00 4.020041e-09
5.800000e+00 1.200000e+00 1.667444e-09
5.800000e+00 1.400000e+00 5.893659e-10
5.800000e+00 1.600000e+00 1.775136e-10
5.800000e+00 1.800000e+00 4.556078e-11
5.800000e+00 2.000000e+00 9.964684e-12
5.800000e+00 2.200000e+00 1.857158e-12
5.800000e+00 2.400000e+00 2.949490e-13
5.800000e+00 2.600000e+00 3.991701e-14
5.800000e+00 2.800000e+00 4.603434e-15
5.800000e+00 3.000000e+00 4.523960e-16
5.800000e+00 3.200000e+00 3.788510e-17
5.800000e+00 3.400000e+00 2.703529e-18
5.800000e+00 3.600000e+00 1.644017e-19
5.800000e+00 3.800000e+00 8.519121e-21
5.800000e+00 4.000000e+00 3.761802e-22
5.800000e+00 4.200000e+00 1.415501e-23
5.800000e+00 4.400000e+00 4.538758e-25
5.800000e+00 4.600000e+00 1.240158e-26
5.800000e+00 4.800000e+00 2.887551e-28

6.000000e+00 -5.000000e+00 1.760467e-30
6.000000e+00 -4.800000e+00 8.872831e-29
6.000000e+00 -4.600000e+00 3.810741e-27
6.000000e+00 -4.400000e+00 1.394664e-25
6.000000e+00 -4.200000e+00 4.349533e-24
6.000000e+00 -4.000000e+00 1.155922e-22
6.000000e+00 -3.800000e+00 2.617745e-21
6.000000e+00 -3.600000e+00 5.051716e-20
6.000000e+00 -3.400000e+00 8.307369e-19
6.000000e+00 -3.200000e+00 1.164129e-17
6.000000e+00 -3.000000e+00 1.390117e-16
6.000000e+00 -2.800000e+00 1.414537e-15
6.000000e+00 -2.600000e+00 1.226565e-14
6.000000e+00 -2.400000e+00 9.063157e-14
6.000000e+00 -2.200000e+00 5.706651e-13
6.000000e+00 -2.000000e+00 3.061936e-12
6.000000e+00 -1.800000e+00 1.399986e-11
6.000000e+00 -1.600000e+00 5.454616e-11
6.000000e+00 -1.400000e+00 1.810996e-10
6.000000e+00 -1.200000e+00 5.123701e-10
6.000000e+00 -1.000000e+00 1.235273e-09
6.000000e+00 -8.000000e-01 2.537786e-09
6.000000e+00 -6.000000e-01 4.442832e-09
6.000000e+00 -4.000000e-01 6.627926e-09
6.000000e+00 -2.000000e-01 8.425746e-09
6.000000e+00 0.000000e+00 9.127502e-09
6.000000e+00 2.000000e-01 8.425746e-09
6.000000e+00 4.000000e-01 6.627926e-09
6.000000e+00 6.000000e-01 4.442832e-09
6.000000e+00 8.000000e-01 2.537786e-09
6.000000e+00 1.000000e+00 1.235273e-09
6.000000e+00 1.200000e+00 5.123701e-10
6.000000e+00 1.400000e+00 1.810996e-10
6.000000e+00 1.600000e+00 5.454616e-11
6.000000e+00 1.800000e+00 1.399986e-11
6.000000e+00 2.000000e+00 3.061936e-12
6.000000e+00 2.200000e+00 5.706651e-13
6.000000e+00 2.400000e+00 9.063157e-14
6.000000e+00 2.600000e+00 1.226565e-14
6.000000e+00 2.800000e+00 1.414537e-15
6.000000e+00 3.000000e+00 1.390117e-16
6.000000e+00 3.200000e+00 1.164129e-17
6.000000e+00 3.400000e+00 8.307369e-19
6.000000e+00 3.600000e+00 5.051716e-20
6.000000e+00 3.800000e+00 2.617745e-21
6.000000e+00 4.000000e+00 1.155922e-22
6.000000e+00 4.200000e+00 4.349533e-24
6.000000e+00 4.400000e+00 1.394664e-25
6.000000e+00 4.600000e+00 3.810741e-27
6.000000e+00 4.800000e+00 8.872831e-29

6.200000e+00 -5.000000e+00 5.197429e-31
6.200000e+00 -4.800000e+00 2.619527e-29
6.200000e+00 -4.600000e+00 1.125046e-27
6.200000e+00 -4.400000e+00 4.117469e-26
6.200000e+00 -4.200000e+00 1.284113e-24
6.200000e+00 -4.000000e+00 3.412630e-23
6.200000e+00 -3.800000e+00 7.728372e-22
6.200000e+00 -3.600000e+00 1.491419e-20
6.200000e+00 -3.400000e+00 2.452586e-19
6.200000e+00 -3.200000e+00 3.436859e-18
6.200000e+00 -3.000000e+00 4.104044e-17
6.200000e+00 -2.800000e+00 4.176141e-16
6.200000e+00 -2.600000e+00 3.621190e-15
6.200000e+00 -2.400000e+00 2.675717e-14
6.200000e+00 -2.200000e+00 1.684776e-13
6.200000e+00 -2.000000e+00 9.039758e-13
6.200000e+00 -1.800000e+00 4.133181e-12
6.200000e+00 -1.600000e+00 1.610367e-11
6.200000e+00 -1.400000e+00 5.346607e-11
6.200000e+00 -1.200000e+00 1.512671e-10
6.200000e+00 -1.000000e+00 3.646899e-10
6.200000e+00 -8.000000e-01 7.492310e-10
6.200000e+00 -6.000000e-01 1.311658e-09
6.200000e+00 -4.000000e-01 1.956764e-09
6.200000e+00 -2.000000e-01 2.487534e-09
6.200000e+00 0.000000e+00 2.694714e-09
6.200000e+00 2.000000e-01 2.487534e-09
6.200000e+00 4.000000e-01 1.956764e-09
6.200000e+00 6.000000e-01 1.311658e-09
6.200000e+00 8.000000e-01 7.492310e-10
6.200000e+00 1.000000e+00 3.646899e-10
6.200000e+00 1.200000e+00 1.512671e-10
6.200000e+00 1.400000e+00 5.346607e-11
6.200000e+00 1.600000e+00 1.610367e-11
6.200000e+00 1.800000e+00 4.133181e-12
6.200000e+00 2.000000e+00 9.039758e-13
6.200000e+00 2.200000e+00 1.684776e-13
6.200000e+00 2.400000e+00 2.675717e-14
6.200000e+00 2.600000e+00 3.621190e-15
6.200000e+00 2.800000e+00 4.176141e-16
6.200000e+00 3.000000e+00 4.104044e-17
6.200000e+00 3.200000e+00 3.436859e-18
6.200000e+00 3.400000e+00 2.452586e-19
6.200000e+00 3.600000e+00 1.491419e-20
6.200000e+00 3.800000e+00 7.728372e-22
6.200000e+00 4.000000e+00 3.412630e-23
6.200000e+00 4.200000e+00 1.284113e-24
6.200000e+00 4.400000e+00 4.117469e-26
6.200000e+00 4.600000e+00 1.125046e-27
6.200000e+00 4.800000e+00 2.619527e-29

6.400000e+00 -5.000000e+00 1.474272e-31
6.400000e+00 -4.800000e+00 7.430395e-30
6.400000e+00 -4.600000e+00 3.191238e-28
6.400000e+00 -4.400000e+00 1.167937e-26
6.400000e+00 -4.200000e+00 3.642439e-25
6.400000e+00 -4.000000e+00 9.680063e-24
6.400000e+00 -3.800000e+00 2.192184e-22
6.400000e+00 -3.600000e+00 4.230470e-21
6.400000e+00 -3.400000e+00 6.956859e-20
6.400000e+00 -3.200000e+00 9.748788e-19
6.400000e+00 -3.000000e+00 1.164129e-17
6.400000e+00 -2.800000e+00 1.184579e-16
6.400000e+00 -2.600000e+00 1.027165e-15
6.400000e+00 -2.400000e+00 7.589780e-15
6.400000e+00 -2.200000e+00 4.778934e-14
6.400000e+00 -2.000000e+00 2.564164e-13
6.400000e+00 -1.800000e+00 1.172393e-12
6.400000e+00 -1.600000e+00 4.567871e-12
6.400000e+00 -1.400000e+00 1.516587e-11
6.400000e+00 -1.200000e+00 4.290753e-11
6.400000e+00 -1.000000e+00 1.034457e-10
6.400000e+00 -8.000000e-01 2.125224e-10
6.400000e+00 -6.000000e-01 3.720571e-10
6.400000e+00 -4.000000e-01 5.550439e-10
6.400000e+00 -2.000000e-01 7.055991e-10
6.400000e+00 0.000000e+00 7.643664e-10
6.400000e+00 2.000000e-01 7.055991e-10
6.400000e+00 4.000000e-01 5.550439e-10
6.400000e+00 6.000000e-01 3.720571e-10
6.400000e+00 8.000000e-01 2.125224e-10
6.400000e+00 1.000000e+00 1.034457e-10
6.400000e+00 1.200000e+00 4.290753e-11
6.400000e+00 1.400000e+00 1.516587e-11
6.400000e+00 1.600000e+00 4.567871e-12
6.400000e+00 1.800000e+00 1.172393e-12
6.400000e+00 2.000000e+00 2.564164e-13
6.400000e+00 2.200000e+00 4.778934e-14
6.400000e+00 2.400000e+00 7.589780e-15
6.400000e+00 2.600000e+00 1.027165e-15
6.400000e+00 2.800000e+00 1.184579e-16
6.400000e+00 3.000000e+00 1.164129e-17
6.400000e+00 3.200000e+00 9.748788e-19
6.400000e+00 3.400000e+00 6.956859e-20
6.400000e+00 3.600000e+00 4.230470e-21
6.400000e+00 3.800000e+00 2.192184e-22
6.400000e+00 4.000000e+00 9.680063e-24
6.400000e+00 4.200000e+00 3.642439e-25
6.400000e+00 4.400000e+00 1.167937e-26
6.400000e+00 4.600000e+00 3.191238e-28
6.400000e+00 4.800000e+00 7.430395e-30

6.600000e+00 -5.000000e+00 4.017859e-32
6.600000e+00 -4.800000e+00 2.025019e-30
6.600000e+00 -4.600000e+00 8.697137e-29
6.600000e+00 -4.400000e+00 3.182999e-27
6.600000e+00 -4.200000e+00 9.926804e-26
6.600000e+00 -4.000000e+00 2.638125e-24
6.600000e+00 -3.800000e+00 5.974398e-23
6.600000e+00 -3.600000e+00 1.152938e-21
6.600000e+00 -3.400000e+00 1.895965e-20
6.600000e+00 -3.200000e+00 2.656855e-19
6.600000e+00 -3.000000e+00 3.172620e-18
6.600000e+00 -2.800000e+00 3.228355e-17
6.600000e+00 -2.600000e+00 2.799351e-16
6.600000e+00 -2.400000e+00 2.068456e-15
6.600000e+00 -2.200000e+00 1.302411e-14
6.600000e+00 -2.000000e+00 6.988161e-14
6.600000e+00 -1.800000e+00 3.195145e-13
6.600000e+00 -1.600000e+00 1.244890e-12
6.600000e+00 -1.400000e+00 4.133181e-12
6.600000e+00 -1.200000e+00 1.169367e-11
6.600000e+00 -1.000000e+00 2.819225e-11
6.600000e+00 -8.000000e-01 5.791910e-11
6.600000e+00 -6.000000e-01 1.013974e-10
6.600000e+00 -4.000000e-01 1.512671e-10
6.600000e+00 -2.000000e-01 1.922982e-10
6.600000e+00 0.000000e+00 2.083142e-10
6.600000e+00 2.000000e-01 1.922982e-10
6.600000e+00 4.000000e-01 1.512671e-10
6.600000e+00 6.000000e-01 1.013974e-10
6.600000e+00 8.000000e-01 5.791910e-11
6.600000e+00 1.000000e+00 2.819225e-11
6.600000e+00 1.200000e+00 1.169367e-11
6.600000e+00 1.400000e+00 4.133181e-12
6.600000e+00 1.600000e+00 1.244890e-12
6.600000e+00 1.800000e+00 3.195145e-13
6.600000e+00 2.000000e+00 6.988161e-14
6.600000e+00 2.200000e+00 1.302411e-14
6.600000e+00 2.400000e+00 2.068456e-15
6.600000e+00 2.600000e+00 2.799351e-16
6.600000e+00 2.800000e+00 3.228355e-17
6.600000e+00 3.000000e+00 3.172620e-18
6.600000e+00 3.200000e+00 2.656855e-19
6.600000e+00 3.400000e+00 1.895965e-20
6.600000e+00 3.600000e+00 1.152938e-21
6.600000e+00 3.800000e+00 5.974398e-23
6.600000e+00 4.000000e+00 2.638125e-24
6.600000e+00 4.200000e+00 9.926804e-26
6.600000e+00 4.400000e+00 3.182999e-27
6.600000e+00 4.600000e+00 8.697137e-29
6.600000e+00 4.800000e+00 2.025019e-30

6.800000e+00 -5.000000e+00 1.052059e-32
6.800000e+00 -4.800000e+00 5.302424e-31
6.800000e+00 -4.600000e+00 2.277308e-29
6.800000e+00 -4.400000e+00 8.334544e-28
6.800000e+00 -4.200000e+00 2.599291e-26
6.800000e+00 -4.000000e+00 6.907816e-25
6.800000e+00 -3.800000e+00 1.564370e-23
6.800000e+00 -3.600000e+00 3.018917e-22
6.800000e+00 -3.400000e+00 4.964503e-21
6.800000e+00 -3.200000e+00 6.956859e-20
6.800000e+00 -3.000000e+00 8.307369e-19
6.800000e+00 -2.800000e+00 8.453308e-18
6.800000e+00 -2.600000e+00 7.329980e-17
6.800000e+00 -2.400000e+00 5.416163e-16
6.800000e+00 -2.200000e+00 3.410308e-15
6.800000e+00 -2.000000e+00 1.829820e-14
6.800000e+00 -1.800000e+00 8.366348e-14
6.800000e+00 -1.600000e+00 3.259691e-13
6.800000e+00 -1.400000e+00 1.082255e-12
6.800000e+00 -1.200000e+00 3.061936e-12
6.800000e+00 -1.000000e+00 7.382020e-12
6.800000e+00 -8.000000e-01 1.516587e-11
6.800000e+00 -6.000000e-01 2.655047e-11
6.800000e+00 -4.000000e-01 3.960864e-11
6.800000e+00 -2.000000e-01 5.035245e-11
6.800000e+00 0.000000e+00 5.454616e-11
6.800000e+00 2.000000e-01 5.035245e-11
6.800000e+00 4.000000e-01 3.960864e-11
6.800000e+00 6.000000e-01 2.655047e-11
6.800000e+00 8.000000e-01 1.516587e-11
6.800000e+00 1.000000e+00 7.382020e-12
6.800000e+00 1.200000e+00 3.061936e-12
6.800000e+00 1.400000e+00 1.082255e-12
6.800000e+00 1.600000e+00 3.259691e-13
6.800000e+00 1.800000e+00 8.366348e-14
6.800000e+00 2.000000e+00 1.829820e-14
6.800000e+00 2.200000e+00 3.410308e-15
6.800000e+00 2.400000e+00 5.416163e-16
6.800000e+00 2.600000e+00 7.329980e-17
6.800000e+00 2.800000e+00 8.453308e-18
6.800000e+00 3.000000e+00 8.307369e-19
6.800000e+00 3.200000e+00 6.956859e-20
6.800000e+00 3.400000e+00 4.964503e-21
6.800000e+00 3.600000e+00 3.018917e-22
6.800000e+00 3.800000e+00 1.564370e-23
6.800000e+00 4.000000e+00 6.907816e-25
6.800000e+00 4.200000e+00 2.599291e-26
6.800000e+00 4.400000e+00 8.334544e-28
6.800000e+00 4.600000e+00 2.277308e-29
6.800000e+00 4.800000e+00 5.302424e-31

7.000000e+00 -5.000000e+00 2.646755e-33
7.000000e+00 -4.800000e+00 1.333976e-31
7.000000e+00 -4.600000e+00 5.729218e-30
7.000000e+00 -4.400000e+00 2.096792e-28
7.000000e+00 -4.200000e+00 6.539258e-27
7.000000e+00 -4.000000e+00 1.737858e-25
7.000000e+00 -3.800000e+00 3.935620e-24
7.000000e+00 -3.600000e+00 7.594948e-23
7.000000e+00 -3.400000e+00 1.248962e-21
7.000000e+00 -3.200000e+00 1.750196e-20
7.000000e+00 -3.000000e+00 2.089956e-19
7.000000e+00 -2.800000e+00 2.126671e-18
7.000000e+00 -2.600000e+00 1.844066e-17
7.000000e+00 -2.400000e+00 1.362590e-16
7.000000e+00 -2.200000e+00 8.579603e-16
7.000000e+00 -2.000000e+00 4.603434e-15
7.000000e+00 -1.800000e+00 2.104794e-14
7.000000e+00 -1.600000e+00 8.200683e-14
7.000000e+00 -1.400000e+00 2.722723e-13
7.000000e+00 -1.200000e+00 7.703173e-13
7.000000e+00 -1.000000e+00 1.857158e-12
7.000000e+00 -8.000000e-01 3.815407e-12
7.000000e+00 -6.000000e-01 6.679528e-12
7.000000e+00 -4.000000e-01 9.964684e-12
7.000000e+00 -2.000000e-01 1.266760e-11
7.000000e+00 0.000000e+00 1.372264e-11
7.000000e+00 2.000000e-01 1.266760e-11
7.000000e+00 4.000000e-01 9.964684e-12
7.000000e+00 6.000000e-01 6.679528e-12
7.000000e+00 8.000000e-01 3.815407e-12
7.000000e+00 1.000000e+00 1.857158e-12
7.000000e+00 1.200000e+00 7.703173e-13
7.000000e+00 1.400000e+00 2.722723e-13
7.000000e+00 1.600000e+00 8.200683e-14
7.000000e+00 1.800000e+00 2.104794e-14
7.000000e+00 2.000000e+00 4.603434e-15
7.000000e+00 2.200000e+00 8.579603e-16
7.000000e+00 2.400000e+00 1.362590e-16
7.000000e+00 2.600000e+00 1.844066e-17
7.000000e+00 2.800000e+00 2.126671e-18
7.000000e+00 3.000000e+00 2.089956e-19
7.000000e+00 3.200000e+00 1.750196e-20
7.000000e+00 3.400000e+00 1.248962e-21
7.000000e+00 3.600000e+00 7.594948e-23
7.000000e+00 3.800000e+00 3.935620e-24
7.000000e+00 4.000000e+00 1.737858e-25
7.000000e+00 4.200000e+00 6.539258e-27
7.000000e+00 4.400000e+00 2.096792e-28
7.000000e+00 4.600000e+00 5.729218e-30
7.000000e+00 4.800000e+00 1.333976e-31

7.200000e+00 -5.000000e+00 6.397577e-34
7.200000e+00 -4.800000e+00 3.224407e-32
7.200000e+00 -4.600000e+00 1.384832e-30
7.200000e+00 -4.400000e+00 5.068241e-29
7.200000e+00 -4.200000e+00 1.580630e-27
7.200000e+00 -4.000000e+00 4.200647e-26
7.200000e+00 -3.800000e+00 9.512945e-25
7.200000e+00 -3.600000e+00 1.835805e-23
7.200000e+00 -3.400000e+00 3.018917e-22
7.200000e+00 -3.200000e+00 4.230470e-21
7.200000e+00 -3.000000e+00 5.051716e-20
7.200000e+00 -2.800000e+00 5.140462e-19
7.200000e+00 -2.600000e+00 4.457365e-18
7.200000e+00 -2.400000e+00 3.293572e-17
7.200000e+00 -2.200000e+00 2.073810e-16
7.200000e+00 -2.000000e+00 1.112715e-15
7.200000e+00 -1.800000e+00 5.087581e-15
7.200000e+00 -1.600000e+00 1.982220e-14
7.200000e+00 -1.400000e+00 6.581202e-14
7.200000e+00 -1.200000e+00 1.861965e-13
7.200000e+00 -1.000000e+00 4.489011e-13
7.200000e+00 -8.000000e-01 9.222373e-13
7.200000e+00 -6.000000e-01 1.614535e-12
7.200000e+00 -4.000000e-01 2.408604e-12
7.200000e+00 -2.000000e-01 3.061936e-12
7.200000e+00 0.000000e+00 3.316955e-12
7.200000e+00 2.000000e-01 3.061936e-12
7.200000e+00 4.000000e-01 2.408604e-12
7.200000e+00 6.000000e-01 1.614535e-12
7.200000e+00 8.000000e-01 9.222373e-13
7.200000e+00 1.000000e+00 4.489011e-13
7.200000e+00 1.200000e+00 1.861965e-13
7.200000e+00 1.400000e+00 6.581202e-14
7.200000e+00 1.600000e+00 1.982220e-14
7.200000e+00 1.800000e+00 5.087581e-15
7.200000e+00 2.000000e+00 1.112715e-15
7.200000e+00 2.200000e+00 2.073810e-16
7.200000e+00 2.400000e+00 3.293572e-17
7.200000e+00 2.600000e+00 4.457365e-18
7.200000e+00 2.800000e+00 5.140462e-19
7.200000e+00 3.000000e+00 5.051716e-20
7.200000e+00 3.200000e+00 4.230470e-21
7.200000e+00 3.400000e+00 3.018917e-22
7.200000e+00 3.600000e+00 1.835805e-23
7.200000e+00 3.800000e+00 9.512945e-25
7.200000e+00 4.000000e+00 4.200647e-26
7.200000e+00 4.200000e+00 1.580630e-27
7.200000e+00 4.400000e+00 5.068241e-29
7.200000e+00 4.600000e+00 1.384832e-30
7.200000e+00 4.800000e+00 3.224407e-32

7.400000e+00 -5.000000e+00 1.485749e-34
7.400000e+00 -4.800000e+00 7.488243e-33
7.400000e+00 -4.600000e+00 3.216083e-31
7.400000e+00 -4.400000e+00 1.177029e-29
7.400000e+00 -4.200000e+00 3.670797e-28
7.400000e+00 -4.000000e+00 9.755426e-27
7.400000e+00 -3.800000e+00 2.209251e-25
7.400000e+00 -3.600000e+00 4.263406e-24
7.400000e+00 -3.400000e+00 7.011021e-23
7.400000e+00 -3.200000e+00 9.824686e-22
7.400000e+00 -3.000000e+00 1.173192e-20
7.400000e+00 -2.800000e+00 1.193802e-19
7.400000e+00 -2.600000e+00 1.035162e-18
7.400000e+00 -2.400000e+00 7.648869e-18
7.400000e+00 -2.200000e+00 4.816140e-17
7.400000e+00 -2.000000e+00 2.584127e-16
7.400000e+00 -1.800000e+00 1.181521e-15
7.400000e+00 -1.600000e+00 4.603434e-15
7.400000e+00 -1.400000e+00 1.528394e-14
7.400000e+00 -1.200000e+00 4.324158e-14
7.400000e+00 -1.000000e+00 1.042511e-13
7.400000e+00 -8.000000e-01 2.141770e-13
7.400000e+00 -6.000000e-01 3.749537e-13
7.400000e+00 -4.000000e-01 5.593652e-13
7.400000e+00 -2.000000e-01 7.110925e-13
7.400000e+00 0.000000e+00 7.703173e-13
7.400000e+00 2.000000e-01 7.110925e-13
7.400000e+00 4.000000e-01 5.593652e-13
7.400000e+00 6.000000e-01 3.749537e-13
7.400000e+00 8.000000e-01 2.141770e-13
7.400000e+00 1.000000e+00 1.042511e-13
7.400000e+00 1.200000e+00 4.324158e-14
7.400000e+00 1.400000e+00 1.528394e-14
7.400000e+00 1.600000e+00 4.603434e-15
7.400000e+00 1.800000e+00 1.181521e-15
7.400000e+00 2.000000e+00 2.584127e-16
7.400000e+00 2.200000e+00 4.816140e-17
7.400000e+00 2.400000e+00 7.648869e-18
7.400000e+00 2.600000e+00 1.035162e-18
7.400000e+00 2.800000e+00 1.193802e-19
7.400000e+00 3.000000e+00 1.173192e-20
7.400000e+00 3.200000e+00 9.824686e-22
7.400000e+00 3.400000e+00 7.011021e-23
7.400000e+00 3.600000e+00 4.263406e-24
7.400000e+00 3.800000e+00 2.209251e-25
7.400000e+00 4.000000e+00 9.755426e-27
7.400000e+00 4.200000e+00 3.670797e-28
7.400000e+00 4.400000e+00 1.177029e-29
7.400000e+00 4.600000e+00 3.216083e-31
7.400000e+00 4.800000e+00 7.488243e-33

7.600000e+00 -5.000000e+00 3.315155e-35
7.600000e+00 -4.800000e+00 1.670853e-33
7.600000e+00 -4.600000e+00 7.176050e-32
7.600000e+00 -4.400000e+00 2.626308e-30
7.600000e+00 -4.200000e+00 8.190655e-29
7.600000e+00 -4.000000e+00 2.176730e-27
7.600000e+00 -3.800000e+00 4.929505e-26
7.600000e+00 -3.600000e+00 9.512945e-25
7.600000e+00 -3.400000e+00 1.564370e-23
7.600000e+00 -3.200000e+00 2.192184e-22
7.600000e+00 -3.000000e+00 2.617745e-21
7.600000e+00 -2.800000e+00 2.663732e-20
7.600000e+00 -2.600000e+00 2.309758e-19
7.600000e+00 -2.400000e+00 1.706693e-18
7.600000e+00 -2.200000e+00 1.074626e-17
7.600000e+00 -2.000000e+00 5.765966e-17
7.600000e+00 -1.800000e+00 2.636330e-16
7.600000e+00 -1.600000e+00 1.027165e-15
7.600000e+00 -1.400000e+00 3.410308e-15
7.600000e+00 -1.200000e+00 9.648501e-15
7.600000e+00 -1.000000e+00 2.326157e-14
7.600000e+00 -8.000000e-01 4.778934e-14
7.600000e+00 -6.000000e-01 8.366348e-14
7.600000e+00 -4.000000e-01 1.248112e-13
7.600000e+00 -2.000000e-01 1.586662e-13
7.600000e+00 0.000000e+00 1.718810e-13
7.600000e+00 2.000000e-01 1.586662e-13
7.600000e+00 4.000000e-01 1.248112e-13
7.600000e+00 6.000000e-01 8.366348e-14
7.600000e+00 8.000000e-01 4.778934e-14
7.600000e+00 1.000000e+00 2.326157e-14
7.600000e+00 1.200000e+00 9.648501e-15
7.600000e+00 1.400000e+00 3.410308e-15
7.600000e+00 1.600000e+00 1.027165e-15
7.600000e+00 1.800000e+00 2.636330e-16
7.600000e+00 2.000000e+00 5.765966e-17
7.600000e+00 2.200000e+00 1.074626e-17
7.600000e+00 2.400000e+00 1.706693e-18
7.600000e+00 2.600000e+00 2.309758e-19
7.600000e+00 2.800000e+00 2.663732e-20
7.600000e+00 3.000000e+00 2.617745e-21
7.600000e+00 3.200000e+00 2.192184e-22
7.600000e+00 3.400000e+00 1.564370e-23
7.600000e+00 3.600000e+00 9.512945e-25
7.600000e+00 3.800000e+00 4.929505e-26
7.600000e+00 4.000000e+00 2.176730e-27
7.600000e+00 4.200000e+00 8.190655e-29
7.600000e+00 4.400000e+00 2.626308e-30
7.600000e+00 4.600000e+00 7.176050e-32
7.600000e+00 4.800000e+00 1.670853e-33

7.800000e+00 -5.000000e+00 7.107066e-36
7.800000e+00 -4.800000e+00 3.581993e-34
7.800000e+00 -4.600000e+00 1.538410e-32
7.800000e+00 -4.400000e+00 5.630307e-31
7.800000e+00 -4.200000e+00 1.755922e-29
7.800000e+00 -4.000000e+00 4.666497e-28
7.800000e+00 -3.800000e+00 1.056793e-26
7.800000e+00 -3.600000e+00 2.039396e-25
7.800000e+00 -3.400000e+00 3.353714e-24
7.800000e+00 -3.200000e+00 4.699628e-23
7.800000e+00 -3.000000e+00 5.611950e-22
7.800000e+00 -2.800000e+00 5.710537e-21
7.800000e+00 -2.600000e+00 4.951686e-20
7.800000e+00 -2.400000e+00 3.658828e-19
7.800000e+00 -2.200000e+00 2.303795e-18
7.800000e+00 -2.000000e+00 1.236114e-17
7.800000e+00 -1.800000e+00 5.651792e-17
7.800000e+00 -1.600000e+00 2.202048e-16
7.800000e+00 -1.400000e+00 7.311056e-16
7.800000e+00 -1.200000e+00 2.068456e-15
7.800000e+00 -1.000000e+00 4.986841e-15
7.800000e+00 -8.000000e-01 1.024513e-14
7.800000e+00 -6.000000e-01 1.793587e-14
7.800000e+00 -4.000000e-01 2.675717e-14
7.800000e+00 -2.000000e-01 3.401503e-14
7.800000e+00 0.000000e+00 3.684805e-14
7.800000e+00 2.000000e-01 3.401503e-14
7.800000e+00 4.000000e-01 2.675717e-14
7.800000e+00 6.000000e-01 1.793587e-14
7.800000e+00 8.000000e-01 1.024513e-14
7.800000e+00 1.000000e+00 4.986841e-15
7.800000e+00 1.200000e+00 2.068456e-15
7.800000e+00 1.400000e+00 7.311056e-16
7.800000e+00 1.600000e+00 2.202048e-16
7.800000e+00 1.800000e+00 5.651792e-17
7.800000e+00 2.000000e+00 1.236114e-17
7.800000e+00 2.200000e+00 2.303795e-18
7.800000e+00 2.400000e+00 3.658828e-19
7.800000e+00 2.600000e+00 4.951686e-20
7.800000e+00 2.800000e+00 5.710537e-21
7.800000e+00 3.000000e+00 5.611950e-22
7.800000e+00 3.200000e+00 4.699628e-23
7.800000e+00 3.400000e+00 3.353714e-24
7.800000e+00 3.600000e+00 2.039396e-25
7.800000e+00 3.800000e+00 1.056793e-26
7.800000e+00 4.000000e+00 4.666497e-28
7.800000e+00 4.200000e+00 1.755922e-29
7.800000e+00 4.400000e+00 5.630307e-31
7.800000e+00 4.600000e+00 1.538410e-32
7.800000e+00 4.800000e+00 3.581993e-34

8.000000e+00 -5.000000e+00 1.463879e-36
8.000000e+00 -4.800000e+00 7.378013e-35
8.000000e+00 -4.600000e+00 3.168741e-33
8.000000e+00 -4.400000e+00 1.159703e-31
8.000000e+00 -4.200000e+00 3.616761e-30
8.000000e+00 -4.000000e+00 9.611823e-29
8.000000e+00 -3.800000e+00 2.176730e-27
8.000000e+00 -3.600000e+00 4.200647e-26
8.000000e+00 -3.400000e+00 6.907816e-25
8.000000e+00 -3.200000e+00 9.680063e-24
8.000000e+00 -3.000000e+00 1.155922e-22
8.000000e+00 -2.800000e+00 1.176228e-21
8.000000e+00 -2.600000e+00 1.019924e-20
8.000000e+00 -2.400000e+00 7.536275e-20
8.000000e+00 -2.200000e+00 4.745244e-19
8.000000e+00 -2.000000e+00 2.546087e-18
8.000000e+00 -1.800000e+00 1.164129e-17
8.000000e+00 -1.600000e+00 4.535670e-17
8.000000e+00 -1.400000e+00 1.505895e-16
8.000000e+00 -1.200000e+00 4.260505e-16
8.000000e+00 -1.000000e+00 1.027165e-15
8.000000e+00 -8.000000e-01 2.110242e-15
8.000000e+00 -6.000000e-01 3.694342e-15
8.000000e+00 -4.000000e-01 5.511311e-15
8.000000e+00 -2.000000e-01 7.006250e-15
8.000000e+00 0.000000e+00 7.589780e-15
8.000000e+00 2.000000e-01 7.006250e-15
8.000000e+00 4.000000e-01 5.511311e-15
8.000000e+00 6.000000e-01 3.694342e-15
8.000000e+00 8.000000e-01 2.110242e-15
8.000000e+00 1.000000e+00 1.027165e-15
8.000000e+00 1.200000e+00 4.260505e-16
8.000000e+00 1.400000e+00 1.505895e-16
8.000000e+00 1.600000e+00 4.535670e-17
8.000000e+00 1.800000e+00 1.164129e-17
8.000000e+00 2.000000e+00 2.546087e-18
8.000000e+00 2.200000e+00 4.745244e-19
8.000000e+00 2.400000e+00 7.536275e-20
8.000000e+00 2.600000e+00 1.019924e-20
8.000000e+00 2.800000e+00 1.176228e-21
8.000000e+00 3.000000e+00 1.155922e-22
8.000000e+00 3.200000e+00 9.680063e-24
8.000000e+00 3.400000e+00 6.907816e-25
8.000000e+00 3.600000e+00 4.200647e-26
8.000000e+00 3.800000e+00 2.176730e-27
8.000000e+00 4.000000e+00 9.611823e-29
8.000000e+00 4.200000e+00 3.616761e-30
8.000000e+00 4.400000e+00 1.159703e-31
8.000000e+00 4.600000e+00 3.168741e-33
8.000000e+00 4.800000e+00 7.378013e-35

8.200000e+00 -5.000000e+00 2.896997e-37
8.200000e+00 -4.800000e+00 1.460099e-35
8.200000e+00 -4.600000e+00 6.270897e-34
8.200000e+00 -4.400000e+00 2.295037e-32
8.200000e+00 -4.200000e+00 7.157524e-31
8.200000e+00 -4.000000e+00 1.902167e-29
8.200000e+00 -3.800000e+00 4.307720e-28
8.200000e+00 -3.600000e+00 8.313026e-27
8.200000e+00 -3.400000e+00 1.367048e-25
8.200000e+00 -3.200000e+00 1.915672e-24
8.200000e+00 -3.000000e+00 2.287554e-23
8.200000e+00 -2.800000e+00 2.327741e-22
8.200000e+00 -2.600000e+00 2.018416e-21
8.200000e+00 -2.400000e+00 1.491419e-20
8.200000e+00 -2.200000e+00 9.390777e-20
8.200000e+00 -2.000000e+00 5.038674e-19
8.200000e+00 -1.800000e+00 2.303795e-18
8.200000e+00 -1.600000e+00 8.976031e-18
8.200000e+00 -1.400000e+00 2.980147e-17
8.200000e+00 -1.200000e+00 8.431484e-17
8.200000e+00 -1.000000e+00 2.032746e-16
8.200000e+00 -8.000000e-01 4.176141e-16
8.200000e+00 -6.000000e-01 7.311056e-16
8.200000e+00 -4.000000e-01 1.090681e-15
8.200000e+00 -2.000000e-01 1.386528e-15
8.200000e+00 0.000000e+00 1.502008e-15
8.200000e+00 2.000000e-01 1.386528e-15
8.200000e+00 4.000000e-01 1.090681e-15
8.200000e+00 6.000000e-01 7.311056e-16
8.200000e+00 8.000000e-01 4.176141e-16
8.200000e+00 1.000000e+00 2.032746e-16
8.200000e+00 1.200000e+00 8.431484e-17
8.200000e+00 1.400000e+00 2.980147e-17
8.200000e+00 1.600000e+00 8.976031e-18
8.200000e+00 1.800000e+00 2.303795e-18
8.200000e+00 2.000000e+00 5.038674e-19
8.200000e+00 2.200000e+00 9.390777e-20
8.200000e+00 2.400000e+00 1.491419e-20
8.200000e+00 2.600000e+00 2.018416e-21
8.200000e+00 2.800000e+00 2.327741e-22
8.200000e+00 3.000000e+00 2.287554e-23
8.200000e+00 3.200000e+00 1.915672e-24
8.200000e+00 3.400000e+00 1.367048e-25
8.200000e+00 3.600000e+00 8.313026e-27
8.200000e+00 3.800000e+00 4.307720e-28
8.200000e+00 4.000000e+00 1.902167e-29
8.200000e+00 4.200000e+00 7.157524e-31
8.200000e+00 4.400000e+00 2.295037e-32
8.200000e+00 4.600000e+00 6.270897e-34
8.200000e+00 4.800000e+00 1.460099e-35

8.400000e+00 -5.000000e+00 5.508320e-38
8.400000e+00 -4.800000e+00 2.776218e-36
8.400000e+00 -4.600000e+00 1.192342e-34
8.400000e+00 -4.400000e+00 4.363761e-33
8.400000e+00 -4.200000e+00 1.360924e-31
8.400000e+00 -4.000000e+00 3.616761e-30
8.400000e+00 -3.800000e+00 8.190655e-29
8.400000e+00 -3.600000e+00 1.580630e-27
8.400000e+00 -3.400000e+00 2.599291e-26
8.400000e+00 -3.200000e+00 3.642439e-25
8.400000e+00 -3.000000e+00 4.349533e-24
8.400000e+00 -2.800000e+00 4.425943e-23
8.400000e+00 -2.600000e+00 3.837796e-22
8.400000e+00 -2.400000e+00 2.835769e-21
8.400000e+00 -2.200000e+00 1.785553e-20
8.400000e+00 -2.000000e+00 9.580483e-20
8.400000e+00 -1.800000e+00 4.380413e-19
8.400000e+00 -1.600000e+00 1.706693e-18
8.400000e+00 -1.400000e+00 5.666422e-18
8.400000e+00 -1.200000e+00 1.603154e-17
8.400000e+00 -1.000000e+00 3.865043e-17
8.400000e+00 -8.000000e-01 7.940472e-17
8.400000e+00 -6.000000e-01 1.390117e-16
8.400000e+00 -4.000000e-01 2.073810e-16
8.400000e+00 -2.000000e-01 2.636330e-16
8.400000e+00 0.000000e+00 2.855902e-16
8.400000e+00 2.000000e-01 2.636330e-16
8.400000e+00 4.000000e-01 2.073810e-16
8.400000e+00 6.000000e-01 1.390117e-16
8.400000e+00 8.000000e-01 7.940472e-17
8.400000e+00 1.000000e+00 3.865043e-17
8.400000e+00 1.200000e+00 1.603154e-17
8.400000e+00 1.400000e+00 5.666422e-18
8.400000e+00 1.600000e+00 1.706693e-18
8.400000e+00 1.800000e+00 4.380413e-19
8.400000e+00 2.000000e+00 9.580483e-20
8.400000e+00 2.200000e+00 1.785553e-20
8.400000e+00 2.400000e+00 2.835769e-21
8.400000e+00 2.600000e+00 3.837796e-22
8.400000e+00 2.800000e+00 4.425943e-23
8.400000e+00 3.000000e+00 4.349533e-24
8.400000e+00 3.200000e+00 3.642439e-25
8.400000e+00 3.400000e+00 2.599291e-26
8.400000e+00 3.600000e+00 1.580630e-27
8.400000e+00 3.800000e+00 8.190655e-29
8.400000e+00 4.000000e+00 3.616761e-30
8.400000e+00 4.200000e+00 1.360924e-31
8.400000e+00 4.400000e+00 4.363761e-33
8.400000e+00 4.600000e+00 1.192342e-34
8.400000e+00 4.800000e+00 2.776218e-36

8.600000e+00 -5.000000e+00 1.006279e-38
8.600000e+00 -4.800000e+00 5.071693e-37
8.600000e+00 -4.600000e+00 2.178212e-35
8.600000e+00 -4.400000e+00 7.971872e-34
8.600000e+00 -4.200000e+00 2.486184e-32
8.600000e+00 -4.000000e+00 6.607227e-31
8.600000e+00 -3.800000e+00 1.496298e-29
8.600000e+00 -3.600000e+00 2.887551e-28
8.600000e+00 -3.400000e+00 4.748476e-27
8.600000e+00 -3.200000e+00 6.654136e-26
8.600000e+00 -3.000000e+00 7.945880e-25
8.600000e+00 -2.800000e+00 8.085468e-24
8.600000e+00 -2.600000e+00 7.011021e-23
8.600000e+00 -2.400000e+00 5.180483e-22
8.600000e+00 -2.200000e+00 3.261911e-21
8.600000e+00 -2.000000e+00 1.750196e-20
8.600000e+00 -1.800000e+00 8.002292e-20
8.600000e+00 -1.600000e+00 3.117848e-19
8.600000e+00 -1.400000e+00 1.035162e-18
8.600000e+00 -1.200000e+00 2.928698e-18
8.600000e+00 -1.000000e+00 7.060796e-18
8.600000e+00 -8.000000e-01 1.450593e-17
8.600000e+00 -6.000000e-01 2.539514e-17
8.600000e+00 -4.000000e-01 3.788510e-17
8.600000e+00 -2.000000e-01 4.816140e-17
8.600000e+00 0.000000e+00 5.217262e-17
8.600000e+00 2.000000e-01 4.816140e-17
8.600000e+00 4.000000e-01 3.788510e-17
8.600000e+00 6.000000e-01 2.539514e-17
8.600000e+00 8.000000e-01 1.450593e-17
8.600000e+00 1.000000e+00 7.060796e-18
8.600000e+00 1.200000e+00 2.928698e-18
8.600000e+00 1.400000e+00 1.035162e-18
8.600000e+00 1.600000e+00 3.117848e-19
8.600000e+00 1.800000e+00 8.002292e-20
8.600000e+00 2.000000e+00 1.750196e-20
8.600000e+00 2.200000e+00 3.261911e-21
8.600000e+00 2.400000e+00 5.180483e-22
8.600000e+00 2.600000e+00 7.011021e-23
8.600000e+00 2.800000e+00 8.085468e-24
8.600000e+00 3.000000e+00 7.945880e-25
8.600000e+00 3.200000e+00 6.654136e-26
8.600000e+00 3.400000e+00 4.748476e-27
8.600000e+00 3.600000e+00 2.887551e-28
8.600000e+00 3.800000e+00 1.496298e-29
8.600000e+00 4.000000e+00 6.607227e-31
8.600000e+00 4.200000e+00 2.486184e-32
8.600000e+00 4.400000e+00 7.971872e-34
8.600000e+00 4.600000e+00 2.178212e-35
8.600000e+00 4.800000e+00 5.071693e-37

8.800000e+00 -5.000000e+00 1.766226e-39
8.800000e+00 -4.800000e+00 8.901855e-38
8.800000e+00 -4.600000e+00 3.823207e-36
8.800000e+00 -4.400000e+00 1.399226e-34
8.800000e+00 -4.200000e+00 4.363761e-33
8.800000e+00 -4.000000e+00 1.159703e-31
8.800000e+00 -3.800000e+00 2.626308e-30
8.800000e+00 -3.600000e+00 5.068241e-29
8.800000e+00 -3.400000e+00 8.334544e-28
8.800000e+00 -3.200000e+00 1.167937e-26
8.800000e+00 -3.000000e+00 1.394664e-25
8.800000e+00 -2.800000e+00 1.419165e-24
8.800000e+00 -2.600000e+00 1.230577e-23
8.800000e+00 -2.400000e+00 9.092804e-23
8.800000e+00 -2.200000e+00 5.725319e-22
8.800000e+00 -2.000000e+00 3.071952e-21
8.800000e+00 -1.800000e+00 1.404566e-20
8.800000e+00 -1.600000e+00 5.472459e-20
8.800000e+00 -1.400000e+00 1.816920e-19
8.800000e+00 -1.200000e+00 5.140462e-19
8.800000e+00 -1.000000e+00 1.239314e-18
8.800000e+00 -8.000000e-01 2.546087e-18
8.800000e+00 -6.000000e-01 4.457365e-18
8.800000e+00 -4.000000e-01 6.649608e-18
8.800000e+00 -2.000000e-01 8.453308e-18
8.800000e+00 0.000000e+00 9.157359e-18
8.800000e+00 2.000000e-01 8.453308e-18
8.800000e+00 4.000000e-01 6.649608e-18
8.800000e+00 6.000000e-01 4.457365e-18
8.800000e+00 8.000000e-01 2.546087e-18
8.800000e+00 1.000000e+00 1.239314e-18
8.800000e+00 1.200000e+00 5.140462e-19
8.800000e+00 1.400000e+00 1.816920e-19
8.800000e+00 1.600000e+00 5.472459e-20
8.800000e+00 1.800000e+00 1.404566e-20
8.800000e+00 2.000000e+00 3.071952e-21
8.800000e+00 2.200000e+00 5.725319e-22
8.800000e+00 2.400000e+00 9.092804e-23
8.800000e+00 2.600000e+00 1.230577e-23
8.800000e+00 2.800000e+00 1.419165e-24
8.800000e+00 3.000000e+00 1.394664e-25
8.800000e+00 3.200000e+00 1.167937e-26
8.800000e+00 3.400000e+00 8.334544e-28
8.800000e+00 3.600000e+00 5.068241e-29
8.800000e+00 3.800000e+00 2.626308e-30
8.800000e+00 4.000000e+00 1.159703e-31
8.800000e+00 4.200000e+00 4.363761e-33
8.800000e+00 4.400000e+00 1.399226e-34
8.800000e+00 4.600000e+00 3.823207e-36
8.800000e+00 4.800000e+00 8.901855e-38

9.000000e+00 -5.000000e+00 2.978530e-40
9.000000e+00 -4.800000e+00 1.501192e-38
9.000000e+00 -4.600000e+00 6.447385e-37
9.000000e+00 -4.400000e+00 2.359629e-35
9.000000e+00 -4.200000e+00 7.358965e-34
9.000000e+00 -4.000000e+00 1.955702e-32
9.000000e+00 -3.800000e+00 4.428957e-31
9.000000e+00 -3.600000e+00 8.546988e-30
9.000000e+00 -3.400000e+00 1.405522e-28
9.000000e+00 -3.200000e+00 1.969587e-27
9.000000e+00 -3.000000e+00 2.351935e-26
9.000000e+00 -2.800000e+00 2.393253e-25
9.000000e+00 -2.600000e+00 2.075223e-24
9.000000e+00 -2.400000e+00 1.533394e-23
9.000000e+00 -2.200000e+00 9.655071e-23
9.000000e+00 -2.000000e+00 5.180483e-22
9.000000e+00 -1.800000e+00 2.368633e-21
9.000000e+00 -1.600000e+00 9.228653e-21
9.000000e+00 -1.400000e+00 3.064021e-20
9.000000e+00 -1.200000e+00 8.668780e-20
9.000000e+00 -1.000000e+00 2.089956e-19
9.000000e+00 -8.000000e-01 4.293675e-19
9.000000e+00 -6.000000e-01 7.516818e-19
9.000000e+00 -4.000000e-01 1.121378e-18
9.000000e+00 -2.000000e-01 1.425550e-18
9.000000e+00 0.000000e+00 1.544280e-18
9.000000e+00 2.000000e-01 1.425550e-18
9.000000e+00 4.000000e-01 1.121378e-18
9.000000e+00 6.000000e-01 7.516818e-19
9.000000e+00 8.000000e-01 4.293675e-19
9.000000e+00 1.000000e+00 2.089956e-19
9.000000e+00 1.200000e+00 8.668780e-20
9.000000e+00 1.400000e+00 3.064021e-20
9.000000e+00 1.600000e+00 9.228653e-21
9.000000e+00 1.800000e+00 2.368633e-21
9.000000e+00 2.000000e+00 5.180483e-22
9.000000e+00 2.200000e+00 9.655071e-23
9.000000e+00 2.400000e+00 1.533394e-23
9.000000e+00 2.600000e+00 2.075223e-24
9.000000e+00 2.800000e+00 2.393253e-25
9.000000e+00 3.000000e+00 2.351935e-26
9.000000e+00 3.200000e+00 1.969587e-27
9.000000e+00 3.400000e+00 1.405522e-28
9.000000e+00 3.600000e+00 8.546988e-30
9.000000e+00 3.800000e+00 4.428957e-31
9.000000e+00 4.000000e+00 1.955702e-32
9.000000e+00 4.200000e+00 7.358965e-34
9.000000e+00 4.400000e+00 2.359629e-35
9.000000e+00 4.600000e+00 6.447385e-37
9.000000e+00 4.800000e+00 1.501192e-38

9.200000e+00 -5.000000e+00 4.825986e-41
9.200000e+00 -4.800000e+00 2.432318e-39
9.200000e+00 -4.600000e+00 1.044642e-37
9.200000e+00 -4.400000e+00 3.823207e-36
9.200000e+00 -4.200000e+00 1.192342e-34
9.200000e+00 -4.000000e+00 3.168741e-33
9.200000e+00 -3.800000e+00 7.176050e-32
9.200000e+00 -3.600000e+00 1.384832e-30
9.200000e+00 -3.400000e+00 2.277308e-29
9.200000e+00 -3.200000e+00 3.191238e-28
9.200000e+00 -3.000000e+00 3.810741e-27
9.200000e+00 -2.800000e+00 3.877686e-26
9.200000e+00 -2.600000e+00 3.362395e-25
9.200000e+00 -2.400000e+00 2.484492e-24
9.200000e+00 -2.200000e+00 1.564370e-23
9.200000e+00 -2.000000e+00 8.393716e-23
9.200000e+00 -1.800000e+00 3.837796e-22
9.200000e+00 -1.600000e+00 1.495279e-21
9.200000e+00 -1.400000e+00 4.964503e-21
9.200000e+00 -1.200000e+00 1.404566e-20
9.200000e+00 -1.000000e+00 3.386267e-20
9.200000e+00 -8.000000e-01 6.956859e-20
9.200000e+00 -6.000000e-01 1.217918e-19
9.200000e+00 -4.000000e-01 1.816920e-19
9.200000e+00 -2.000000e-01 2.309758e-19
9.200000e+00 0.000000e+00 2.502131e-19
9.200000e+00 2.000000e-01 2.309758e-19
9.200000e+00 4.000000e-01 1.816920e-19
9.200000e+00 6.000000e-01 1.217918e-19
9.200000e+00 8.000000e-01 6.956859e-20
9.200000e+00 1.000000e+00 3.386267e-20
9.200000e+00 1.200000e+00 1.404566e-20
9.200000e+00 1.400000e+00 4.964503e-21
9.200000e+00 1.600000e+00 1.495279e-21
9.200000e+00 1.800000e+00 3.837796e-22
9.200000e+00 2.000000e+00 8.393716e-23
9.200000e+00 2.200000e+00 1.564370e-23
9.200000e+00 2.400000e+00 2.484492e-24
9.200000e+00 2.600000e+00 3.362395e-25
9.200000e+00 2.800000e+00 3.877686e-26
9.200000e+00 3.000000e+00 3.810741e-27
9.200000e+00 3.200000e+00 3.191238e-28
9.200000e+00 3.400000e+00 2.277308e-29
9.200000e+00 3.600000e+00 1.384832e-30
9.200000e+00 3.800000e+00 7.176050e-32
9.200000e+00 4.000000e+00 3.168741e-33
9.200000e+00 4.200000e+00 1.192342e-34
9.200000e+00 4.400000e+00 3.823207e-36
9.200000e+00 4.600000e+00 1.044642e-37
9.200000e+00 4.800000e+00 2.432318e-39

9.400000e+00 -5.000000e+00 7.512739e-42
9.400000e+00 -4.800000e+00 3.786454e-40
9.400000e+00 -4.600000e+00 1.626222e-38
9.400000e+00 -4.400000e+00 5.951686e-37
9.400000e+00 -4.200000e+00 1.856150e-35
9.400000e+00 -4.000000e+00 4.932862e-34
9.400000e+00 -3.800000e+00 1.117115e-32
9.400000e+00 -3.600000e+00 2.155805e-31
9.400000e+00 -3.400000e+00 3.545145e-30
9.400000e+00 -3.200000e+00 4.967883e-29
9.400000e+00 -3.000000e+00 5.932281e-28
9.400000e+00 -2.800000e+00 6.036496e-27
9.400000e+00 -2.600000e+00 5.234329e-26
9.400000e+00 -2.400000e+00 3.867675e-25
9.400000e+00 -2.200000e+00 2.435296e-24
9.400000e+00 -2.000000e+00 1.306672e-23
9.400000e+00 -1.800000e+00 5.974398e-23
9.400000e+00 -1.600000e+00 2.327741e-22
9.400000e+00 -1.400000e+00 7.728372e-22
9.400000e+00 -1.200000e+00 2.186524e-21
9.400000e+00 -1.000000e+00 5.271490e-21
9.400000e+00 -8.000000e-01 1.082992e-20
9.400000e+00 -6.000000e-01 1.895965e-20
9.400000e+00 -4.000000e-01 2.828448e-20
9.400000e+00 -2.000000e-01 3.595662e-20
9.400000e+00 0.000000e+00 3.895134e-20
9.400000e+00 2.000000e-01 3.595662e-20
9.400000e+00 4.000000e-01 2.828448e-20
9.400000e+00 6.000000e-01 1.895965e-20
9.400000e+00 8.000000e-01 1.082992e-20
9.400000e+00 1.000000e+00 5.271490e-21
9.400000e+00 1.200000e+00 2.186524e-21
9.400000e+00 1.400000e+00 7.728372e-22
9.400000e+00 1.600000e+00 2.327741e-22
9.400000e+00 1.800000e+00 5.974398e-23
9.400000e+00 2.000000e+00 1.306672e-23
9.400000e+00 2.200000e+00 2.435296e-24
9.400000e+00 2.400000e+00 3.867675e-25
9.400000e+00 2.600000e+00 5.234329e-26
9.400000e+00 2.800000e+00 6.036496e-27
9.400000e+00 3.000000e+00 5.932281e-28
9.400000e+00 3.200000e+00 4.967883e-29
9.400000e+00 3.400000e+00 3.545145e-30
9.400000e+00 3.600000e+00 2.155805e-31
9.400000e+00 3.800000e+00 1.117115e-32
9.400000e+00 4.000000e+00 4.932862e-34
9.400000e+00 4.200000e+00 1.856150e-35
9.400000e+00 4.400000e+00 5.951686e-37
9.400000e+00 4.600000e+00 1.626222e-38
9.400000e+00 4.800000e+00 3.786454e-40

9.600000e+00 -5.000000e+00 1.123670e-42
9.600000e+00 -4.800000e+00 5.663347e-41
9.600000e+00 -4.600000e+00 2.432318e-39
9.600000e+00 -4.400000e+00 8.901855e-38
9.600000e+00 -4.200000e+00 2.776218e-36
9.600000e+00 -4.000000e+00 7.378013e-35
9.600000e+00 -3.800000e+00 1.670853e-33
9.600000e+00 -3.600000e+00 3.224407e-32
9.600000e+00 -3.400000e+00 5.302424e-31
9.600000e+00 -3.200000e+00 7.430395e-30
9.600000e+00 -3.000000e+00 8.872831e-29
9.600000e+00 -2.800000e+00 9.028703e-28
9.600000e+00 -2.600000e+00 7.828913e-27
9.600000e+00 -2.400000e+00 5.784828e-26
9.600000e+00 -2.200000e+00 3.642439e-25
9.600000e+00 -2.000000e+00 1.954371e-24
9.600000e+00 -1.800000e+00 8.935824e-24
9.600000e+00 -1.600000e+00 3.481570e-23
9.600000e+00 -1.400000e+00 1.155922e-22
9.600000e+00 -1.200000e+00 3.270354e-22
9.600000e+00 -1.000000e+00 7.884495e-22
9.600000e+00 -8.000000e-01 1.619817e-21
9.600000e+00 -6.000000e-01 2.835769e-21
9.600000e+00 -4.000000e-01 4.230470e-21
9.600000e+00 -2.000000e-01 5.377982e-21
9.600000e+00 0.000000e+00 5.825898e-21
9.600000e+00 2.000000e-01 5.377982e-21
9.600000e+00 4.000000e-01 4.230470e-21
9.600000e+00 6.000000e-01 2.835769e-21
9.600000e+00 8.000000e-01 1.619817e-21
9.600000e+00 1.000000e+00 7.884495e-22
9.600000e+00 1.200000e+00 3.270354e-22
9.600000e+00 1.400000e+00 1.155922e-22
9.600000e+00 1.600000e+00 3.481570e-23
9.600000e+00 1.800000e+00 8.935824e-24
9.600000e+00 2.000000e+00 1.954371e-24
9.600000e+00 2.200000e+00 3.642439e-25
9.600000e+00 2.400000e+00 5.784828e-26
9.600000e+00 2.600000e+00 7.828913e-27
9.600000e+00 2.800000e+00 9.028703e-28
9.600000e+00 3.000000e+00 8.872831e-29
9.600000e+00 3.200000e+00 7.430395e-30
9.600000e+00 3.400000e+00 5.302424e-31
9.600000e+00 3.600000e+00 3.224407e-32
9.600000e+00 3.800000e+00 1.670853e-33
9.600000e+00 4.000000e+00 7.378013e-35
9.600000e+00 4.200000e+00 2.776218e-36
9.600000e+00 4.400000e+00 8.901855e-38
9.600000e+00 4.600000e+00 2.432318e-39
9.600000e+00 4.800000e+00 5.663347e-41

9.800000e+00 -5.000000e+00 1.614758e-43
9.800000e+00 -4.800000e+00 8.138453e-42
9.800000e+00 -4.600000e+00 3.495337e-40
9.800000e+00 -4.400000e+00 1.279232e-38
9.800000e+00 -4.200000e+00 3.989535e-37
9.800000e+00 -4.000000e+00 1.060250e-35
9.800000e+00 -3.800000e+00 2.401082e-34
9.800000e+00 -3.600000e+00 4.633601e-33
9.800000e+00 -3.400000e+00 7.619793e-32
9.800000e+00 -3.200000e+00 1.067777e-30
9.800000e+00 -3.000000e+00 1.275061e-29
9.800000e+00 -2.800000e+00 1.297460e-28
9.800000e+00 -2.600000e+00 1.125046e-27
9.800000e+00 -2.400000e+00 8.313026e-27
9.800000e+00 -2.200000e+00 5.234329e-26
9.800000e+00 -2.000000e+00 2.808508e-25
9.800000e+00 -1.800000e+00 1.284113e-24
9.800000e+00 -1.600000e+00 5.003153e-24
9.800000e+00 -1.400000e+00 1.661105e-23
9.800000e+00 -1.200000e+00 4.699628e-23
9.800000e+00 -1.000000e+00 1.133033e-22
9.800000e+00 -8.000000e-01 2.327741e-22
9.800000e+00 -6.000000e-01 4.075112e-22
9.800000e+00 -4.000000e-01 6.079353e-22
9.800000e+00 -2.000000e-01 7.728372e-22
9.800000e+00 0.000000e+00 8.372045e-22
9.800000e+00 2.000000e-01 7.728372e-22
9.800000e+00 4.000000e-01 6.079353e-22
9.800000e+00 6.000000e-01 4.075112e-22
9.800000e+00 8.000000e-01 2.327741e-22
9.800000e+00 1.000000e+00 1.133033e-22
9.800000e+00 1.200000e+00 4.699628e-23
9.800000e+00 1.400000e+00 1.661105e-23
9.800000e+00 1.600000e+00 5.003153e-24
9.800000e+00 1.800000e+00 1.284113e-24
9.800000e+00 2.000000e+00 2.808508e-25
9.800000e+00 2.200000e+00 5.234329e-26
9.800000e+00 2.400000e+00 8.313026e-27
9.800000e+00 2.600000e+00 1.125046e-27
9.800000e+00 2.800000e+00 1.297460e-28
9.800000e+00 3.000000e+00 1.275061e-29
9.800000e+00 3.200000e+00 1.067777e-30
9.800000e+00 3.400000e+00 7.619793e-32
9.800000e+00 3.600000e+00 4.633601e-33
9.800000e+00 3.800000e+00 2.401082e-34
9.800000e+00 4.000000e+00 1.060250e-35
9.800000e+00 4.200000e+00 3.989535e-37
9.800000e+00 4.400000e+00 1.279232e-38
9.800000e+00 4.600000e+00 3.495337e-40
9.800000e+00 4.800000e+00 8.138453e-42

