0.000000e+00 4.560929e-01
2.500000e-03 4.560929e-01
5.000000e-03 4.560804e-01
7.500000e-03 4.560579e-01
1.000000e-02 4.560258e-01
1.250000e-02 4.559841e-01
1.500000e-02 4.559330e-01
1.750000e-02 4.558725e-01
2.000000e-02 4.558025e-01
2.250000e-02 4.557232e-01
2.500000e-02 4.556344e-01
2.750000e-02 4.555364e-01
3.000000e-02 4.554289e-01
3.250000e-02 4.553122e-01
3.500000e-02 4.551860e-01
3.750000e-02 4.550506e-01
4.000000e-02 4.549059e-01
4.250000e-02 4.547519e-01
4.500000e-02 4.545885e-01
4.750000e-02 4.544160e-01
5.000000e-02 4.542341e-01
5.250000e-02 4.540430e-01
5.500000e-02 4.538427e-01
5.750000e-02 4.536332e-01
6.000000e-02 4.534144e-01
6.250000e-02 4.531865e-01
6.500000e-02 4.529494e-01
6.750000e-02 4.527032e-01
7.000000e-02 4.524479e-01
7.250000e-02 4.521834e-01
7.500000e-02 4.519098e-01
7.750000e-02 4.516272e-01
8.000000e-02 4.513355e-01
8.250000e-02 4.510348e-01
8.500000e-02 4.507251e-01
8.750000e-02 4.504064e-01
9.000000e-02 4.500787e-01
9.250000e-02 4.497421e-01
9.500000e-02 4.493966e-01
9.750000e-02 4.490422e-01
1.000000e-01 4.486789e-01
1.025000e-01 4.483068e-01
1.050000e-01 4.479259e-01
1.075000e-01 4.475362e-01
1.100000e-01 4.471378e-01
1.125000e-01 4.467306e-01
1.150000e-01 4.463147e-01
1.175000e-01 4.458902e-01
1.200000e-01 4.454570e-01
1.225000e-01 4.450152e-01
1.250000e-01 4.445648e-01
1.275000e-01 4.441059e-01
1.300000e-01 4.436385e-01
1.325000e-01 4.431626e-01
1.350000e-01 4.426783e-01
1.375000e-01 4.421856e-01
1.400000e-01 4.416845e-01
1.425000e-01 4.411750e-01
1.450000e-01 4.406573e-01
1.475000e-01 4.401313e-01
1.500000e-01 4.395970e-01
1.525000e-01 4.390546e-01
1.550000e-01 4.385040e-01
1.575000e-01 4.379453e-01
1.600000e-01 4.373785e-01
1.625000e-01 4.368037e-01
1.650000e-01 4.362209e-01
1.675000e-01 4.356302e-01
1.700000e-01 4.350315e-01
1.725000e-01 4.344249e-01
1.750000e-01 4.338106e-01
1.775000e-01 4.331884e-01
1.800000e-01 4.325585e-01
1.825000e-01 4.319209e-01
1.850000e-01 4.312756e-01
1.875000e-01 4.306227e-01
1.900000e-01 4.299623e-01
1.925000e-01 4.292943e-01
1.950000e-01 4.286189e-01
1.975000e-01 4.279360e-01
2.000000e-01 4.272457e-01
2.025000e-01 4.265481e-01
2.050000e-01 4.258432e-01
2.075000e-01 4.251311e-01
2.100000e-01 4.244117e-01
2.125000e-01 4.236852e-01
2.150000e-01 4.229517e-01
2.175000e-01 4.222110e-01
2.200000e-01 4.214634e-01
2.225000e-01 4.207088e-01
2.250000e-01 4.199473e-01
2.275000e-01 4.191790e-01
2.300000e-01 4.184039e-01
2.325000e-01 4.176220e-01
2.350000e-01 4.168334e-01
2.375000e-01 4.160382e-01
2.400000e-01 4.152364e-01
2.425000e-01 4.144280e-01
2.450000e-01 4.136132e-01
2.475000e-01 4.127919e-01
2.500000e-01 4.119642e-01
2.525000e-01 4.111302e-01
2.550000e-01 4.102900e-01
2.575000e-01 4.094435e-01
2.600000e-01 4.085909e-01
2.625000e-01 4.077321e-01
2.650000e-01 4.068673e-01
2.675000e-01 4.059965e-01
2.700000e-01 4.051198e-01
2.725000e-01 4.042371e-01
2.750000e-01 4.033487e-01
2.775000e-01 4.024544e-01
2.800000e-01 4.015544e-01
2.825000e-01 4.006488e-01
2.850000e-01 3.997376e-01
2.875000e-01 3.988208e-01
2.900000e-01 3.978985e-01
2.925000e-01 3.969708e-01
2.950000e-01 3.960377e-01
2.975000e-01 3.950992e-01
3.000000e-01 3.941556e-01
3.025000e-01 3.932067e-01
3.050000e-01 3.922526e-01
3.075000e-01 3.912935e-01
3.100000e-01 3.903293e-01
3.125000e-01 3.893602e-01
3.150000e-01 3.883861e-01
3.175000e-01 3.874072e-01
3.200000e-01 3.864235e-01
3.225000e-01 3.854351e-01
3.250000e-01 3.844419e-01
3.275000e-01 3.834442e-01
3.300000e-01 3.824419e-01
3.325000e-01 3.814350e-01
3.350000e-01 3.804238e-01
3.375000e-01 3.794081e-01
3.400000e-01 3.783881e-01
3.425000e-01 3.773639e-01
3.450000e-01 3.763354e-01
3.475000e-01 3.753028e-01
3.500000e-01 3.742661e-01
3.525000e-01 3.732254e-01
3.550000e-01 3.721807e-01
3.575000e-01 3.711321e-01
3.600000e-01 3.700796e-01
3.625000e-01 3.690234e-01
3.650000e-01 3.679634e-01
3.675000e-01 3.668997e-01
3.700000e-01 3.658324e-01
3.725000e-01 3.647616e-01
3.750000e-01 3.636873e-01
3.775000e-01 3.626095e-01
3.800000e-01 3.615284e-01
3.825000e-01 3.604439e-01
3.850000e-01 3.593562e-01
3.875000e-01 3.582652e-01
3.900000e-01 3.571712e-01
3.925000e-01 3.560740e-01
3.950000e-01 3.549738e-01
3.975000e-01 3.538707e-01
4.000000e-01 3.527646e-01
4.025000e-01 3.516557e-01
4.050000e-01 3.505440e-01
4.075000e-01 3.494296e-01
4.100000e-01 3.483125e-01
4.125000e-01 3.471928e-01
4.150000e-01 3.460705e-01
4.175000e-01 3.449457e-01
4.200000e-01 3.438185e-01
4.225000e-01 3.426889e-01
4.250000e-01 3.415570e-01
4.275000e-01 3.404228e-01
4.300000e-01 3.392864e-01
4.325000e-01 3.381478e-01
4.350000e-01 3.370071e-01
4.375000e-01 3.358644e-01
4.400000e-01 3.347197e-01
4.425000e-01 3.335730e-01
4.450000e-01 3.324245e-01
4.475000e-01 3.312742e-01
4.500000e-01 3.301221e-01
4.525000e-01 3.289683e-01
4.550000e-01 3.278128e-01
4.575000e-01 3.266558e-01
4.600000e-01 3.254972e-01
4.625000e-01 3.243371e-01
4.650000e-01 3.231756e-01
4.675000e-01 3.220127e-01
4.700000e-01 3.208485e-01
4.725000e-01 3.196830e-01
4.750000e-01 3.185163e-01
4.775000e-01 3.173484e-01
4.800000e-01 3.161794e-01
4.825000e-01 3.150094e-01
4.850000e-01 3.138383e-01
4.875000e-01 3.126663e-01
4.900000e-01 3.114934e-01
4.925000e-01 3.103197e-01
4.950000e-01 3.091451e-01
4.975000e-01 3.079698e-01
5.000000e-01 3.067938e-01
5.025000e-01 3.056172e-01
5.050000e-01 3.044400e-01
5.075000e-01 3.032622e-01
5.100000e-01 3.020840e-01
5.125000e-01 3.009053e-01
5.150000e-01 2.997262e-01
5.175000e-01 2.985468e-01
5.200000e-01 2.973670e-01
5.225000e-01 2.961871e-01
5.250000e-01 2.950069e-01
5.275000e-01 2.938266e-01
5.300000e-01 2.926461e-01
5.325000e-01 2.914657e-01
5.350000e-01 2.902852e-01
5.375000e-01 2.891048e-01
5.400000e-01 2.879244e-01
5.425000e-01 2.867442e-01
5.450000e-01 2.855642e-01
5.475000e-01 2.843844e-01
5.500000e-01 2.832048e-01
5.525000e-01 2.820256e-01
5.550000e-01 2.808467e-01
5.575000e-01 2.796683e-01
5.600000e-01 2.784903e-01
5.625000e-01 2.773128e-01
5.650000e-01 2.761358e-01
5.675000e-01 2.749594e-01
5.700000e-01 2.737837e-01
5.725000e-01 2.726086e-01
5.750000e-01 2.714342e-01
5.775000e-01 2.702605e-01
5.800000e-01 2.690877e-01
5.825000e-01 2.679157e-01
5.850000e-01 2.667446e-01
5.875000e-01 2.655743e-01
5.900000e-01 2.644051e-01
5.925000e-01 2.632368e-01
5.950000e-01 2.620696e-01
5.975000e-01 2.609034e-01
6.000000e-01 2.597384e-01
6.025000e-01 2.585745e-01
6.050000e-01 2.574118e-01
6.075000e-01 2.562503e-01
6.100000e-01 2.550901e-01
6.125000e-01 2.539312e-01
6.150000e-01 2.527737e-01
6.175000e-01 2.516175e-01
6.200000e-01 2.504628e-01
6.225000e-01 2.493094e-01
6.250000e-01 2.481576e-01
6.275000e-01 2.470073e-01
6.300000e-01 2.458586e-01
6.325000e-01 2.447114e-01
6.350000e-01 2.435659e-01
6.375000e-01 2.424220e-01
6.400000e-01 2.412798e-01
6.425000e-01 2.401394e-01
6.450000e-01 2.390007e-01
6.475000e-01 2.378638e-01
6.500000e-01 2.367287e-01
6.525000e-01 2.355954e-01
6.550000e-01 2.344641e-01
6.575000e-01 2.333347e-01
6.600000e-01 2.322072e-01
6.625000e-01 2.310817e-01
6.650000e-01 2.299582e-01
6.675000e-01 2.288368e-01
6.700000e-01 2.277174e-01
6.725000e-01 2.266001e-01
6.750000e-01 2.254850e-01
6.775000e-01 2.243720e-01
6.800000e-01 2.232612e-01
6.825000e-01 2.221526e-01
6.850000e-01 2.210462e-01
6.875000e-01 2.199421e-01
6.900000e-01 2.188403e-01
6.925000e-01 2.177408e-01
6.950000e-01 2.166437e-01
6.975000e-01 2.155489e-01
7.000000e-01 2.144565e-01
7.025000e-01 2.133666e-01
7.050000e-01 2.122791e-01
7.075000e-01 2.111940e-01
7.100000e-01 2.101115e-01
7.125000e-01 2.090315e-01
7.150000e-01 2.079540e-01
7.175000e-01 2.068791e-01
7.200000e-01 2.058067e-01
7.225000e-01 2.047370e-01
7.250000e-01 2.036699e-01
7.275000e-01 2.026055e-01
7.300000e-01 2.015437e-01
7.325000e-01 2.004847e-01
7.350000e-01 1.994283e-01
7.375000e-01 1.983747e-01
7.400000e-01 1.973239e-01
7.425000e-01 1.962758e-01
7.450000e-01 1.952306e-01
7.475000e-01 1.941881e-01
7.500000e-01 1.931485e-01
7.525000e-01 1.921117e-01
7.550000e-01 1.910778e-01
7.575000e-01 1.900468e-01
7.600000e-01 1.890188e-01
7.625000e-01 1.879936e-01
7.650000e-01 1.869714e-01
7.675000e-01 1.859521e-01
7.700000e-01 1.849358e-01
7.725000e-01 1.839226e-01
7.750000e-01 1.829123e-01
7.775000e-01 1.819050e-01
7.800000e-01 1.809008e-01
7.825000e-01 1.798997e-01
7.850000e-01 1.789016e-01
7.875000e-01 1.779066e-01
7.900000e-01 1.769146e-01
7.925000e-01 1.759259e-01
7.950000e-01 1.749402e-01
7.975000e-01 1.739576e-01
8.000000e-01 1.729783e-01
8.025000e-01 1.720020e-01
8.050000e-01 1.710290e-01
8.075000e-01 1.700592e-01
8.100000e-01 1.690925e-01
8.125000e-01 1.681291e-01
8.150000e-01 1.671689e-01
8.175000e-01 1.662119e-01
8.200000e-01 1.652581e-01
8.225000e-01 1.643077e-01
8.250000e-01 1.633605e-01
8.275000e-01 1.624165e-01
8.300000e-01 1.614759e-01
8.325000e-01 1.605385e-01
8.350000e-01 1.596045e-01
8.375000e-01 1.586737e-01
8.400000e-01 1.577463e-01
8.425000e-01 1.568222e-01
8.450000e-01 1.559015e-01
8.475000e-01 1.549841e-01
8.500000e-01 1.540701e-01
8.525000e-01 1.531594e-01
8.550000e-01 1.522521e-01
8.575000e-01 1.513481e-01
8.600000e-01 1.504476e-01
8.625000e-01 1.495504e-01
8.650000e-01 1.486566e-01
8.675000e-01 1.477663e-01
8.700000e-01 1.468793e-01
8.725000e-01 1.459958e-01
8.750000e-01 1.451156e-01
8.775000e-01 1.442389e-01
8.800000e-01 1.433656e-01
8.825000e-01 1.424958e-01
8.850000e-01 1.416294e-01
8.875000e-01 1.407664e-01
8.900000e-01 1.399069e-01
8.925000e-01 1.390508e-01
8.950000e-01 1.381982e-01
8.975000e-01 1.373490e-01
9.000000e-01 1.365033e-01
9.025000e-01 1.356610e-01
9.050000e-01 1.348222e-01
9.075000e-01 1.339869e-01
9.100000e-01 1.331551e-01
9.125000e-01 1.323267e-01
9.150000e-01 1.315018e-01
9.175000e-01 1.306803e-01
9.200000e-01 1.298624e-01
9.225000e-01 1.290479e-01
9.250000e-01 1.282369e-01
9.275000e-01 1.274293e-01
9.300000e-01 1.266253e-01
9.325000e-01 1.258247e-01
9.350000e-01 1.250276e-01
9.375000e-01 1.242340e-01
9.400000e-01 1.234439e-01
9.425000e-01 1.226572e-01
9.450000e-01 1.218740e-01
9.475000e-01 1.210943e-01
9.500000e-01 1.203181e-01
9.525000e-01 1.195454e-01
9.550000e-01 1.187761e-01
9.575000e-01 1.180103e-01
9.600000e-01 1.172480e-01
9.625000e-01 1.164891e-01
9.650000e-01 1.157337e-01
9.675000e-01 1.149818e-01
9.700000e-01 1.142334e-01
9.725000e-01 1.134884e-01
9.750000e-01 1.127468e-01
9.775000e-01 1.120088e-01
9.800000e-01 1.112742e-01
9.825000e-01 1.105430e-01
9.850000e-01 1.098153e-01
9.875000e-01 1.090910e-01
9.900000e-01 1.083702e-01
9.925000e-01 1.076528e-01
9.950000e-01 1.069388e-01
9.975000e-01 1.062283e-01
1.000000e+00 1.055212e-01
1.002500e+00 1.048175e-01
1.005000e+00 1.041173e-01
1.007500e+00 1.034204e-01
1.010000e+00 1.027270e-01
1.012500e+00 1.020370e-01
1.015000e+00 1.013503e-01
1.017500e+00 1.006671e-01
1.020000e+00 9.998727e-02
1.022500e+00 9.931082e-02
1.025000e+00 9.863774e-02
1.027500e+00 9.796804e-02
1.030000e+00 9.730171e-02
1.032500e+00 9.663875e-02
1.035000e+00 9.597914e-02
1.037500e+00 9.532289e-02
1.040000e+00 9.466998e-02
1.042500e+00 9.402041e-02
1.045000e+00 9.337417e-02
1.047500e+00 9.273126e-02
1.050000e+00 9.209168e-02
1.052500e+00 9.145541e-02
1.055000e+00 9.082244e-02
1.057500e+00 9.019278e-02
1.060000e+00 8.956641e-02
1.062500e+00 8.894333e-02
1.065000e+00 8.832353e-02
1.067500e+00 8.770700e-02
1.070000e+00 8.709374e-02
1.072500e+00 8.648374e-02
1.075000e+00 8.587699e-02
1.077500e+00 8.527349e-02
1.080000e+00 8.467322e-02
1.082500e+00 8.407618e-02
1.085000e+00 8.348236e-02
1.087500e+00 8.289175e-02
1.090000e+00 8.230435e-02
1.092500e+00 8.172015e-02
1.095000e+00 8.113913e-02
1.097500e+00 8.056130e-02
1.100000e+00 7.998664e-02
1.102500e+00 7.941514e-02
1.105000e+00 7.884680e-02
1.107500e+00 7.828160e-02
1.110000e+00 7.771955e-02
1.112500e+00 7.716063e-02
1.115000e+00 7.660482e-02
1.117500e+00 7.605213e-02
1.120000e+00 7.550255e-02
1.122500e+00 7.495605e-02
1.125000e+00 7.441265e-02
1.127500e+00 7.387232e-02
1.130000e+00 7.333506e-02
1.132500e+00 7.280086e-02
1.135000e+00 7.226971e-02
1.137500e+00 7.174160e-02
1.140000e+00 7.121652e-02
1.142500e+00 7.069446e-02
1.145000e+00 7.017541e-02
1.147500e+00 6.965937e-02
1.150000e+00 6.914632e-02
1.152500e+00 6.863625e-02
1.155000e+00 6.812915e-02
1.157500e+00 6.762503e-02
1.160000e+00 6.712385e-02
1.162500e+00 6.662562e-02
1.165000e+00 6.613032e-02
1.167500e+00 6.563795e-02
1.170000e+00 6.514850e-02
1.172500e+00 6.466194e-02
1.175000e+00 6.417829e-02
1.177500e+00 6.369752e-02
1.180000e+00 6.321962e-02
1.182500e+00 6.274459e-02
1.185000e+00 6.227241e-02
1.187500e+00 6.180307e-02
1.190000e+00 6.133657e-02
1.192500e+00 6.087290e-02
1.195000e+00 6.041203e-02
1.197500e+00 5.995397e-02
1.200000e+00 5.949871e-02
1.202500e+00 5.904622e-02
1.205000e+00 5.859651e-02
1.207500e+00 5.814955e-02
1.210000e+00 5.770535e-02
1.212500e+00 5.726389e-02
1.215000e+00 5.682516e-02
1.217500e+00 5.638914e-02
1.220000e+00 5.595584e-02
1.222500e+00 5.552523e-02
1.225000e+00 5.509731e-02
1.227500e+00 5.467207e-02
1.230000e+00 5.424949e-02
1.232500e+00 5.382957e-02
1.235000e+00 5.341229e-02
1.237500e+00 5.299765e-02
1.240000e+00 5.258562e-02
1.242500e+00 5.217622e-02
1.245000e+00 5.176941e-02
1.247500e+00 5.136519e-02
1.250000e+00 5.096355e-02
1.252500e+00 5.056448e-02
1.255000e+00 5.016797e-02
1.257500e+00 4.977401e-02
1.260000e+00 4.938258e-02
1.262500e+00 4.899368e-02
1.265000e+00 4.860729e-02
1.267500e+00 4.822341e-02
1.270000e+00 4.784201e-02
1.272500e+00 4.746310e-02
1.275000e+00 4.708666e-02
1.277500e+00 4.671269e-02
1.280000e+00 4.634116e-02
1.282500e+00 4.597206e-02
1.285000e+00 4.560540e-02
1.287500e+00 4.524115e-02
1.290000e+00 4.487931e-02
1.292500e+00 4.451986e-02
1.295000e+00 4.416279e-02
1.297500e+00 4.380810e-02
1.300000e+00 4.345577e-02
1.302500e+00 4.310579e-02
1.305000e+00 4.275815e-02
1.307500e+00 4.241284e-02
1.310000e+00 4.206984e-02
1.312500e+00 4.172915e-02
1.315000e+00 4.139076e-02
1.317500e+00 4.105466e-02
1.320000e+00 4.072082e-02
1.322500e+00 4.038925e-02
1.325000e+00 4.005994e-02
1.327500e+00 3.973286e-02
1.330000e+00 3.940802e-02
1.332500e+00 3.908539e-02
1.335000e+00 3.876498e-02
1.337500e+00 3.844676e-02
1.340000e+00 3.813073e-02
1.342500e+00 3.781687e-02
1.345000e+00 3.750518e-02
1.347500e+00 3.719565e-02
1.350000e+00 3.688826e-02
1.352500e+00 3.658300e-02
1.355000e+00 3.627987e-02
1.357500e+00 3.597885e-02
1.360000e+00 3.567992e-02
1.362500e+00 3.538309e-02
1.365000e+00 3.508834e-02
1.367500e+00 3.479566e-02
1.370000e+00 3.450503e-02
1.372500e+00 3.421645e-02
1.375000e+00 3.392991e-02
1.377500e+00 3.364540e-02
1.380000e+00 3.336290e-02
1.382500e+00 3.308240e-02
1.385000e+00 3.280390e-02
1.387500e+00 3.252739e-02
1.390000e+00 3.225284e-02
1.392500e+00 3.198026e-02
1.395000e+00 3.170964e-02
1.397500e+00 3.144095e-02
1.400000e+00 3.117420e-02
1.402500e+00 3.090936e-02
1.405000e+00 3.064644e-02
1.407500e+00 3.038542e-02
1.410000e+00 3.012628e-02
1.412500e+00 2.986903e-02
1.415000e+00 2.961365e-02
1.417500e+00 2.936012e-02
1.420000e+00 2.910844e-02
1.422500e+00 2.885861e-02
1.425000e+00 2.861059e-02
1.427500e+00 2.836440e-02
1.430000e+00 2.812002e-02
1.432500e+00 2.787743e-02
1.435000e+00 2.763663e-02
1.437500e+00 2.739761e-02
1.440000e+00 2.716035e-02
1.442500e+00 2.692486e-02
1.445000e+00 2.669111e-02
1.447500e+00 2.645909e-02
1.450000e+00 2.622881e-02
1.452500e+00 2.600024e-02
1.455000e+00 2.577338e-02
1.457500e+00 2.554821e-02
1.460000e+00 2.532474e-02
1.462500e+00 2.510294e-02
1.465000e+00 2.488281e-02
1.467500e+00 2.466434e-02
1.470000e+00 2.444752e-02
1.472500e+00 2.423233e-02
1.475000e+00 2.401878e-02
1.477500e+00 2.380685e-02
1.480000e+00 2.359652e-02
1.482500e+00 2.338780e-02
1.485000e+00 2.318066e-02
1.487500e+00 2.297511e-02
1.490000e+00 2.277113e-02
1.492500e+00 2.256871e-02
1.495000e+00 2.236785e-02
1.497500e+00 2.216853e-02
1.500000e+00 2.197074e-02
1.502500e+00 2.177448e-02
1.505000e+00 2.157973e-02
1.507500e+00 2.138649e-02
1.510000e+00 2.119475e-02
1.512500e+00 2.100450e-02
1.515000e+00 2.081572e-02
1.517500e+00 2.062841e-02
1.520000e+00 2.044257e-02
1.522500e+00 2.025817e-02
1.525000e+00 2.007522e-02
1.527500e+00 1.989370e-02
1.530000e+00 1.971360e-02
1.532500e+00 1.953492e-02
1.535000e+00 1.935765e-02
1.537500e+00 1.918178e-02
1.540000e+00 1.900729e-02
1.542500e+00 1.883418e-02
1.545000e+00 1.866245e-02
1.547500e+00 1.849207e-02
1.550000e+00 1.832305e-02
1.552500e+00 1.815538e-02
1.555000e+00 1.798904e-02
1.557500e+00 1.782403e-02
1.560000e+00 1.766034e-02
1.562500e+00 1.749796e-02
1.565000e+00 1.733689e-02
1.567500e+00 1.717710e-02
1.570000e+00 1.701860e-02
1.572500e+00 1.686138e-02
1.575000e+00 1.670543e-02
1.577500e+00 1.655074e-02
1.580000e+00 1.639730e-02
1.582500e+00 1.624510e-02
1.585000e+00 1.609414e-02
1.587500e+00 1.594441e-02
1.590000e+00 1.579590e-02
1.592500e+00 1.564859e-02
1.595000e+00 1.550249e-02
1.597500e+00 1.535759e-02
1.600000e+00 1.521387e-02
1.602500e+00 1.507133e-02
1.605000e+00 1.492997e-02
1.607500e+00 1.478976e-02
1.610000e+00 1.465071e-02
1.612500e+00 1.451281e-02
1.615000e+00 1.437605e-02
1.617500e+00 1.424042e-02
1.620000e+00 1.410592e-02
1.622500e+00 1.397253e-02
1.625000e+00 1.384025e-02
1.627500e+00 1.370907e-02
1.630000e+00 1.357899e-02
1.632500e+00 1.344999e-02
1.635000e+00 1.332207e-02
1.637500e+00 1.319523e-02
1.640000e+00 1.306944e-02
1.642500e+00 1.294472e-02
1.645000e+00 1.282104e-02
1.647500e+00 1.269840e-02
1.650000e+00 1.257680e-02
1.652500e+00 1.245623e-02
1.655000e+00 1.233667e-02
1.657500e+00 1.221813e-02
1.660000e+00 1.210059e-02
1.662500e+00 1.198406e-02
1.665000e+00 1.186851e-02
1.667500e+00 1.175395e-02
1.670000e+00 1.164037e-02
1.672500e+00 1.152776e-02
1.675000e+00 1.141611e-02
1.677500e+00 1.130542e-02
1.680000e+00 1.119567e-02
1.682500e+00 1.108687e-02
1.685000e+00 1.097901e-02
1.687500e+00 1.087208e-02
1.690000e+00 1.076607e-02
1.692500e+00 1.066097e-02
1.695000e+00 1.055679e-02
1.697500e+00 1.045351e-02
1.700000e+00 1.035112e-02
1.702500e+00 1.024962e-02
1.705000e+00 1.014901e-02
1.707500e+00 1.004927e-02
1.710000e+00 9.950408e-03
1.712500e+00 9.852406e-03
1.715000e+00 9.755262e-03
1.717500e+00 9.658969e-03
1.720000e+00 9.563521e-03
1.722500e+00 9.468911e-03
1.725000e+00 9.375134e-03
1.727500e+00 9.282183e-03
1.730000e+00 9.190052e-03
1.732500e+00 9.098736e-03
1.735000e+00 9.008227e-03
1.737500e+00 8.918520e-03
1.740000e+00 8.829608e-03
1.742500e+00 8.741487e-03
1.745000e+00 8.654149e-03
1.747500e+00 8.567589e-03
1.750000e+00 8.481801e-03
1.752500e+00 8.396780e-03
1.755000e+00 8.312518e-03
1.757500e+00 8.229012e-03
1.760000e+00 8.146254e-03
1.762500e+00 8.064239e-03
1.765000e+00 7.982961e-03
1.767500e+00 7.902416e-03
1.770000e+00 7.822596e-03
1.772500e+00 7.743497e-03
1.775000e+00 7.665113e-03
1.777500e+00 7.587439e-03
1.780000e+00 7.510468e-03
1.782500e+00 7.434196e-03
1.785000e+00 7.358617e-03
1.787500e+00 7.283726e-03
1.790000e+00 7.209517e-03
1.792500e+00 7.135985e-03
1.795000e+00 7.063124e-03
1.797500e+00 6.990931e-03
1.800000e+00 6.919398e-03
1.802500e+00 6.848521e-03
1.805000e+00 6.778296e-03
1.807500e+00 6.708716e-03
1.810000e+00 6.639776e-03
1.812500e+00 6.571473e-03
1.815000e+00 6.503799e-03
1.817500e+00 6.436752e-03
1.820000e+00 6.370324e-03
1.822500e+00 6.304513e-03
1.825000e+00 6.239311e-03
1.827500e+00 6.174716e-03
1.830000e+00 6.110722e-03
1.832500e+00 6.047323e-03
1.835000e+00 5.984516e-03
1.837500e+00 5.922296e-03
1.840000e+00 5.860657e-03
1.842500e+00 5.799596e-03
1.845000e+00 5.739107e-03
1.847500e+00 5.679185e-03
1.850000e+00 5.619827e-03
1.852500e+00 5.561027e-03
1.855000e+00 5.502782e-03
1.857500e+00 5.445086e-03
1.860000e+00 5.387934e-03
1.862500e+00 5.331324e-03
1.865000e+00 5.275249e-03
1.867500e+00 5.219707e-03
1.870000e+00 5.164691e-03
1.872500e+00 5.110199e-03
1.875000e+00 5.056225e-03
1.877500e+00 5.002766e-03
1.880000e+00 4.949816e-03
1.882500e+00 4.897373e-03
1.885000e+00 4.845431e-03
1.887500e+00 4.793987e-03
1.890000e+00 4.743036e-03
1.892500e+00 4.692574e-03
1.895000e+00 4.642598e-03
1.897500e+00 4.593102e-03
1.900000e+00 4.544083e-03
1.902500e+00 4.495538e-03
1.905000e+00 4.447461e-03
1.907500e+00 4.399850e-03
1.910000e+00 4.352700e-03
1.912500e+00 4.306006e-03
1.915000e+00 4.259767e-03
1.917500e+00 4.213976e-03
1.920000e+00 4.168632e-03
1.922500e+00 4.123729e-03
1.925000e+00 4.079264e-03
1.927500e+00 4.035234e-03
1.930000e+00 3.991634e-03
1.932500e+00 3.948462e-03
1.935000e+00 3.905712e-03
1.937500e+00 3.863383e-03
1.940000e+00 3.821469e-03
1.942500e+00 3.779968e-03
1.945000e+00 3.738876e-03
1.947500e+00 3.698189e-03
1.950000e+00 3.657903e-03
1.952500e+00 3.618017e-03
1.955000e+00 3.578525e-03
1.957500e+00 3.539424e-03
1.960000e+00 3.500712e-03
1.962500e+00 3.462384e-03
1.965000e+00 3.424438e-03
1.967500e+00 3.386869e-03
1.970000e+00 3.349675e-03
1.972500e+00 3.312853e-03
1.975000e+00 3.276398e-03
1.977500e+00 3.240308e-03
1.980000e+00 3.204580e-03
1.982500e+00 3.169211e-03
1.985000e+00 3.134196e-03
1.987500e+00 3.099534e-03
1.990000e+00 3.065220e-03
1.992500e+00 3.031253e-03
1.995000e+00 2.997628e-03
1.997500e+00 2.964343e-03
2.000000e+00 2.931395e-03
2.002500e+00 2.898780e-03
2.005000e+00 2.866496e-03
2.007500e+00 2.834539e-03
2.010000e+00 2.802908e-03
2.012500e+00 2.771598e-03
2.015000e+00 2.740607e-03
2.017500e+00 2.709933e-03
2.020000e+00 2.679571e-03
2.022500e+00 2.649520e-03
2.025000e+00 2.619776e-03
2.027500e+00 2.590338e-03
2.030000e+00 2.561201e-03
2.032500e+00 2.532363e-03
2.035000e+00 2.503822e-03
2.037500e+00 2.475575e-03
2.040000e+00 2.447619e-03
2.042500e+00 2.419951e-03
2.045000e+00 2.392569e-03
2.047500e+00 2.365471e-03
2.050000e+00 2.338652e-03
2.052500e+00 2.312112e-03
2.055000e+00 2.285848e-03
2.057500e+00 2.259856e-03
2.060000e+00 2.234134e-03
2.062500e+00 2.208681e-03
2.065000e+00 2.183493e-03
2.067500e+00 2.158567e-03
2.070000e+00 2.133902e-03
2.072500e+00 2.109496e-03
2.075000e+00 2.085344e-03
2.077500e+00 2.061446e-03
2.080000e+00 2.037799e-03
2.082500e+00 2.014401e-03
2.085000e+00 1.991248e-03
2.087500e+00 1.968340e-03
2.090000e+00 1.945673e-03
2.092500e+00 1.923245e-03
2.095000e+00 1.901054e-03
2.097500e+00 1.879099e-03
2.100000e+00 1.857375e-03
2.102500e+00 1.835882e-03
2.105000e+00 1.814618e-03
2.107500e+00 1.793579e-03
2.110000e+00 1.772764e-03
2.112500e+00 1.752171e-03
2.115000e+00 1.731798e-03
2.117500e+00 1.711642e-03
2.120000e+00 1.691701e-03
2.122500e+00 1.671974e-03
2.125000e+00 1.652458e-03
2.127500e+00 1.633152e-03
2.130000e+00 1.614052e-03
2.132500e+00 1.595159e-03
2.135000e+00 1.576468e-03
2.137500e+00 1.557979e-03
2.140000e+00 1.539689e-03
2.142500e+00 1.521596e-03
2.145000e+00 1.503699e-03
2.147500e+00 1.485996e-03
2.150000e+00 1.468485e-03
2.152500e+00 1.451163e-03
2.155000e+00 1.434029e-03
2.157500e+00 1.417082e-03
2.160000e+00 1.400319e-03
2.162500e+00 1.383739e-03
2.165000e+00 1.367339e-03
2.167500e+00 1.351119e-03
2.170000e+00 1.335075e-03
2.172500e+00 1.319207e-03
2.175000e+00 1.303513e-03
2.177500e+00 1.287991e-03
2.180000e+00 1.272640e-03
2.182500e+00 1.257457e-03
2.185000e+00 1.242441e-03
2.187500e+00 1.227591e-03
2.190000e+00 1.212904e-03
2.192500e+00 1.198379e-03
2.195000e+00 1.184015e-03
2.197500e+00 1.169809e-03
2.200000e+00 1.155761e-03
2.202500e+00 1.141869e-03
2.205000e+00 1.128130e-03
2.207500e+00 1.114544e-03
2.210000e+00 1.101110e-03
2.212500e+00 1.087825e-03
2.215000e+00 1.074688e-03
2.217500e+00 1.061697e-03
2.220000e+00 1.048852e-03
2.222500e+00 1.036150e-03
2.225000e+00 1.023590e-03
2.227500e+00 1.011171e-03
2.230000e+00 9.988915e-04
2.232500e+00 9.867496e-04
2.235000e+00 9.747443e-04
2.237500e+00 9.628740e-04
2.240000e+00 9.511374e-04
2.242500e+00 9.395331e-04
2.245000e+00 9.280599e-04
2.247500e+00 9.167162e-04
2.250000e+00 9.055009e-04
2.252500e+00 8.944126e-04
2.255000e+00 8.834499e-04
2.257500e+00 8.726117e-04
2.260000e+00 8.618965e-04
2.262500e+00 8.513033e-04
2.265000e+00 8.408306e-04
2.267500e+00 8.304772e-04
2.270000e+00 8.202419e-04
2.272500e+00 8.101236e-04
2.275000e+00 8.001208e-04
2.277500e+00 7.902326e-04
2.280000e+00 7.804576e-04
2.282500e+00 7.707947e-04
2.285000e+00 7.612428e-04
2.287500e+00 7.518006e-04
2.290000e+00 7.424670e-04
2.292500e+00 7.332409e-04
2.295000e+00 7.241211e-04
2.297500e+00 7.151066e-04
2.300000e+00 7.061962e-04
2.302500e+00 6.973888e-04
2.305000e+00 6.886834e-04
2.307500e+00 6.800789e-04
2.310000e+00 6.715742e-04
2.312500e+00 6.631682e-04
2.315000e+00 6.548599e-04
2.317500e+00 6.466483e-04
2.320000e+00 6.385323e-04
2.322500e+00 6.305110e-04
2.325000e+00 6.225833e-04
2.327500e+00 6.147482e-04
2.330000e+00 6.070048e-04
2.332500e+00 5.993520e-04
2.335000e+00 5.917888e-04
2.337500e+00 5.843145e-04
2.340000e+00 5.769278e-04
2.342500e+00 5.696281e-04
2.345000e+00 5.624142e-04
2.347500e+00 5.552853e-04
2.350000e+00 5.482405e-04
2.352500e+00 5.412788e-04
2.355000e+00 5.343993e-04
2.357500e+00 5.276013e-04
2.360000e+00 5.208837e-04
2.362500e+00 5.142458e-04
2.365000e+00 5.076865e-04
2.367500e+00 5.012052e-04
2.370000e+00 4.948010e-04
2.372500e+00 4.884729e-04
2.375000e+00 4.822202e-04
2.377500e+00 4.760421e-04
2.380000e+00 4.699377e-04
2.382500e+00 4.639063e-04
2.385000e+00 4.579470e-04
2.387500e+00 4.520590e-04
2.390000e+00 4.462416e-04
2.392500e+00 4.404940e-04
2.395000e+00 4.348154e-04
2.397500e+00 4.292051e-04
2.400000e+00 4.236623e-04
2.402500e+00 4.181862e-04
2.405000e+00 4.127761e-04
2.407500e+00 4.074314e-04
2.410000e+00 4.021512e-04
2.412500e+00 3.969348e-04
2.415000e+00 3.917816e-04
2.417500e+00 3.866909e-04
2.420000e+00 3.816618e-04
2.422500e+00 3.766939e-04
2.425000e+00 3.717863e-04
2.427500e+00 3.669384e-04
2.430000e+00 3.621495e-04
2.432500e+00 3.574190e-04
2.435000e+00 3.527463e-04
2.437500e+00 3.481305e-04
2.440000e+00 3.435713e-04
2.442500e+00 3.390678e-04
2.445000e+00 3.346194e-04
2.447500e+00 3.302257e-04
2.450000e+00 3.258858e-04
2.452500e+00 3.215993e-04
2.455000e+00 3.173654e-04
2.457500e+00 3.131837e-04
2.460000e+00 3.090535e-04
2.462500e+00 3.049743e-04
2.465000e+00 3.009454e-04
2.467500e+00 2.969663e-04
2.470000e+00 2.930364e-04
2.472500e+00 2.891552e-04
2.475000e+00 2.853220e-04
2.477500e+00 2.815365e-04
2.480000e+00 2.777979e-04
2.482500e+00 2.741058e-04
2.485000e+00 2.704597e-04
2.487500e+00 2.668589e-04
2.490000e+00 2.633030e-04
2.492500e+00 2.597916e-04
2.495000e+00 2.563239e-04
2.497500e+00 2.528996e-04
2.500000e+00 2.495182e-04
2.502500e+00 2.461792e-04
2.505000e+00 2.428820e-04
2.507500e+00 2.396261e-04
2.510000e+00 2.364112e-04
2.512500e+00 2.332367e-04
2.515000e+00 2.301022e-04
2.517500e+00 2.270071e-04
2.520000e+00 2.239511e-04
2.522500e+00 2.209337e-04
2.525000e+00 2.179544e-04
2.527500e+00 2.150128e-04
2.530000e+00 2.121084e-04
2.532500e+00 2.092408e-04
2.535000e+00 2.064095e-04
2.537500e+00 2.036143e-04
2.540000e+00 2.008545e-04
2.542500e+00 1.981299e-04
2.545000e+00 1.954399e-04
2.547500e+00 1.927842e-04
2.550000e+00 1.901624e-04
2.552500e+00 1.875741e-04
2.555000e+00 1.850188e-04
2.557500e+00 1.824963e-04
2.560000e+00 1.800060e-04
2.562500e+00 1.775476e-04
2.565000e+00 1.751208e-04
2.567500e+00 1.727252e-04
2.570000e+00 1.703603e-04
2.572500e+00 1.680258e-04
2.575000e+00 1.657215e-04
2.577500e+00 1.634468e-04
2.580000e+00 1.612014e-04
2.582500e+00 1.589851e-04
2.585000e+00 1.567974e-04
2.587500e+00 1.546380e-04
2.590000e+00 1.525066e-04
2.592500e+00 1.504028e-04
2.595000e+00 1.483263e-04
2.597500e+00 1.462767e-04
2.600000e+00 1.442538e-04
2.602500e+00 1.422572e-04
2.605000e+00 1.402866e-04
2.607500e+00 1.383417e-04
2.610000e+00 1.364222e-04
2.612500e+00 1.345277e-04
2.615000e+00 1.326580e-04
2.617500e+00 1.308127e-04
2.620000e+00 1.289917e-04
2.622500e+00 1.271944e-04
2.625000e+00 1.254208e-04
2.627500e+00 1.236704e-04
2.630000e+00 1.219431e-04
2.632500e+00 1.202385e-04
2.635000e+00 1.185563e-04
2.637500e+00 1.168963e-04
2.640000e+00 1.152581e-04
2.642500e+00 1.136417e-04
2.645000e+00 1.120465e-04
2.647500e+00 1.104725e-04
2.650000e+00 1.089193e-04
2.652500e+00 1.073867e-04
2.655000e+00 1.058744e-04
2.657500e+00 1.043822e-04
2.660000e+00 1.029099e-04
2.662500e+00 1.014571e-04
2.665000e+00 1.000236e-04
2.667500e+00 9.860929e-05
2.670000e+00 9.721380e-05
2.672500e+00 9.583694e-05
2.675000e+00 9.447848e-05
2.677500e+00 9.313818e-05
2.680000e+00 9.181582e-05
2.682500e+00 9.051118e-05
2.685000e+00 8.922403e-05
2.687500e+00 8.795415e-05
2.690000e+00 8.670134e-05
2.692500e+00 8.546537e-05
2.695000e+00 8.424603e-05
2.697500e+00 8.304312e-05
2.700000e+00 8.185642e-05
2.702500e+00 8.068574e-05
2.705000e+00 7.953086e-05
2.707500e+00 7.839160e-05
2.710000e+00 7.726776e-05
2.712500e+00 7.615913e-05
2.715000e+00 7.506553e-05
2.717500e+00 7.398677e-05
2.720000e+00 7.292265e-05
2.722500e+00 7.187300e-05
2.725000e+00 7.083762e-05
2.727500e+00 6.981634e-05
2.730000e+00 6.880898e-05
2.732500e+00 6.781536e-05
2.735000e+00 6.683530e-05
2.737500e+00 6.586863e-05
2.740000e+00 6.491519e-05
2.742500e+00 6.397479e-05
2.745000e+00 6.304728e-05
2.747500e+00 6.213248e-05
2.750000e+00 6.123024e-05
2.752500e+00 6.034039e-05
2.755000e+00 5.946278e-05
2.757500e+00 5.859724e-05
2.760000e+00 5.774363e-05
2.762500e+00 5.690178e-05
2.765000e+00 5.607154e-05
2.767500e+00 5.525277e-05
2.770000e+00 5.444532e-05
2.772500e+00 5.364904e-05
2.775000e+00 5.286378e-05
2.777500e+00 5.208940e-05
2.780000e+00 5.132576e-05
2.782500e+00 5.057273e-05
2.785000e+00 4.983015e-05
2.787500e+00 4.909791e-05
2.790000e+00 4.837585e-05
2.792500e+00 4.766385e-05
2.795000e+00 4.696178e-05
2.797500e+00 4.626951e-05
2.800000e+00 4.558691e-05
2.802500e+00 4.491384e-05
2.805000e+00 4.425020e-05
2.807500e+00 4.359584e-05
2.810000e+00 4.295066e-05
2.812500e+00 4.231453e-05
2.815000e+00 4.168733e-05
2.817500e+00 4.106894e-05
2.820000e+00 4.045925e-05
2.822500e+00 3.985814e-05
2.825000e+00 3.926550e-05
2.827500e+00 3.868122e-05
2.830000e+00 3.810518e-05
2.832500e+00 3.753728e-05
2.835000e+00 3.697741e-05
2.837500e+00 3.642545e-05
2.840000e+00 3.588132e-05
2.842500e+00 3.534489e-05
2.845000e+00 3.481608e-05
2.847500e+00 3.429477e-05
2.850000e+00 3.378087e-05
2.852500e+00 3.327428e-05
2.855000e+00 3.277490e-05
2.857500e+00 3.228263e-05
2.860000e+00 3.179739e-05
2.862500e+00 3.131906e-05
2.865000e+00 3.084757e-05
2.867500e+00 3.038282e-05
2.870000e+00 2.992472e-05
2.872500e+00 2.947317e-05
2.875000e+00 2.902810e-05
2.877500e+00 2.858941e-05
2.880000e+00 2.815702e-05
2.882500e+00 2.773084e-05
2.885000e+00 2.731079e-05
2.887500e+00 2.689679e-05
2.890000e+00 2.648875e-05
2.892500e+00 2.608659e-05
2.895000e+00 2.569023e-05
2.897500e+00 2.529960e-05
2.900000e+00 2.491461e-05
2.902500e+00 2.453519e-05
2.905000e+00 2.416126e-05
2.907500e+00 2.379275e-05
2.910000e+00 2.342959e-05
2.912500e+00 2.307169e-05
2.915000e+00 2.271900e-05
2.917500e+00 2.237143e-05
2.920000e+00 2.202892e-05
2.922500e+00 2.169139e-05
2.925000e+00 2.135879e-05
2.927500e+00 2.103104e-05
2.930000e+00 2.070807e-05
2.932500e+00 2.038982e-05
2.935000e+00 2.007622e-05
2.937500e+00 1.976721e-05
2.940000e+00 1.946273e-05
2.942500e+00 1.916271e-05
2.945000e+00 1.886710e-05
2.947500e+00 1.857582e-05
2.950000e+00 1.828883e-05
2.952500e+00 1.800605e-05
2.955000e+00 1.772744e-05
2.957500e+00 1.745293e-05
2.960000e+00 1.718247e-05
2.962500e+00 1.691600e-05
2.965000e+00 1.665347e-05
2.967500e+00 1.639482e-05
2.970000e+00 1.613999e-05
2.972500e+00 1.588894e-05
2.975000e+00 1.564160e-05
2.977500e+00 1.539794e-05
2.980000e+00 1.515789e-05
2.982500e+00 1.492140e-05
2.985000e+00 1.468843e-05
2.987500e+00 1.445893e-05
2.990000e+00 1.423284e-05
2.992500e+00 1.401013e-05
2.995000e+00 1.379073e-05
2.997500e+00 1.357461e-05
3.000000e+00 1.336172e-05
3.002500e+00 1.315201e-05
3.005000e+00 1.294544e-05
3.007500e+00 1.274196e-05
3.010000e+00 1.254154e-05
3.012500e+00 1.234412e-05
3.015000e+00 1.214966e-05
3.017500e+00 1.195812e-05
3.020000e+00 1.176947e-05
3.022500e+00 1.158365e-05
3.025000e+00 1.140063e-05
3.027500e+00 1.122037e-05
3.030000e+00 1.104283e-05
3.032500e+00 1.086797e-05
3.035000e+00 1.069575e-05
3.037500e+00 1.052613e-05
3.040000e+00 1.035909e-05
3.042500e+00 1.019457e-05
3.045000e+00 1.003254e-05
3.047500e+00 9.872978e-06
3.050000e+00 9.715835e-06
3.052500e+00 9.561079e-06
3.055000e+00 9.408676e-06
3.057500e+00 9.258593e-06
3.060000e+00 9.110795e-06
3.062500e+00 8.965251e-06
3.065000e+00 8.821927e-06
3.067500e+00 8.680791e-06
3.070000e+00 8.541811e-06
3.072500e+00 8.404957e-06
3.075000e+00 8.270197e-06
3.077500e+00 8.137501e-06
3.080000e+00 8.006839e-06
3.082500e+00 7.878181e-06
3.085000e+00 7.751499e-06
3.087500e+00 7.626763e-06
3.090000e+00 7.503945e-06
3.092500e+00 7.383017e-06
3.095000e+00 7.263951e-06
3.097500e+00 7.146721e-06
3.100000e+00 7.031299e-06
3.102500e+00 6.917659e-06
3.105000e+00 6.805775e-06
3.107500e+00 6.695620e-06
3.110000e+00 6.587170e-06
3.112500e+00 6.480400e-06
3.115000e+00 6.375285e-06
3.117500e+00 6.271799e-06
3.120000e+00 6.169921e-06
3.122500e+00 6.069625e-06
3.125000e+00 5.970888e-06
3.127500e+00 5.873688e-06
3.130000e+00 5.778001e-06
3.132500e+00 5.683805e-06
3.135000e+00 5.591078e-06
3.137500e+00 5.499799e-06
3.140000e+00 5.409946e-06
3.142500e+00 5.321497e-06
3.145000e+00 5.234432e-06
3.147500e+00 5.148730e-06
3.150000e+00 5.064371e-06
3.152500e+00 4.981334e-06
3.155000e+00 4.899601e-06
3.157500e+00 4.819152e-06
3.160000e+00 4.739967e-06
3.162500e+00 4.662028e-06
3.165000e+00 4.585315e-06
3.167500e+00 4.509811e-06
3.170000e+00 4.435498e-06
3.172500e+00 4.362357e-06
3.175000e+00 4.290371e-06
3.177500e+00 4.219523e-06
3.180000e+00 4.149795e-06
3.182500e+00 4.081171e-06
3.185000e+00 4.013633e-06
3.187500e+00 3.947167e-06
3.190000e+00 3.881755e-06
3.192500e+00 3.817381e-06
3.195000e+00 3.754030e-06
3.197500e+00 3.691686e-06
3.200000e+00 3.630335e-06
3.202500e+00 3.569960e-06
3.205000e+00 3.510548e-06
3.207500e+00 3.452083e-06
3.210000e+00 3.394551e-06
3.212500e+00 3.337939e-06
3.215000e+00 3.282231e-06
3.217500e+00 3.227415e-06
3.220000e+00 3.173476e-06
3.222500e+00 3.120401e-06
3.225000e+00 3.068178e-06
3.227500e+00 3.016792e-06
3.230000e+00 2.966232e-06
3.232500e+00 2.916484e-06
3.235000e+00 2.867537e-06
3.237500e+00 2.819377e-06
3.240000e+00 2.771993e-06
3.242500e+00 2.725373e-06
3.245000e+00 2.679504e-06
3.247500e+00 2.634377e-06
3.250000e+00 2.589978e-06
3.252500e+00 2.546298e-06
3.255000e+00 2.503324e-06
3.257500e+00 2.461046e-06
3.260000e+00 2.419453e-06
3.262500e+00 2.378534e-06
3.265000e+00 2.338280e-06
3.267500e+00 2.298680e-06
3.270000e+00 2.259723e-06
3.272500e+00 2.221400e-06
3.275000e+00 2.183700e-06
3.277500e+00 2.146615e-06
3.280000e+00 2.110134e-06
3.282500e+00 2.074249e-06
3.285000e+00 2.038950e-06
3.287500e+00 2.004227e-06
3.290000e+00 1.970072e-06
3.292500e+00 1.936476e-06
3.295000e+00 1.903430e-06
3.297500e+00 1.870925e-06
3.300000e+00 1.838954e-06
3.302500e+00 1.807508e-06
3.305000e+00 1.776578e-06
3.307500e+00 1.746156e-06
3.310000e+00 1.716235e-06
3.312500e+00 1.686806e-06
3.315000e+00 1.657862e-06
3.317500e+00 1.629395e-06
3.320000e+00 1.601398e-06
3.322500e+00 1.573863e-06
3.325000e+00 1.546783e-06
3.327500e+00 1.520151e-06
3.330000e+00 1.493959e-06
3.332500e+00 1.468202e-06
3.335000e+00 1.442870e-06
3.337500e+00 1.417960e-06
3.340000e+00 1.393462e-06
3.342500e+00 1.369371e-06
3.345000e+00 1.345681e-06
3.347500e+00 1.322385e-06
3.350000e+00 1.299476e-06
3.352500e+00 1.276949e-06
3.355000e+00 1.254797e-06
3.357500e+00 1.233015e-06
3.360000e+00 1.211597e-06
3.362500e+00 1.190536e-06
3.365000e+00 1.169828e-06
3.367500e+00 1.149466e-06
3.370000e+00 1.129445e-06
3.372500e+00 1.109759e-06
3.375000e+00 1.090403e-06
3.377500e+00 1.071372e-06
3.380000e+00 1.052661e-06
3.382500e+00 1.034264e-06
3.385000e+00 1.016176e-06
3.387500e+00 9.983926e-07
3.390000e+00 9.809087e-07
3.392500e+00 9.637194e-07
3.395000e+00 9.468200e-07
3.397500e+00 9.302059e-07
3.400000e+00 9.138722e-07
3.402500e+00 8.978147e-07
3.405000e+00 8.820287e-07
3.407500e+00 8.665098e-07
3.410000e+00 8.512538e-07
3.412500e+00 8.362564e-07
3.415000e+00 8.215134e-07
3.417500e+00 8.070206e-07
3.420000e+00 7.927739e-07
3.422500e+00 7.787694e-07
3.425000e+00 7.650032e-07
3.427500e+00 7.514712e-07
3.430000e+00 7.381698e-07
3.432500e+00 7.250951e-07
3.435000e+00 7.122434e-07
3.437500e+00 6.996112e-07
3.440000e+00 6.871947e-07
3.442500e+00 6.749905e-07
3.445000e+00 6.629951e-07
3.447500e+00 6.512050e-07
3.450000e+00 6.396170e-07
3.452500e+00 6.282275e-07
3.455000e+00 6.170335e-07
3.457500e+00 6.060317e-07
3.460000e+00 5.952189e-07
3.462500e+00 5.845920e-07
3.465000e+00 5.741479e-07
3.467500e+00 5.638837e-07
3.470000e+00 5.537963e-07
3.472500e+00 5.438828e-07
3.475000e+00 5.341404e-07
3.477500e+00 5.245661e-07
3.480000e+00 5.151573e-07
3.482500e+00 5.059112e-07
3.485000e+00 4.968251e-07
3.487500e+00 4.878963e-07
3.490000e+00 4.791222e-07
3.492500e+00 4.705002e-07
3.495000e+00 4.620279e-07
3.497500e+00 4.537026e-07
3.500000e+00 4.455220e-07
3.502500e+00 4.374837e-07
3.505000e+00 4.295852e-07
3.507500e+00 4.218243e-07
3.510000e+00 4.141985e-07
3.512500e+00 4.067058e-07
3.515000e+00 3.993438e-07
3.517500e+00 3.921103e-07
3.520000e+00 3.850033e-07
3.522500e+00 3.780205e-07
3.525000e+00 3.711599e-07
3.527500e+00 3.644194e-07
3.530000e+00 3.577970e-07
3.532500e+00 3.512908e-07
3.535000e+00 3.448987e-07
3.537500e+00 3.386189e-07
3.540000e+00 3.324494e-07
3.542500e+00 3.263883e-07
3.545000e+00 3.204339e-07
3.547500e+00 3.145844e-07
3.550000e+00 3.088379e-07
3.552500e+00 3.031928e-07
3.555000e+00 2.976473e-07
3.557500e+00 2.921996e-07
3.560000e+00 2.868482e-07
3.562500e+00 2.815915e-07
3.565000e+00 2.764277e-07
3.567500e+00 2.713554e-07
3.570000e+00 2.663729e-07
3.572500e+00 2.614788e-07
3.575000e+00 2.566715e-07
3.577500e+00 2.519496e-07
3.580000e+00 2.473115e-07
3.582500e+00 2.427560e-07
3.585000e+00 2.382814e-07
3.587500e+00 2.338865e-07
3.590000e+00 2.295699e-07
3.592500e+00 2.253303e-07
3.595000e+00 2.211663e-07
3.597500e+00 2.170766e-07
3.600000e+00 2.130600e-07
3.602500e+00 2.091152e-07
3.605000e+00 2.052409e-07
3.607500e+00 2.014360e-07
3.610000e+00 1.976993e-07
3.612500e+00 1.940295e-07
3.615000e+00 1.904256e-07
3.617500e+00 1.868864e-07
3.620000e+00 1.834107e-07
3.622500e+00 1.799975e-07
3.625000e+00 1.766457e-07
3.627500e+00 1.733542e-07
3.630000e+00 1.701220e-07
3.632500e+00 1.669480e-07
3.635000e+00 1.638313e-07
3.637500e+00 1.607708e-07
3.640000e+00 1.577656e-07
3.642500e+00 1.548147e-07
3.645000e+00 1.519172e-07
3.647500e+00 1.490721e-07
3.650000e+00 1.462785e-07
3.652500e+00 1.435356e-07
3.655000e+00 1.408423e-07
3.657500e+00 1.381980e-07
3.660000e+00 1.356016e-07
3.662500e+00 1.330525e-07
3.665000e+00 1.305497e-07
3.667500e+00 1.280924e-07
3.670000e+00 1.256798e-07
3.672500e+00 1.233112e-07
3.675000e+00 1.209858e-07
3.677500e+00 1.187028e-07
3.680000e+00 1.164615e-07
3.682500e+00 1.142611e-07
3.685000e+00 1.121009e-07
3.687500e+00 1.099803e-07
3.690000e+00 1.078984e-07
3.692500e+00 1.058547e-07
3.695000e+00 1.038485e-07
3.697500e+00 1.018790e-07
3.700000e+00 9.994569e-08
3.702500e+00 9.804788e-08
3.705000e+00 9.618494e-08
3.707500e+00 9.435626e-08
3.710000e+00 9.256123e-08
3.712500e+00 9.079925e-08
3.715000e+00 8.906974e-08
3.717500e+00 8.737211e-08
3.720000e+00 8.570580e-08
3.722500e+00 8.407026e-08
3.725000e+00 8.246493e-08
3.727500e+00 8.088928e-08
3.730000e+00 7.934278e-08
3.732500e+00 7.782490e-08
3.735000e+00 7.633514e-08
3.737500e+00 7.487299e-08
3.740000e+00 7.343796e-08
3.742500e+00 7.202956e-08
3.745000e+00 7.064732e-08
3.747500e+00 6.929077e-08
3.750000e+00 6.795944e-08
3.752500e+00 6.665288e-08
3.755000e+00 6.537066e-08
3.757500e+00 6.411233e-08
3.760000e+00 6.287745e-08
3.762500e+00 6.166562e-08
3.765000e+00 6.047641e-08
3.767500e+00 5.930942e-08
3.770000e+00 5.816424e-08
3.772500e+00 5.704048e-08
3.775000e+00 5.593776e-08
3.777500e+00 5.485570e-08
3.780000e+00 5.379391e-08
3.782500e+00 5.275204e-08
3.785000e+00 5.172972e-08
3.787500e+00 5.072659e-08
3.790000e+00 4.974232e-08
3.792500e+00 4.877656e-08
3.795000e+00 4.782896e-08
3.797500e+00 4.689921e-08
3.800000e+00 4.598698e-08
3.802500e+00 4.509194e-08
3.805000e+00 4.421379e-08
3.807500e+00 4.335221e-08
3.810000e+00 4.250691e-08
3.812500e+00 4.167758e-08
3.815000e+00 4.086394e-08
3.817500e+00 4.006570e-08
3.820000e+00 3.928258e-08
3.822500e+00 3.851430e-08
3.825000e+00 3.776058e-08
3.827500e+00 3.702117e-08
3.830000e+00 3.629579e-08
3.832500e+00 3.558420e-08
3.835000e+00 3.488613e-08
3.837500e+00 3.420134e-08
3.840000e+00 3.352959e-08
3.842500e+00 3.287064e-08
3.845000e+00 3.222424e-08
3.847500e+00 3.159017e-08
3.850000e+00 3.096821e-08
3.852500e+00 3.035812e-08
3.855000e+00 2.975968e-08
3.857500e+00 2.917269e-08
3.860000e+00 2.859693e-08
3.862500e+00 2.803220e-08
3.865000e+00 2.747828e-08
3.867500e+00 2.693498e-08
3.870000e+00 2.640211e-08
3.872500e+00 2.587946e-08
3.875000e+00 2.536685e-08
3.877500e+00 2.486409e-08
3.880000e+00 2.437100e-08
3.882500e+00 2.388739e-08
3.885000e+00 2.341310e-08
3.887500e+00 2.294795e-08
3.890000e+00 2.249177e-08
3.892500e+00 2.204438e-08
3.895000e+00 2.160564e-08
3.897500e+00 2.117536e-08
3.900000e+00 2.075341e-08
3.902500e+00 2.033961e-08
3.905000e+00 1.993383e-08
3.907500e+00 1.953590e-08
3.910000e+00 1.914568e-08
3.912500e+00 1.876303e-08
3.915000e+00 1.838780e-08
3.917500e+00 1.801985e-08
3.920000e+00 1.765906e-08
3.922500e+00 1.730528e-08
3.925000e+00 1.695837e-08
3.927500e+00 1.661822e-08
3.930000e+00 1.628470e-08
3.932500e+00 1.595767e-08
3.935000e+00 1.563702e-08
3.937500e+00 1.532263e-08
3.940000e+00 1.501437e-08
3.942500e+00 1.471214e-08
3.945000e+00 1.441582e-08
3.947500e+00 1.412529e-08
3.950000e+00 1.384045e-08
3.952500e+00 1.356118e-08
3.955000e+00 1.328739e-08
3.957500e+00 1.301897e-08
3.960000e+00 1.275581e-08
3.962500e+00 1.249782e-08
3.965000e+00 1.224490e-08
3.967500e+00 1.199696e-08
3.970000e+00 1.175388e-08
3.972500e+00 1.151560e-08
3.975000e+00 1.128200e-08
3.977500e+00 1.105301e-08
3.980000e+00 1.082854e-08
3.982500e+00 1.060849e-08
3.985000e+00 1.039279e-08
3.987500e+00 1.018135e-08
3.990000e+00 9.974088e-09
3.992500e+00 9.770926e-09
3.995000e+00 9.571786e-09
3.997500e+00 9.376590e-09
4.000000e+00 9.185262e-09
4.002500e+00 8.997728e-09
4.005000e+00 8.813914e-09
4.007500e+00 8.633750e-09
4.010000e+00 8.457165e-09
4.012500e+00 8.284090e-09
4.015000e+00 8.114458e-09
4.017500e+00 7.948201e-09
4.020000e+00 7.785255e-09
4.022500e+00 7.625557e-09
4.025000e+00 7.469042e-09
4.027500e+00 7.315650e-09
4.030000e+00 7.165321e-09
4.032500e+00 7.017994e-09
4.035000e+00 6.873612e-09
4.037500e+00 6.732117e-09
4.040000e+00 6.593454e-09
4.042500e+00 6.457568e-09
4.045000e+00 6.324404e-09
4.047500e+00 6.193910e-09
4.050000e+00 6.066034e-09
4.052500e+00 5.940725e-09
4.055000e+00 5.817933e-09
4.057500e+00 5.697608e-09
4.060000e+00 5.579703e-09
4.062500e+00 5.464171e-09
4.065000e+00 5.350965e-09
4.067500e+00 5.240039e-09
4.070000e+00 5.131350e-09
4.072500e+00 5.024852e-09
4.075000e+00 4.920505e-09
4.077500e+00 4.818264e-09
4.080000e+00 4.718090e-09
4.082500e+00 4.619941e-09
4.085000e+00 4.523778e-09
4.087500e+00 4.429561e-09
4.090000e+00 4.337253e-09
4.092500e+00 4.246816e-09
4.095000e+00 4.158214e-09
4.097500e+00 4.071409e-09
4.100000e+00 3.986366e-09
4.102500e+00 3.903052e-09
4.105000e+00 3.821431e-09
4.107500e+00 3.741471e-09
4.110000e+00 3.663138e-09
4.112500e+00 3.586400e-09
4.115000e+00 3.511226e-09
4.117500e+00 3.437585e-09
4.120000e+00 3.365447e-09
4.122500e+00 3.294781e-09
4.125000e+00 3.225559e-09
4.127500e+00 3.157751e-09
4.130000e+00 3.091331e-09
4.132500e+00 3.026269e-09
4.135000e+00 2.962540e-09
4.137500e+00 2.900117e-09
4.140000e+00 2.838973e-09
4.142500e+00 2.779083e-09
4.145000e+00 2.720423e-09
4.147500e+00 2.662967e-09
4.150000e+00 2.606693e-09
4.152500e+00 2.551575e-09
4.155000e+00 2.497591e-09
4.157500e+00 2.444718e-09
4.160000e+00 2.392935e-09
4.162500e+00 2.342219e-09
4.165000e+00 2.292549e-09
4.167500e+00 2.243903e-09
4.170000e+00 2.196262e-09
4.172500e+00 2.149606e-09
4.175000e+00 2.103914e-09
4.177500e+00 2.059166e-09
4.180000e+00 2.015345e-09
4.182500e+00 1.972432e-09
4.185000e+00 1.930408e-09
4.187500e+00 1.889255e-09
4.190000e+00 1.848955e-09
4.192500e+00 1.809492e-09
4.195000e+00 1.770849e-09
4.197500e+00 1.733009e-09
4.200000e+00 1.695956e-09
4.202500e+00 1.659673e-09
4.205000e+00 1.624146e-09
4.207500e+00 1.589359e-09
4.210000e+00 1.555297e-09
4.212500e+00 1.521946e-09
4.215000e+00 1.489290e-09
4.217500e+00 1.457317e-09
4.220000e+00 1.426011e-09
4.222500e+00 1.395359e-09
4.225000e+00 1.365349e-09
4.227500e+00 1.335967e-09
4.230000e+00 1.307200e-09
4.232500e+00 1.279036e-09
4.235000e+00 1.251462e-09
4.237500e+00 1.224467e-09
4.240000e+00 1.198039e-09
4.242500e+00 1.172165e-09
4.245000e+00 1.146835e-09
4.247500e+00 1.122038e-09
4.250000e+00 1.097763e-09
4.252500e+00 1.073998e-09
4.255000e+00 1.050734e-09
4.257500e+00 1.027960e-09
4.260000e+00 1.005667e-09
4.262500e+00 9.838440e-10
4.265000e+00 9.624817e-10
4.267500e+00 9.415707e-10
4.270000e+00 9.211017e-10
4.272500e+00 9.010656e-10
4.275000e+00 8.814535e-10
4.277500e+00 8.622566e-10
4.280000e+00 8.434664e-10
4.282500e+00 8.250746e-10
4.285000e+00 8.070728e-10
4.287500e+00 7.894531e-10
4.290000e+00 7.722076e-10
4.292500e+00 7.553284e-10
4.295000e+00 7.388081e-10
4.297500e+00 7.226393e-10
4.300000e+00 7.068145e-10
4.302500e+00 6.913268e-10
4.305000e+00 6.761691e-10
4.307500e+00 6.613345e-10
4.310000e+00 6.468164e-10
4.312500e+00 6.326083e-10
4.315000e+00 6.187035e-10
4.317500e+00 6.050959e-10
4.320000e+00 5.917793e-10
4.322500e+00 5.787476e-10
4.325000e+00 5.659949e-10
4.327500e+00 5.535153e-10
4.330000e+00 5.413031e-10
4.332500e+00 5.293528e-10
4.335000e+00 5.176590e-10
4.337500e+00 5.062162e-10
4.340000e+00 4.950191e-10
4.342500e+00 4.840628e-10
4.345000e+00 4.733420e-10
4.347500e+00 4.628520e-10
4.350000e+00 4.525878e-10
4.352500e+00 4.425447e-10
4.355000e+00 4.327181e-10
4.357500e+00 4.231034e-10
4.360000e+00 4.136961e-10
4.362500e+00 4.044921e-10
4.365000e+00 3.954868e-10
4.367500e+00 3.866762e-10
4.370000e+00 3.780562e-10
4.372500e+00 3.696227e-10
4.375000e+00 3.613718e-10
4.377500e+00 3.532997e-10
4.380000e+00 3.454026e-10
4.382500e+00 3.376767e-10
4.385000e+00 3.301186e-10
4.387500e+00 3.227245e-10
4.390000e+00 3.154911e-10
4.392500e+00 3.084150e-10
4.395000e+00 3.014928e-10
4.397500e+00 2.947212e-10
4.400000e+00 2.880972e-10
4.402500e+00 2.816174e-10
4.405000e+00 2.752789e-10
4.407500e+00 2.690787e-10
4.410000e+00 2.630138e-10
4.412500e+00 2.570814e-10
4.415000e+00 2.512786e-10
4.417500e+00 2.456026e-10
4.420000e+00 2.400509e-10
4.422500e+00 2.346206e-10
4.425000e+00 2.293093e-10
4.427500e+00 2.241144e-10
4.430000e+00 2.190334e-10
4.432500e+00 2.140639e-10
4.435000e+00 2.092034e-10
4.437500e+00 2.044497e-10
4.440000e+00 1.998004e-10
4.442500e+00 1.952534e-10
4.445000e+00 1.908065e-10
4.447500e+00 1.864574e-10
4.450000e+00 1.822041e-10
4.452500e+00 1.780446e-10
4.455000e+00 1.739767e-10
4.457500e+00 1.699987e-10
4.460000e+00 1.661084e-10
4.462500e+00 1.623041e-10
4.465000e+00 1.585839e-10
4.467500e+00 1.549459e-10
4.470000e+00 1.513884e-10
4.472500e+00 1.479097e-10
4.475000e+00 1.445080e-10
4.477500e+00 1.411818e-10
4.480000e+00 1.379293e-10
4.482500e+00 1.347490e-10
4.485000e+00 1.316393e-10
4.487500e+00 1.285986e-10
4.490000e+00 1.256256e-10
4.492500e+00 1.227187e-10
4.495000e+00 1.198765e-10
4.497500e+00 1.170975e-10
4.500000e+00 1.143805e-10
4.502500e+00 1.117240e-10
4.505000e+00 1.091268e-10
4.507500e+00 1.065876e-10
4.510000e+00 1.041050e-10
4.512500e+00 1.016779e-10
4.515000e+00 9.930511e-11
4.517500e+00 9.698537e-11
4.520000e+00 9.471754e-11
4.522500e+00 9.250051e-11
4.525000e+00 9.033314e-11
4.527500e+00 8.821438e-11
4.530000e+00 8.614314e-11
4.532500e+00 8.411840e-11
4.535000e+00 8.213913e-11
4.537500e+00 8.020434e-11
4.540000e+00 7.831305e-11
4.542500e+00 7.646432e-11
4.545000e+00 7.465721e-11
4.547500e+00 7.289080e-11
4.550000e+00 7.116420e-11
4.552500e+00 6.947654e-11
4.555000e+00 6.782697e-11
4.557500e+00 6.621464e-11
4.560000e+00 6.463873e-11
4.562500e+00 6.309845e-11
4.565000e+00 6.159300e-11
4.567500e+00 6.012163e-11
4.570000e+00 5.868358e-11
4.572500e+00 5.727811e-11
4.575000e+00 5.590451e-11
4.577500e+00 5.456207e-11
4.580000e+00 5.325010e-11
4.582500e+00 5.196793e-11
4.585000e+00 5.071491e-11
4.587500e+00 4.949038e-11
4.590000e+00 4.829371e-11
4.592500e+00 4.712430e-11
4.595000e+00 4.598152e-11
4.597500e+00 4.486480e-11
4.600000e+00 4.377355e-11
4.602500e+00 4.270722e-11
4.605000e+00 4.166523e-11
4.607500e+00 4.064707e-11
4.610000e+00 3.965218e-11
4.612500e+00 3.868007e-11
4.615000e+00 3.773021e-11
4.617500e+00 3.680212e-11
4.620000e+00 3.589531e-11
4.622500e+00 3.500930e-11
4.625000e+00 3.414363e-11
4.627500e+00 3.329785e-11
4.630000e+00 3.247151e-11
4.632500e+00 3.166419e-11
4.635000e+00 3.087544e-11
4.637500e+00 3.010487e-11
4.640000e+00 2.935206e-11
4.642500e+00 2.861661e-11
4.645000e+00 2.789813e-11
4.647500e+00 2.719626e-11
4.650000e+00 2.651060e-11
4.652500e+00 2.584081e-11
4.655000e+00 2.518652e-11
4.657500e+00 2.454739e-11
4.660000e+00 2.392307e-11
4.662500e+00 2.331324e-11
4.665000e+00 2.271756e-11
4.667500e+00 2.213573e-11
4.670000e+00 2.156742e-11
4.672500e+00 2.101233e-11
4.675000e+00 2.047018e-11
4.677500e+00 1.994065e-11
4.680000e+00 1.942348e-11
4.682500e+00 1.891838e-11
4.685000e+00 1.842509e-11
4.687500e+00 1.794332e-11
4.690000e+00 1.747283e-11
4.692500e+00 1.701336e-11
4.695000e+00 1.656466e-11
4.697500e+00 1.612649e-11
4.700000e+00 1.569861e-11
4.702500e+00 1.528078e-11
4.705000e+00 1.487279e-11
4.707500e+00 1.447441e-11
4.710000e+00 1.408541e-11
4.712500e+00 1.370560e-11
4.715000e+00 1.333475e-11
4.717500e+00 1.297267e-11
4.720000e+00 1.261917e-11
4.722500e+00 1.227403e-11
4.725000e+00 1.193709e-11
4.727500e+00 1.160814e-11
4.730000e+00 1.128702e-11
4.732500e+00 1.097354e-11
4.735000e+00 1.066752e-11
4.737500e+00 1.036881e-11
4.740000e+00 1.007723e-11
4.742500e+00 9.792631e-12
4.745000e+00 9.514843e-12
4.747500e+00 9.243716e-12
4.750000e+00 8.979100e-12
4.752500e+00 8.720847e-12
4.755000e+00 8.468813e-12
4.757500e+00 8.222858e-12
4.760000e+00 7.982843e-12
4.762500e+00 7.748635e-12
4.765000e+00 7.520103e-12
4.767500e+00 7.297117e-12
4.770000e+00 7.079553e-12
4.772500e+00 6.867288e-12
4.775000e+00 6.660203e-12
4.777500e+00 6.458181e-12
4.780000e+00 6.261108e-12
4.782500e+00 6.068871e-12
4.785000e+00 5.881363e-12
4.787500e+00 5.698477e-12
4.790000e+00 5.520109e-12
4.792500e+00 5.346157e-12
4.795000e+00 5.176523e-12
4.797500e+00 5.011110e-12
4.800000e+00 4.849823e-12
4.802500e+00 4.692569e-12
4.805000e+00 4.539260e-12
4.807500e+00 4.389806e-12
4.810000e+00 4.244123e-12
4.812500e+00 4.102126e-12
4.815000e+00 3.963733e-12
4.817500e+00 3.828865e-12
4.820000e+00 3.697443e-12
4.822500e+00 3.569392e-12
4.825000e+00 3.444638e-12
4.827500e+00 3.323107e-12
4.830000e+00 3.204730e-12
4.832500e+00 3.089437e-12
4.835000e+00 2.977161e-12
4.837500e+00 2.867837e-12
4.840000e+00 2.761400e-12
4.842500e+00 2.657788e-12
4.845000e+00 2.556941e-12
4.847500e+00 2.458799e-12
4.850000e+00 2.363304e-12
4.852500e+00 2.270401e-12
4.855000e+00 2.180033e-12
4.857500e+00 2.092148e-12
4.860000e+00 2.006693e-12
4.862500e+00 1.923618e-12
4.865000e+00 1.842873e-12
4.867500e+00 1.764410e-12
4.870000e+00 1.688183e-12
4.872500e+00 1.614145e-12
4.875000e+00 1.542252e-12
4.877500e+00 1.472461e-12
4.880000e+00 1.404730e-12
4.882500e+00 1.339018e-12
4.885000e+00 1.275286e-12
4.887500e+00 1.213494e-12
4.890000e+00 1.153606e-12
4.892500e+00 1.095584e-12
4.895000e+00 1.039394e-12
4.897500e+00 9.850001e-13
4.900000e+00 9.323702e-13
4.902500e+00 8.814717e-13
4.905000e+00 8.322731e-13
4.907500e+00 7.847440e-13
4.910000e+00 7.388551e-13
4.912500e+00 6.945777e-13
4.915000e+00 6.518843e-13
4.917500e+00 6.107482e-13
4.920000e+00 5.711436e-13
4.922500e+00 5.330456e-13
4.925000e+00 4.964301e-13
4.927500e+00 4.612740e-13
4.930000e+00 4.275550e-13
4.932500e+00 3.952513e-13
4.935000e+00 3.643425e-13
4.937500e+00 3.348085e-13
4.940000e+00 3.066302e-13
4.942500e+00 2.797894e-13
4.945000e+00 2.542684e-13
4.947500e+00 2.300506e-13
4.950000e+00 2.071198e-13
4.952500e+00 1.854609e-13
4.955000e+00 1.650593e-13
4.957500e+00 1.459012e-13
4.960000e+00 1.279735e-13
4.962500e+00 1.112640e-13
4.965000e+00 9.576095e-14
4.967500e+00 8.145352e-14
4.970000e+00 6.833148e-14
4.972500e+00 5.638533e-14
4.975000e+00 4.560627e-14
4.977500e+00 3.598617e-14
4.980000e+00 2.751761e-14
4.982500e+00 2.019384e-14
4.985000e+00 1.400882e-14
4.987500e+00 8.957142e-15
4.990000e+00 5.034116e-15
4.992500e+00 2.235709e-15
4.995000e+00 5.585641e-16
4.997500e+00 0.000000e+00
