2.000000e-02 2.046378e+00
4.000000e-02 2.045442e+00
6.000000e-02 2.044109e+00
8.000000e-02 2.042379e+00
1.000000e-01 2.040254e+00
1.200000e-01 2.037734e+00
1.400000e-01 2.034824e+00
1.600000e-01 2.031524e+00
1.800000e-01 2.027837e+00
2.000000e-01 2.023767e+00
2.200000e-01 2.019317e+00
2.400000e-01 2.014491e+00
2.600000e-01 2.009292e+00
2.800000e-01 2.003725e+00
3.000000e-01 1.997795e+00
3.200000e-01 1.991507e+00
3.400000e-01 1.984865e+00
3.600000e-01 1.977877e+00
3.800000e-01 1.970546e+00
4.000000e-01 1.962881e+00
4.200000e-01 1.954888e+00
4.400000e-01 1.946573e+00
4.600000e-01 1.937944e+00
4.800000e-01 1.929009e+00
5.000000e-01 1.919775e+00
5.200000e-01 1.910251e+00
5.400000e-01 1.900446e+00
5.600000e-01 1.890368e+00
5.800000e-01 1.880027e+00
6.000000e-01 1.869433e+00
6.200000e-01 1.858595e+00
6.400000e-01 1.847524e+00
6.600000e-01 1.836230e+00
6.800000e-01 1.824724e+00
7.000000e-01 1.813019e+00
7.200000e-01 1.801124e+00
7.400000e-01 1.789053e+00
7.600000e-01 1.776818e+00
7.800000e-01 1.764430e+00
8.000000e-01 1.751904e+00
8.200000e-01 1.739253e+00
8.400000e-01 1.726490e+00
8.600000e-01 1.713628e+00
8.800000e-01 1.700683e+00
9.000000e-01 1.687669e+00
9.200000e-01 1.674600e+00
9.400000e-01 1.661492e+00
9.600000e-01 1.648360e+00
9.800000e-01 1.635220e+00
1.000000e+00 1.622087e+00
1.020000e+00 1.608979e+00
1.040000e+00 1.595911e+00
1.060000e+00 1.582900e+00
1.080000e+00 1.569964e+00
1.100000e+00 1.557119e+00
1.120000e+00 1.544382e+00
1.140000e+00 1.531771e+00
1.160000e+00 1.519305e+00
1.180000e+00 1.506999e+00
1.200000e+00 1.494873e+00
1.220000e+00 1.482944e+00
1.240000e+00 1.471230e+00
1.260000e+00 1.459749e+00
1.280000e+00 1.448519e+00
1.300000e+00 1.437557e+00
1.320000e+00 1.426882e+00
1.340000e+00 1.416511e+00
1.360000e+00 1.406462e+00
1.380000e+00 1.396751e+00
1.400000e+00 1.387395e+00
1.420000e+00 1.378411e+00
1.440000e+00 1.369815e+00
1.460000e+00 1.361622e+00
1.480000e+00 1.353848e+00
1.500000e+00 1.346507e+00
1.520000e+00 1.339614e+00
1.540000e+00 1.333180e+00
1.560000e+00 1.327220e+00
1.580000e+00 1.321745e+00
1.600000e+00 1.316765e+00
1.620000e+00 1.312291e+00
1.640000e+00 1.308331e+00
1.660000e+00 1.304895e+00
1.680000e+00 1.301988e+00
1.700000e+00 1.299617e+00
1.720000e+00 1.297786e+00
1.740000e+00 1.296501e+00
1.760000e+00 1.295762e+00
1.780000e+00 1.295572e+00
1.800000e+00 1.295931e+00
1.820000e+00 1.296839e+00
1.840000e+00 1.298292e+00
1.860000e+00 1.300290e+00
1.880000e+00 1.302826e+00
1.900000e+00 1.305896e+00
1.920000e+00 1.309494e+00
1.940000e+00 1.313612e+00
1.960000e+00 1.318242e+00
1.980000e+00 1.323374e+00
2.000000e+00 1.329000e+00
2.020000e+00 1.335106e+00
2.040000e+00 1.341683e+00
2.060000e+00 1.348716e+00
2.080000e+00 1.356193e+00
2.100000e+00 1.364099e+00
2.120000e+00 1.372420e+00
2.140000e+00 1.381141e+00
2.160000e+00 1.390246e+00
2.180000e+00 1.399718e+00
2.200000e+00 1.409541e+00
2.220000e+00 1.419699e+00
2.240000e+00 1.430174e+00
2.260000e+00 1.440948e+00
2.280000e+00 1.452004e+00
2.300000e+00 1.463324e+00
2.320000e+00 1.474890e+00
2.340000e+00 1.486685e+00
2.360000e+00 1.498689e+00
2.380000e+00 1.510886e+00
2.400000e+00 1.523257e+00
2.420000e+00 1.535784e+00
2.440000e+00 1.548450e+00
2.460000e+00 1.561236e+00
2.480000e+00 1.574126e+00
2.500000e+00 1.587102e+00
2.520000e+00 1.600147e+00
2.540000e+00 1.613243e+00
2.560000e+00 1.626375e+00
2.580000e+00 1.639526e+00
2.600000e+00 1.652679e+00
2.620000e+00 1.665819e+00
2.640000e+00 1.678930e+00
2.660000e+00 1.691996e+00
2.680000e+00 1.705003e+00
2.700000e+00 1.717935e+00
2.720000e+00 1.730779e+00
2.740000e+00 1.743520e+00
2.760000e+00 1.756143e+00
2.780000e+00 1.768637e+00
2.800000e+00 1.780986e+00
2.820000e+00 1.793179e+00
2.840000e+00 1.805204e+00
2.860000e+00 1.817046e+00
2.880000e+00 1.828696e+00
2.900000e+00 1.840141e+00
2.920000e+00 1.851370e+00
2.940000e+00 1.862372e+00
2.960000e+00 1.873136e+00
2.980000e+00 1.883653e+00
3.000000e+00 1.893912e+00
3.020000e+00 1.903905e+00
3.040000e+00 1.913621e+00
3.060000e+00 1.923051e+00
3.080000e+00 1.932188e+00
3.100000e+00 1.941024e+00
3.120000e+00 1.949549e+00
3.140000e+00 1.957757e+00
3.160000e+00 1.965640e+00
3.180000e+00 1.973192e+00
3.200000e+00 1.980407e+00
3.220000e+00 1.987277e+00
3.240000e+00 1.993797e+00
3.260000e+00 1.999961e+00
3.280000e+00 2.005765e+00
3.300000e+00 2.011203e+00
3.320000e+00 2.016270e+00
3.340000e+00 2.020964e+00
3.360000e+00 2.025279e+00
3.380000e+00 2.029212e+00
3.400000e+00 2.032760e+00
3.420000e+00 2.035920e+00
3.440000e+00 2.038690e+00
3.460000e+00 2.041067e+00
3.480000e+00 2.043048e+00
3.500000e+00 2.044634e+00
3.520000e+00 2.045822e+00
3.540000e+00 2.046611e+00
3.560000e+00 2.047002e+00
3.580000e+00 2.046992e+00
3.600000e+00 2.046584e+00
3.620000e+00 2.045776e+00
3.640000e+00 2.044570e+00
3.660000e+00 2.042966e+00
3.680000e+00 2.040966e+00
3.700000e+00 2.038572e+00
3.720000e+00 2.035786e+00
3.740000e+00 2.032610e+00
3.760000e+00 2.029046e+00
3.780000e+00 2.025098e+00
3.800000e+00 2.020768e+00
3.820000e+00 2.016061e+00
3.840000e+00 2.010980e+00
3.860000e+00 2.005531e+00
3.880000e+00 1.999716e+00
3.900000e+00 1.993542e+00
3.920000e+00 1.987013e+00
3.940000e+00 1.980135e+00
3.960000e+00 1.972914e+00
3.980000e+00 1.965356e+00
4.000000e+00 1.957469e+00
4.020000e+00 1.949258e+00
4.040000e+00 1.940731e+00
4.060000e+00 1.931895e+00
4.080000e+00 1.922759e+00
4.100000e+00 1.913331e+00
4.120000e+00 1.903619e+00
4.140000e+00 1.893632e+00
4.160000e+00 1.883379e+00
4.180000e+00 1.872870e+00
4.200000e+00 1.862115e+00
4.220000e+00 1.851124e+00
4.240000e+00 1.839908e+00
4.260000e+00 1.828477e+00
4.280000e+00 1.816843e+00
4.300000e+00 1.805017e+00
4.320000e+00 1.793012e+00
4.340000e+00 1.780838e+00
4.360000e+00 1.768510e+00
4.380000e+00 1.756039e+00
4.400000e+00 1.743439e+00
4.420000e+00 1.730723e+00
4.440000e+00 1.717906e+00
4.460000e+00 1.705000e+00
4.480000e+00 1.692022e+00
4.500000e+00 1.678984e+00
4.520000e+00 1.665903e+00
4.540000e+00 1.652794e+00
4.560000e+00 1.639672e+00
4.580000e+00 1.626553e+00
4.600000e+00 1.613453e+00
4.620000e+00 1.600388e+00
4.640000e+00 1.587376e+00
4.660000e+00 1.574432e+00
4.680000e+00 1.561574e+00
4.700000e+00 1.548819e+00
4.720000e+00 1.536185e+00
4.740000e+00 1.523688e+00
4.760000e+00 1.511347e+00
4.780000e+00 1.499179e+00
4.800000e+00 1.487201e+00
4.820000e+00 1.475433e+00
4.840000e+00 1.463891e+00
4.860000e+00 1.452593e+00
4.880000e+00 1.441557e+00
4.900000e+00 1.430802e+00
4.920000e+00 1.420343e+00
4.940000e+00 1.410199e+00
4.960000e+00 1.400387e+00
4.980000e+00 1.390924e+00
5.000000e+00 1.381825e+00
5.020000e+00 1.373108e+00
5.040000e+00 1.364787e+00
5.060000e+00 1.356879e+00
5.080000e+00 1.349397e+00
5.100000e+00 1.342356e+00
5.120000e+00 1.335770e+00
5.140000e+00 1.329650e+00
5.160000e+00 1.324010e+00
5.180000e+00 1.318860e+00
5.200000e+00 1.314210e+00
5.220000e+00 1.310071e+00
5.240000e+00 1.306450e+00
5.260000e+00 1.303356e+00
5.280000e+00 1.300794e+00
5.300000e+00 1.298770e+00
5.320000e+00 1.297289e+00
5.340000e+00 1.296353e+00
5.360000e+00 1.295965e+00
5.380000e+00 1.296125e+00
5.400000e+00 1.296834e+00
5.420000e+00 1.298090e+00
5.440000e+00 1.299890e+00
5.460000e+00 1.302230e+00
5.480000e+00 1.305106e+00
5.500000e+00 1.308512e+00
5.520000e+00 1.312441e+00
5.540000e+00 1.316885e+00
5.560000e+00 1.321835e+00
5.580000e+00 1.327280e+00
5.600000e+00 1.333210e+00
5.620000e+00 1.339614e+00
5.640000e+00 1.346479e+00
5.660000e+00 1.353792e+00
5.680000e+00 1.361539e+00
5.700000e+00 1.369706e+00
5.720000e+00 1.378277e+00
5.740000e+00 1.387238e+00
5.760000e+00 1.396571e+00
5.780000e+00 1.406262e+00
5.800000e+00 1.416292e+00
5.820000e+00 1.426646e+00
5.840000e+00 1.437305e+00
5.860000e+00 1.448252e+00
5.880000e+00 1.459471e+00
5.900000e+00 1.470941e+00
5.920000e+00 1.482647e+00
5.940000e+00 1.494570e+00
5.960000e+00 1.506691e+00
5.980000e+00 1.518994e+00
6.000000e+00 1.531460e+00
6.020000e+00 1.544071e+00
6.040000e+00 1.556810e+00
6.060000e+00 1.569659e+00
6.080000e+00 1.582600e+00
6.100000e+00 1.595617e+00
6.120000e+00 1.608693e+00
6.140000e+00 1.621810e+00
6.160000e+00 1.634952e+00
6.180000e+00 1.648103e+00
6.200000e+00 1.661247e+00
6.220000e+00 1.674368e+00
6.240000e+00 1.687450e+00
6.260000e+00 1.700478e+00
6.280000e+00 1.713437e+00
6.300000e+00 1.726313e+00
6.320000e+00 1.739091e+00
6.340000e+00 1.751757e+00
6.360000e+00 1.764298e+00
6.380000e+00 1.776700e+00
6.400000e+00 1.788951e+00
6.420000e+00 1.801037e+00
6.440000e+00 1.812945e+00
6.460000e+00 1.824665e+00
6.480000e+00 1.836184e+00
6.500000e+00 1.847492e+00
6.520000e+00 1.858576e+00
6.540000e+00 1.869426e+00
6.560000e+00 1.880032e+00
6.580000e+00 1.890384e+00
6.600000e+00 1.900472e+00
6.620000e+00 1.910287e+00
6.640000e+00 1.919820e+00
6.660000e+00 1.929062e+00
6.680000e+00 1.938004e+00
6.700000e+00 1.946639e+00
6.720000e+00 1.954960e+00
6.740000e+00 1.962958e+00
6.760000e+00 1.970627e+00
6.780000e+00 1.977959e+00
6.800000e+00 1.984950e+00
6.820000e+00 1.991592e+00
6.840000e+00 1.997880e+00
6.860000e+00 2.003809e+00
6.880000e+00 2.009374e+00
6.900000e+00 2.014570e+00
6.920000e+00 2.019392e+00
6.940000e+00 2.023837e+00
6.960000e+00 2.027901e+00
6.980000e+00 2.031580e+00
7.000000e+00 2.034872e+00
7.020000e+00 2.037774e+00
7.040000e+00 2.040284e+00
7.060000e+00 2.042399e+00
7.080000e+00 2.044118e+00
7.100000e+00 2.045439e+00
7.120000e+00 2.046361e+00
7.140000e+00 2.046884e+00
7.160000e+00 2.047007e+00
7.180000e+00 2.046730e+00
7.200000e+00 2.046054e+00
7.220000e+00 2.044978e+00
7.240000e+00 2.043505e+00
7.260000e+00 2.041634e+00
7.280000e+00 2.039368e+00
7.300000e+00 2.036708e+00
7.320000e+00 2.033658e+00
7.340000e+00 2.030218e+00
7.360000e+00 2.026393e+00
7.380000e+00 2.022185e+00
7.400000e+00 2.017598e+00
7.420000e+00 2.012635e+00
7.440000e+00 2.007302e+00
7.460000e+00 2.001602e+00
7.480000e+00 1.995540e+00
7.500000e+00 1.989122e+00
7.520000e+00 1.982352e+00
7.540000e+00 1.975238e+00
7.560000e+00 1.967785e+00
7.580000e+00 1.959999e+00
7.600000e+00 1.951887e+00
7.620000e+00 1.943457e+00
7.640000e+00 1.934716e+00
7.660000e+00 1.925672e+00
7.680000e+00 1.916333e+00
7.700000e+00 1.906707e+00
7.720000e+00 1.896804e+00
7.740000e+00 1.886632e+00
7.760000e+00 1.876201e+00
7.780000e+00 1.865521e+00
7.800000e+00 1.854601e+00
7.820000e+00 1.843454e+00
7.840000e+00 1.832088e+00
7.860000e+00 1.820516e+00
7.880000e+00 1.808749e+00
7.900000e+00 1.796799e+00
7.920000e+00 1.784677e+00
7.940000e+00 1.772397e+00
7.960000e+00 1.759971e+00
7.980000e+00 1.747413e+00
8.000000e+00 1.734735e+00
