2.000000e-01 1.317640e+00 3.672801e-01
4.000000e-01 1.292863e+00 3.554449e-01
6.000000e-01 1.256184e+00 3.684642e-01
8.000000e-01 1.211862e+00 3.822511e-01
1.000000e+00 1.165653e+00 3.726937e-01
1.200000e+00 1.125812e+00 3.605576e-01
1.400000e+00 1.100152e+00 3.723504e-01
1.600000e+00 1.092991e+00 3.856891e-01
1.800000e+00 1.104945e+00 3.751608e-01
2.000000e+00 1.134320e+00 3.601936e-01
2.200000e+00 1.176226e+00 3.692167e-01
2.400000e+00 1.222858e+00 3.818037e-01
2.600000e+00 1.266060e+00 3.712599e-01
2.800000e+00 1.300105e+00 3.556668e-01
3.000000e+00 1.321233e+00 3.643901e-01
3.200000e+00 1.326552e+00 3.784017e-01
3.400000e+00 1.314705e+00 3.700826e-01
3.600000e+00 1.287507e+00 3.559445e-01
3.800000e+00 1.249106e+00 3.656709e-01
4.000000e+00 1.204269e+00 3.818081e-01
4.200000e+00 1.158691e+00 3.757773e-01
4.400000e+00 1.120442e+00 3.616980e-01
4.600000e+00 1.097442e+00 3.696780e-01
4.800000e+00 1.093657e+00 3.848396e-01
5.000000e+00 1.108854e+00 3.777496e-01
5.200000e+00 1.140568e+00 3.608289e-01
5.400000e+00 1.183658e+00 3.659804e-01
5.600000e+00 1.230323e+00 3.806410e-01
5.800000e+00 1.272566e+00 3.738925e-01
6.000000e+00 1.304693e+00 3.567142e-01
6.200000e+00 1.323226e+00 3.616985e-01
6.400000e+00 1.325775e+00 3.775094e-01
6.600000e+00 1.311374e+00 3.727119e-01
6.800000e+00 1.281894e+00 3.571241e-01
7.000000e+00 1.241861e+00 3.631114e-01
7.200000e+00 1.196611e+00 3.807526e-01
7.400000e+00 1.151939e+00 3.784140e-01
7.600000e+00 1.115506e+00 3.634502e-01
7.800000e+00 1.095229e+00 3.674289e-01
8.000000e+00 1.094830e+00 3.833709e-01
8.200000e+00 1.113237e+00 3.798294e-01
8.400000e+00 1.147120e+00 3.621746e-01
8.600000e+00 1.191211e+00 3.631909e-01
8.800000e+00 1.237742e+00 3.787700e-01
9.000000e+00 1.278842e+00 3.760353e-01
9.200000e+00 1.308944e+00 3.584288e-01
9.400000e+00 1.324873e+00 3.593799e-01
9.600000e+00 1.324625e+00 3.760463e-01
9.800000e+00 1.307666e+00 3.750293e-01
1.000000e+01 1.276030e+00 3.589160e-01
1.020000e+01 1.234518e+00 3.609208e-01
1.040000e+01 1.188941e+00 3.791963e-01
1.060000e+01 1.145373e+00 3.805566e-01
1.080000e+01 1.111021e+00 3.655655e-01
1.100000e+01 1.093538e+00 3.656835e-01
1.120000e+01 1.096465e+00 3.815359e-01
1.140000e+01 1.118034e+00 3.813333e-01
1.160000e+01 1.153951e+00 3.639053e-01
1.180000e+01 1.198813e+00 3.610411e-01
1.200000e+01 1.245047e+00 3.764547e-01
1.220000e+01 1.284878e+00 3.775233e-01
1.240000e+01 1.312841e+00 3.605580e-01
1.260000e+01 1.326131e+00 3.576443e-01
1.280000e+01 1.323121e+00 3.741223e-01
1.300000e+01 1.303625e+00 3.768775e-01
1.320000e+01 1.269932e+00 3.612112e-01
1.340000e+01 1.227114e+00 3.592529e-01
1.360000e+01 1.181346e+00 3.772236e-01
1.380000e+01 1.139006e+00 3.821916e-01
1.400000e+01 1.106980e+00 3.678877e-01
1.420000e+01 1.092409e+00 3.644081e-01
1.440000e+01 1.098566e+00 3.794952e-01
1.460000e+01 1.123169e+00 3.823641e-01
1.480000e+01 1.161016e+00 3.657699e-01
1.500000e+01 1.206421e+00 3.595091e-01
1.520000e+01 1.252150e+00 3.739689e-01
1.540000e+01 1.290601e+00 3.783855e-01
1.560000e+01 1.316353e+00 3.628025e-01
1.580000e+01 1.326947e+00 3.565633e-01
1.600000e+01 1.321223e+00 3.719463e-01
1.620000e+01 1.299267e+00 3.781534e-01
1.640000e+01 1.263612e+00 3.638154e-01
1.660000e+01 1.219653e+00 3.582572e-01
1.680000e+01 1.173899e+00 3.749592e-01
1.700000e+01 1.132907e+00 3.832763e-01
1.720000e+01 1.103381e+00 3.703267e-01
1.740000e+01 1.091858e+00 3.635785e-01
1.760000e+01 1.101175e+00 3.772847e-01
1.780000e+01 1.128605e+00 3.830316e-01
1.800000e+01 1.168259e+00 3.677018e-01
1.820000e+01 1.214009e+00 3.584680e-01
1.840000e+01 1.258990e+00 3.714530e-01
1.860000e+01 1.295920e+00 3.787803e-01
1.880000e+01 1.319429e+00 3.649777e-01
1.900000e+01 1.327268e+00 3.560418e-01
1.920000e+01 1.318848e+00 3.697246e-01
1.940000e+01 1.294560e+00 3.788796e-01
1.960000e+01 1.257089e+00 3.664927e-01
1.980000e+01 1.212127e+00 3.579814e-01
2.000000e+01 1.166613e+00 3.726040e-01
2.020000e+01 1.127156e+00 3.837833e-01
2.040000e+01 1.100254e+00 3.727755e-01
2.060000e+01 1.091873e+00 3.632136e-01
2.080000e+01 1.104325e+00 3.749181e-01
2.100000e+01 1.134357e+00 3.833380e-01
2.120000e+01 1.175626e+00 3.697473e-01
2.140000e+01 1.221557e+00 3.578526e-01
2.160000e+01 1.265561e+00 3.689063e-01
2.180000e+01 1.300771e+00 3.788334e-01
2.200000e+01 1.321997e+00 3.670809e-01
2.220000e+01 1.327069e+00 3.559205e-01
2.240000e+01 1.315943e+00 3.675521e-01
2.260000e+01 1.289432e+00 3.791703e-01
2.280000e+01 1.250349e+00 3.690851e-01
2.300000e+01 1.204548e+00 3.583264e-01
2.320000e+01 1.159473e+00 3.703624e-01
2.340000e+01 1.121789e+00 3.837618e-01
2.360000e+01 1.097648e+00 3.751080e-01
2.380000e+01 1.092444e+00 3.633180e-01
2.400000e+01 1.108008e+00 3.724732e-01
2.420000e+01 1.140465e+00 3.831941e-01
2.440000e+01 1.183099e+00 3.719139e-01
2.460000e+01 1.229043e+00 3.577186e-01
2.480000e+01 1.271884e+00 3.663071e-01
2.500000e+01 1.305168e+00 3.785344e-01
2.520000e+01 1.324016e+00 3.692007e-01
2.540000e+01 1.326339e+00 3.561274e-01
2.560000e+01 1.312508e+00 3.653999e-01
2.580000e+01 1.283843e+00 3.791104e-01
2.600000e+01 1.243366e+00 3.715771e-01
2.620000e+01 1.196946e+00 3.591223e-01
2.640000e+01 1.152470e+00 3.683415e-01
2.660000e+01 1.116793e+00 3.833283e-01
2.680000e+01 1.095600e+00 3.772411e-01
2.700000e+01 1.093583e+00 3.638233e-01
2.720000e+01 1.112171e+00 3.700780e-01
2.740000e+01 1.146931e+00 3.825360e-01
2.760000e+01 1.190692e+00 3.740926e-01
2.780000e+01 1.236453e+00 3.581522e-01
2.800000e+01 1.277975e+00 3.637301e-01
2.820000e+01 1.309168e+00 3.777759e-01
2.840000e+01 1.325506e+00 3.713574e-01
2.860000e+01 1.325095e+00 3.567294e-01
2.880000e+01 1.308598e+00 3.632262e-01
2.900000e+01 1.277827e+00 3.786674e-01
2.920000e+01 1.236119e+00 3.740226e-01
2.940000e+01 1.189355e+00 3.602722e-01
2.960000e+01 1.145648e+00 3.665218e-01
2.980000e+01 1.112150e+00 3.825769e-01
3.000000e+01 1.094098e+00 3.791863e-01
3.020000e+01 1.095310e+00 3.646299e-01
3.040000e+01 1.116766e+00 3.678235e-01
3.060000e+01 1.153699e+00 3.813891e-01
3.080000e+01 1.198403e+00 3.761235e-01
3.100000e+01 1.243774e+00 3.591538e-01
3.120000e+01 1.283823e+00 3.613471e-01
3.140000e+01 1.312826e+00 3.764906e-01
3.160000e+01 1.326536e+00 3.734303e-01
3.180000e+01 1.323370e+00 3.578367e-01
3.200000e+01 1.304270e+00 3.610961e-01
3.220000e+01 1.271475e+00 3.777256e-01
3.240000e+01 1.228651e+00 3.764064e-01
3.260000e+01 1.181801e+00 3.618172e-01
3.280000e+01 1.139072e+00 3.648524e-01
3.300000e+01 1.107877e+00 3.815029e-01
3.320000e+01 1.093102e+00 3.809937e-01
3.340000e+01 1.097628e+00 3.657039e-01
3.360000e+01 1.121766e+00 3.657271e-01
3.380000e+01 1.160672e+00 3.798241e-01
3.400000e+01 1.206183e+00 3.778969e-01
3.420000e+01 1.250993e+00 3.606262e-01
3.440000e+01 1.289394e+00 3.593196e-01
3.460000e+01 1.316133e+00 3.747343e-01
3.480000e+01 1.327165e+00 3.752340e-01
3.500000e+01 1.321212e+00 3.594714e-01
3.520000e+01 1.299564e+00 3.591911e-01
3.540000e+01 1.264874e+00 3.762166e-01
3.560000e+01 1.221054e+00 3.785745e-01
3.580000e+01 1.174318e+00 3.638480e-01
3.600000e+01 1.132806e+00 3.633699e-01
3.620000e+01 1.104039e+00 3.800301e-01
3.640000e+01 1.092587e+00 3.826439e-01
3.660000e+01 1.100488e+00 3.671165e-01
3.680000e+01 1.127174e+00 3.637859e-01
3.700000e+01 1.167786e+00 3.778693e-01
3.720000e+01 1.213935e+00 3.793725e-01
3.740000e+01 1.258062e+00 3.624683e-01
3.760000e+01 1.294653e+00 3.577141e-01
3.780000e+01 1.319038e+00 3.726455e-01
3.800000e+01 1.327397e+00 3.766368e-01
3.820000e+01 1.318657e+00 3.615321e-01
3.840000e+01 1.294500e+00 3.577050e-01
3.860000e+01 1.258062e+00 3.742138e-01
3.880000e+01 1.213425e+00 3.803043e-01
3.900000e+01 1.166964e+00 3.663592e-01
3.920000e+01 1.126884e+00 3.622356e-01
3.940000e+01 1.100701e+00 3.781126e-01
3.960000e+01 1.092582e+00 3.839909e-01
3.980000e+01 1.103837e+00 3.689622e-01
4.000000e+01 1.132982e+00 3.620846e-01
