0.000000e+00 -6.500000e+00 1.192219e-37
0.000000e+00 -5.500000e+00 1.365527e-14
0.000000e+00 -4.500000e+00 1.056918e-10
0.000000e+00 -3.500000e+00 6.886016e-08
0.000000e+00 -2.500000e+00 1.403823e-05
0.000000e+00 -1.500000e+00 6.969131e-03
0.000000e+00 -5.000000e-01 3.169936e-01
0.000000e+00 5.000000e-01 3.169936e-01
0.000000e+00 1.500000e+00 6.969131e-03
0.000000e+00 2.500000e+00 1.403823e-05
0.000000e+00 3.500000e+00 6.886015e-08
0.000000e+00 4.500000e+00 1.056926e-10
0.000000e+00 5.500000e+00 1.365315e-14

1.000000e+00 -6.500000e+00 7.292568e-38
1.000000e+00 -5.500000e+00 6.035342e-15
1.000000e+00 -4.500000e+00 5.102422e-11
1.000000e+00 -3.500000e+00 3.548785e-08
1.000000e+00 -2.500000e+00 7.668860e-06
1.000000e+00 -1.500000e+00 4.679643e-03
1.000000e+00 -5.000000e-01 2.239220e-01
1.000000e+00 5.000000e-01 2.239220e-01
1.000000e+00 1.500000e+00 4.679643e-03
1.000000e+00 2.500000e+00 7.668860e-06
1.000000e+00 3.500000e+00 3.548785e-08
1.000000e+00 4.500000e+00 5.102537e-11
1.000000e+00 5.500000e+00 6.045943e-15

2.000000e+00 -6.500000e+00 1.622575e-38
2.000000e+00 -5.500000e+00 1.688647e-15
2.000000e+00 -4.500000e+00 1.208547e-11
2.000000e+00 -3.500000e+00 5.280827e-09
2.000000e+00 -2.500000e+00 7.035079e-07
2.000000e+00 -1.500000e+00 1.239516e-03
2.000000e+00 -5.000000e-01 6.611766e-02
2.000000e+00 5.000000e-01 6.611766e-02
2.000000e+00 1.500000e+00 1.239516e-03
2.000000e+00 2.500000e+00 7.035079e-07
2.000000e+00 3.500000e+00 5.280827e-09
2.000000e+00 4.500000e+00 1.208607e-11
2.000000e+00 5.500000e+00 1.707478e-15

3.000000e+00 -6.500000e+00 1.355160e-39
3.000000e+00 -5.500000e+00 7.418201e-16
3.000000e+00 -4.500000e+00 1.088374e-11
3.000000e+00 -3.500000e+00 1.149248e-08
3.000000e+00 -2.500000e+00 1.924368e-06
3.000000e+00 -1.500000e+00 1.473439e-04
3.000000e+00 -5.000000e-01 6.347460e-03
3.000000e+00 5.000000e-01 6.347460e-03
3.000000e+00 1.500000e+00 1.473439e-04
3.000000e+00 2.500000e+00 1.924368e-06
3.000000e+00 3.500000e+00 1.149247e-08
3.000000e+00 4.500000e+00 1.088300e-11
3.000000e+00 5.500000e+00 7.507634e-16

4.000000e+00 -6.500000e+00 4.861594e-41
4.000000e+00 -5.500000e+00 3.405163e-16
4.000000e+00 -4.500000e+00 2.846313e-12
4.000000e+00 -3.500000e+00 4.318129e-09
4.000000e+00 -2.500000e+00 3.614085e-07
4.000000e+00 -1.500000e+00 2.214736e-05
4.000000e+00 -5.000000e-01 3.779284e-04
4.000000e+00 5.000000e-01 3.779284e-04
4.000000e+00 1.500000e+00 2.214736e-05
4.000000e+00 2.500000e+00 3.614085e-07
4.000000e+00 3.500000e+00 4.318128e-09
4.000000e+00 4.500000e+00 2.846800e-12
4.000000e+00 5.500000e+00 3.397237e-16

5.000000e+00 -6.500000e+00 2.774710e-42
5.000000e+00 -5.500000e+00 2.742792e-16
5.000000e+00 -4.500000e+00 1.580399e-12
5.000000e+00 -3.500000e+00 4.071216e-10
5.000000e+00 -2.500000e+00 1.573004e-07
5.000000e+00 -1.500000e+00 5.150039e-06
5.000000e+00 -5.000000e-01 1.401413e-04
5.000000e+00 5.000000e-01 1.401413e-04
5.000000e+00 1.500000e+00 5.150039e-06
5.000000e+00 2.500000e+00 1.573004e-07
5.000000e+00 3.500000e+00 4.071220e-10
5.000000e+00 4.500000e+00 1.579608e-12
5.000000e+00 5.500000e+00 2.750141e-16

6.000000e+00 -6.500000e+00 4.566647e-42
6.000000e+00 -5.500000e+00 8.136539e-17
6.000000e+00 -4.500000e+00 7.677243e-13
6.000000e+00 -3.500000e+00 4.300023e-10
6.000000e+00 -2.500000e+00 2.406980e-08
6.000000e+00 -1.500000e+00 5.542853e-07
6.000000e+00 -5.000000e-01 2.058865e-05
6.000000e+00 5.000000e-01 2.058865e-05
6.000000e+00 1.500000e+00 5.542853e-07
6.000000e+00 2.500000e+00 2.406980e-08
6.000000e+00 3.500000e+00 4.300011e-10
6.000000e+00 4.500000e+00 7.677525e-13
6.000000e+00 5.500000e+00 7.914704e-17

7.000000e+00 -6.500000e+00 7.182856e-42
7.000000e+00 -5.500000e+00 3.686886e-18
7.000000e+00 -4.500000e+00 2.062142e-13
7.000000e+00 -3.500000e+00 9.582548e-11
7.000000e+00 -2.500000e+00 1.149315e-08
7.000000e+00 -1.500000e+00 2.118768e-07
7.000000e+00 -5.000000e-01 1.122508e-05
7.000000e+00 5.000000e-01 1.122508e-05
7.000000e+00 1.500000e+00 2.118768e-07
7.000000e+00 2.500000e+00 1.149315e-08
7.000000e+00 3.500000e+00 9.582557e-11
7.000000e+00 4.500000e+00 2.066570e-13
7.000000e+00 5.500000e+00 5.870527e-19

8.000000e+00 -6.500000e+00 1.090199e-42
8.000000e+00 -5.500000e+00 6.725328e-18
8.000000e+00 -4.500000e+00 3.103091e-14
8.000000e+00 -3.500000e+00 2.031905e-11
8.000000e+00 -2.500000e+00 6.320737e-09
8.000000e+00 -1.500000e+00 6.521075e-07
8.000000e+00 -5.000000e-01 8.529850e-06
8.000000e+00 5.000000e-01 8.529850e-06
8.000000e+00 1.500000e+00 6.521075e-07
8.000000e+00 2.500000e+00 6.320738e-09
8.000000e+00 3.500000e+00 2.031963e-11
8.000000e+00 4.500000e+00 3.115340e-14
8.000000e+00 5.500000e+00 5.579308e-18

9.000000e+00 -6.500000e+00 2.155168e-42
9.000000e+00 -5.500000e+00 4.913609e-18
9.000000e+00 -4.500000e+00 1.305353e-14
9.000000e+00 -3.500000e+00 2.814040e-11
9.000000e+00 -2.500000e+00 3.941585e-09
9.000000e+00 -1.500000e+00 2.458181e-07
9.000000e+00 -5.000000e-01 8.846086e-06
9.000000e+00 5.000000e-01 8.846086e-06
9.000000e+00 1.500000e+00 2.458181e-07
9.000000e+00 2.500000e+00 3.941585e-09
9.000000e+00 3.500000e+00 2.814038e-11
9.000000e+00 4.500000e+00 1.380142e-14
9.000000e+00 5.500000e+00 1.347056e-18

1.000000e+01 -6.500000e+00 2.357942e-42
1.000000e+01 -5.500000e+00 6.095392e-18
1.000000e+01 -4.500000e+00 3.003499e-16
1.000000e+01 -3.500000e+00 2.552061e-11
1.000000e+01 -2.500000e+00 5.197821e-09
1.000000e+01 -1.500000e+00 1.083665e-07
1.000000e+01 -5.000000e-01 3.735264e-06
1.000000e+01 5.000000e-01 3.735264e-06
1.000000e+01 1.500000e+00 1.083665e-07
1.000000e+01 2.500000e+00 5.197820e-09
1.000000e+01 3.500000e+00 2.552031e-11
1.000000e+01 4.500000e+00 2.343732e-16
1.000000e+01 5.500000e+00 4.034886e-18

1.100000e+01 -6.500000e+00 1.056307e-42
1.100000e+01 -5.500000e+00 3.137644e-18
1.100000e+01 -4.500000e+00 6.746663e-15
1.100000e+01 -3.500000e+00 7.418758e-12
1.100000e+01 -2.500000e+00 9.896254e-09
1.100000e+01 -1.500000e+00 3.458883e-07
1.100000e+01 -5.000000e-01 3.019850e-06
1.100000e+01 5.000000e-01 3.019850e-06
1.100000e+01 1.500000e+00 3.458883e-07
1.100000e+01 2.500000e+00 9.896254e-09
1.100000e+01 3.500000e+00 7.418479e-12
1.100000e+01 4.500000e+00 6.985624e-15
1.100000e+01 5.500000e+00 2.483896e-18

1.200000e+01 -6.500000e+00 1.178700e-42
1.200000e+01 -5.500000e+00 2.321588e-18
1.200000e+01 -4.500000e+00 2.959804e-15
1.200000e+01 -3.500000e+00 9.669024e-12
1.200000e+01 -2.500000e+00 7.450135e-09
1.200000e+01 -1.500000e+00 1.913505e-07
1.200000e+01 -5.000000e-01 3.218468e-06
1.200000e+01 5.000000e-01 3.218468e-06
1.200000e+01 1.500000e+00 1.913505e-07
1.200000e+01 2.500000e+00 7.450134e-09
1.200000e+01 3.500000e+00 9.668468e-12
1.200000e+01 4.500000e+00 3.228664e-15
1.200000e+01 5.500000e+00 2.014123e-18

