0.000000e+00 -6.500000e+00 1.190768e-37
0.000000e+00 -5.500000e+00 5.182008e-17
0.000000e+00 -4.500000e+00 2.016680e-14
0.000000e+00 -3.500000e+00 1.088980e-10
0.000000e+00 -2.500000e+00 4.411182e-06
0.000000e+00 -1.500000e+00 7.205077e-03
0.000000e+00 -5.000000e-01 2.653433e-01
0.000000e+00 5.000000e-01 2.653433e-01
0.000000e+00 1.500000e+00 7.205077e-03
0.000000e+00 2.500000e+00 4.411182e-06
0.000000e+00 3.500000e+00 1.088934e-10
0.000000e+00 4.500000e+00 2.159464e-14
0.000000e+00 5.500000e+00 2.932601e-17

1.000000e+00 -6.500000e+00 7.295341e-38
1.000000e+00 -5.500000e+00 3.595733e-17
1.000000e+00 -4.500000e+00 8.587050e-15
1.000000e+00 -3.500000e+00 3.028786e-11
1.000000e+00 -2.500000e+00 2.047909e-06
1.000000e+00 -1.500000e+00 5.285442e-03
1.000000e+00 -5.000000e-01 2.179768e-01
1.000000e+00 5.000000e-01 2.179768e-01
1.000000e+00 1.500000e+00 5.285442e-03
1.000000e+00 2.500000e+00 2.047909e-06
1.000000e+00 3.500000e+00 3.028877e-11
1.000000e+00 4.500000e+00 6.616685e-15
1.000000e+00 5.500000e+00 3.077283e-17

2.000000e+00 -6.500000e+00 1.623698e-38
2.000000e+00 -5.500000e+00 1.926491e-17
2.000000e+00 -4.500000e+00 7.180919e-15
2.000000e+00 -3.500000e+00 2.403632e-11
2.000000e+00 -2.500000e+00 7.385378e-07
2.000000e+00 -1.500000e+00 1.894130e-03
2.000000e+00 -5.000000e-01 9.421146e-02
2.000000e+00 5.000000e-01 9.421146e-02
2.000000e+00 1.500000e+00 1.894130e-03
2.000000e+00 2.500000e+00 7.385378e-07
2.000000e+00 3.500000e+00 2.403402e-11
2.000000e+00 4.500000e+00 8.856597e-15
2.000000e+00 5.500000e+00 8.529624e-18

3.000000e+00 -6.500000e+00 1.335702e-39
3.000000e+00 -5.500000e+00 1.538114e-17
3.000000e+00 -4.500000e+00 8.848337e-15
3.000000e+00 -3.500000e+00 8.890871e-12
3.000000e+00 -2.500000e+00 4.882571e-08
3.000000e+00 -1.500000e+00 2.465924e-04
3.000000e+00 -5.000000e-01 1.386677e-02
3.000000e+00 5.000000e-01 1.386677e-02
3.000000e+00 1.500000e+00 2.465924e-04
3.000000e+00 2.500000e+00 4.882571e-08
3.000000e+00 3.500000e+00 8.891185e-12
3.000000e+00 4.500000e+00 8.975564e-15
3.000000e+00 5.500000e+00 1.071068e-17

4.000000e+00 -6.500000e+00 4.701791e-41
4.000000e+00 -5.500000e+00 1.230517e-17
4.000000e+00 -4.500000e+00 3.123210e-15
4.000000e+00 -3.500000e+00 1.986192e-11
4.000000e+00 -2.500000e+00 4.017201e-08
4.000000e+00 -1.500000e+00 2.369396e-06
4.000000e+00 -5.000000e-01 6.172422e-04
4.000000e+00 5.000000e-01 6.172422e-04
4.000000e+00 1.500000e+00 2.369396e-06
4.000000e+00 2.500000e+00 4.017201e-08
4.000000e+00 3.500000e+00 1.986239e-11
4.000000e+00 4.500000e+00 3.183610e-15
4.000000e+00 5.500000e+00 5.558790e-18

5.000000e+00 -6.500000e+00 5.438419e-42
5.000000e+00 -5.500000e+00 5.604015e-18
5.000000e+00 -4.500000e+00 1.699785e-15
5.000000e+00 -3.500000e+00 6.282830e-12
5.000000e+00 -2.500000e+00 1.827325e-08
5.000000e+00 -1.500000e+00 4.583306e-06
5.000000e+00 -5.000000e-01 4.606918e-05
5.000000e+00 5.000000e-01 4.606918e-05
5.000000e+00 1.500000e+00 4.583306e-06
5.000000e+00 2.500000e+00 1.827325e-08
5.000000e+00 3.500000e+00 6.282017e-12
5.000000e+00 4.500000e+00 2.275254e-15
5.000000e+00 5.500000e+00 5.632651e-18

6.000000e+00 -6.500000e+00 2.050557e-42
6.000000e+00 -5.500000e+00 7.541641e-18
6.000000e+00 -4.500000e+00 9.640484e-16
6.000000e+00 -3.500000e+00 7.921163e-12
6.000000e+00 -2.500000e+00 1.181021e-08
6.000000e+00 -1.500000e+00 8.782674e-07
6.000000e+00 -5.000000e-01 1.339398e-06
6.000000e+00 5.000000e-01 1.339398e-06
6.000000e+00 1.500000e+00 8.782674e-07
6.000000e+00 2.500000e+00 1.181021e-08
6.000000e+00 3.500000e+00 7.921288e-12
6.000000e+00 4.500000e+00 1.342904e-15
6.000000e+00 5.500000e+00 6.720468e-18

7.000000e+00 -6.500000e+00 9.141401e-43
7.000000e+00 -5.500000e+00 4.109945e-18
7.000000e+00 -4.500000e+00 1.387358e-15
7.000000e+00 -3.500000e+00 6.947938e-12
7.000000e+00 -2.500000e+00 7.735808e-09
7.000000e+00 -1.500000e+00 8.811507e-07
7.000000e+00 -5.000000e-01 2.183412e-06
7.000000e+00 5.000000e-01 2.183412e-06
7.000000e+00 1.500000e+00 8.811507e-07
7.000000e+00 2.500000e+00 7.735807e-09
7.000000e+00 3.500000e+00 6.947665e-12
7.000000e+00 4.500000e+00 1.141363e-15
7.000000e+00 5.500000e+00 7.498179e-18

8.000000e+00 -6.500000e+00 2.150424e-42
8.000000e+00 -5.500000e+00 5.406739e-18
8.000000e+00 -4.500000e+00 9.289327e-16
8.000000e+00 -3.500000e+00 2.482799e-12
8.000000e+00 -2.500000e+00 7.922117e-09
8.000000e+00 -1.500000e+00 3.922808e-07
8.000000e+00 -5.000000e-01 9.383855e-06
8.000000e+00 5.000000e-01 9.383855e-06
8.000000e+00 1.500000e+00 3.922808e-07
8.000000e+00 2.500000e+00 7.922116e-09
8.000000e+00 3.500000e+00 2.483609e-12
8.000000e+00 4.500000e+00 1.339255e-15
8.000000e+00 5.500000e+00 1.973482e-18

9.000000e+00 -6.500000e+00 3.008593e-42
9.000000e+00 -5.500000e+00 8.357063e-18
9.000000e+00 -4.500000e+00 1.609840e-15
9.000000e+00 -3.500000e+00 2.535130e-11
9.000000e+00 -2.500000e+00 1.087848e-08
9.000000e+00 -1.500000e+00 9.900091e-07
9.000000e+00 -5.000000e-01 5.670218e-06
9.000000e+00 5.000000e-01 5.670218e-06
9.000000e+00 1.500000e+00 9.900091e-07
9.000000e+00 2.500000e+00 1.087847e-08
9.000000e+00 3.500000e+00 2.535158e-11
9.000000e+00 4.500000e+00 1.894070e-15
9.000000e+00 5.500000e+00 7.077849e-18

1.000000e+01 -6.500000e+00 2.083009e-42
1.000000e+01 -5.500000e+00 2.657836e-18
1.000000e+01 -4.500000e+00 5.340275e-16
1.000000e+01 -3.500000e+00 1.848911e-11
1.000000e+01 -2.500000e+00 2.934598e-09
1.000000e+01 -1.500000e+00 6.896227e-07
1.000000e+01 -5.000000e-01 4.404661e-06
1.000000e+01 5.000000e-01 4.404661e-06
1.000000e+01 1.500000e+00 6.896227e-07
1.000000e+01 2.500000e+00 2.934597e-09
1.000000e+01 3.500000e+00 1.848866e-11
1.000000e+01 4.500000e+00 6.775004e-16
1.000000e+01 5.500000e+00 6.192068e-18

1.100000e+01 -6.500000e+00 4.660624e-43
1.100000e+01 -5.500000e+00 2.352384e-18
1.100000e+01 -4.500000e+00 1.243244e-15
1.100000e+01 -3.500000e+00 1.048531e-11
1.100000e+01 -2.500000e+00 6.850059e-09
1.100000e+01 -1.500000e+00 3.055839e-07
1.100000e+01 -5.000000e-01 2.855848e-06
1.100000e+01 5.000000e-01 2.855848e-06
1.100000e+01 1.500000e+00 3.055839e-07
1.100000e+01 2.500000e+00 6.850060e-09
1.100000e+01 3.500000e+00 1.048573e-11
1.100000e+01 4.500000e+00 1.120465e-15
1.100000e+01 5.500000e+00 5.369947e-18

1.200000e+01 -6.500000e+00 3.345506e-43
1.200000e+01 -5.500000e+00 1.279944e-18
1.200000e+01 -4.500000e+00 2.339403e-16
1.200000e+01 -3.500000e+00 4.330083e-12
1.200000e+01 -2.500000e+00 9.962382e-09
1.200000e+01 -1.500000e+00 5.680470e-07
1.200000e+01 -5.000000e-01 2.226512e-06
1.200000e+01 5.000000e-01 2.226512e-06
1.200000e+01 1.500000e+00 5.680470e-07
1.200000e+01 2.500000e+00 9.962382e-09
1.200000e+01 3.500000e+00 4.330468e-12
1.200000e+01 4.500000e+00 1.629704e-16
1.200000e+01 5.500000e+00 1.543422e-18

