0.000000e+00 -6.500000e+00 1.201621e-37
0.000000e+00 -5.500000e+00 3.182988e-27
0.000000e+00 -4.500000e+00 1.544275e-18
0.000000e+00 -3.500000e+00 1.372260e-11
0.000000e+00 -2.500000e+00 2.233418e-06
0.000000e+00 -1.500000e+00 6.657727e-03
0.000000e+00 -5.000000e-01 3.634996e-01
0.000000e+00 5.000000e-01 3.634996e-01
0.000000e+00 1.500000e+00 6.657727e-03
0.000000e+00 2.500000e+00 2.233418e-06
0.000000e+00 3.500000e+00 1.372260e-11
0.000000e+00 4.500000e+00 1.544275e-18
0.000000e+00 5.500000e+00 3.182988e-27

1.000000e+00 -6.500000e+00 7.288198e-38
1.000000e+00 -5.500000e+00 1.930580e-27
1.000000e+00 -4.500000e+00 9.366501e-19
1.000000e+00 -3.500000e+00 8.323176e-12
1.000000e+00 -2.500000e+00 1.354637e-06
1.000000e+00 -1.500000e+00 4.038115e-03
1.000000e+00 -5.000000e-01 2.204736e-01
1.000000e+00 5.000000e-01 2.204736e-01
1.000000e+00 1.500000e+00 4.038115e-03
1.000000e+00 2.500000e+00 1.354637e-06
1.000000e+00 3.500000e+00 8.323176e-12
1.000000e+00 4.500000e+00 9.366501e-19
1.000000e+00 5.500000e+00 1.930580e-27

2.000000e+00 -6.500000e+00 1.626217e-38
2.000000e+00 -5.500000e+00 4.307706e-28
2.000000e+00 -4.500000e+00 2.089949e-19
2.000000e+00 -3.500000e+00 1.857152e-12
2.000000e+00 -2.500000e+00 3.022603e-07
2.000000e+00 -1.500000e+00 9.010253e-04
2.000000e+00 -5.000000e-01 4.919432e-02
2.000000e+00 5.000000e-01 4.919432e-02
2.000000e+00 1.500000e+00 9.010253e-04
2.000000e+00 2.500000e+00 3.022603e-07
2.000000e+00 3.500000e+00 1.857152e-12
2.000000e+00 4.500000e+00 2.089949e-19
2.000000e+00 5.500000e+00 4.307706e-28

3.000000e+00 -6.500000e+00 1.334880e-39
3.000000e+00 -5.500000e+00 3.535980e-29
3.000000e+00 -4.500000e+00 1.715534e-20
3.000000e+00 -3.500000e+00 1.524443e-13
3.000000e+00 -2.500000e+00 2.481104e-08
3.000000e+00 -1.500000e+00 7.396066e-05
3.000000e+00 -5.000000e-01 4.038115e-03
3.000000e+00 5.000000e-01 4.038115e-03
3.000000e+00 1.500000e+00 7.396066e-05
3.000000e+00 2.500000e+00 2.481104e-08
3.000000e+00 3.500000e+00 1.524443e-13
3.000000e+00 4.500000e+00 1.715534e-20
3.000000e+00 5.500000e+00 3.535980e-29

4.000000e+00 -6.500000e+00 4.030988e-41
4.000000e+00 -5.500000e+00 1.067773e-30
4.000000e+00 -4.500000e+00 5.180465e-22
4.000000e+00 -3.500000e+00 4.603419e-15
4.000000e+00 -2.500000e+00 7.492284e-10
4.000000e+00 -1.500000e+00 2.233418e-06
4.000000e+00 -5.000000e-01 1.219405e-04
4.000000e+00 5.000000e-01 1.219405e-04
4.000000e+00 1.500000e+00 2.233418e-06
4.000000e+00 2.500000e+00 7.492284e-10
4.000000e+00 3.500000e+00 4.603419e-15
4.000000e+00 4.500000e+00 5.180465e-22
4.000000e+00 5.500000e+00 1.067773e-30

5.000000e+00 -6.500000e+00 4.478024e-43
5.000000e+00 -5.500000e+00 1.186189e-32
5.000000e+00 -4.500000e+00 5.754977e-24
5.000000e+00 -3.500000e+00 5.113936e-17
5.000000e+00 -2.500000e+00 8.323176e-12
5.000000e+00 -1.500000e+00 2.481104e-08
5.000000e+00 -5.000000e-01 1.354637e-06
5.000000e+00 5.000000e-01 1.354637e-06
5.000000e+00 1.500000e+00 2.481104e-08
5.000000e+00 2.500000e+00 8.323176e-12
5.000000e+00 3.500000e+00 5.113936e-17
5.000000e+00 4.500000e+00 5.754977e-24
5.000000e+00 5.500000e+00 1.186189e-32

6.000000e+00 -6.500000e+00 1.830066e-45
6.000000e+00 -5.500000e+00 4.847684e-35
6.000000e+00 -4.500000e+00 2.351928e-26
6.000000e+00 -3.500000e+00 2.089949e-19
6.000000e+00 -2.500000e+00 3.401492e-14
6.000000e+00 -1.500000e+00 1.013970e-10
6.000000e+00 -5.000000e-01 5.536091e-09
6.000000e+00 5.000000e-01 5.536091e-09
6.000000e+00 1.500000e+00 1.013970e-10
6.000000e+00 2.500000e+00 3.401492e-14
6.000000e+00 3.500000e+00 2.089949e-19
6.000000e+00 4.500000e+00 2.351928e-26
6.000000e+00 5.500000e+00 4.847684e-35

7.000000e+00 -6.500000e+00 2.751393e-48
7.000000e+00 -5.500000e+00 7.288198e-38
7.000000e+00 -4.500000e+00 3.535980e-29
7.000000e+00 -3.500000e+00 3.142111e-22
7.000000e+00 -2.500000e+00 5.113936e-17
7.000000e+00 -1.500000e+00 1.524443e-13
7.000000e+00 -5.000000e-01 8.323176e-12
7.000000e+00 5.000000e-01 8.323176e-12
7.000000e+00 1.500000e+00 1.524443e-13
7.000000e+00 2.500000e+00 5.113936e-17
7.000000e+00 3.500000e+00 3.142111e-22
7.000000e+00 4.500000e+00 3.535980e-29
7.000000e+00 5.500000e+00 7.288198e-38

8.000000e+00 -6.500000e+00 1.521752e-51
8.000000e+00 -5.500000e+00 4.030988e-41
8.000000e+00 -4.500000e+00 1.955695e-32
8.000000e+00 -3.500000e+00 1.737852e-25
8.000000e+00 -2.500000e+00 2.828438e-20
8.000000e+00 -1.500000e+00 8.431455e-17
8.000000e+00 -5.000000e-01 4.603419e-15
8.000000e+00 5.000000e-01 4.603419e-15
8.000000e+00 1.500000e+00 8.431455e-17
8.000000e+00 2.500000e+00 2.828438e-20
8.000000e+00 3.500000e+00 1.737852e-25
8.000000e+00 4.500000e+00 1.955695e-32
8.000000e+00 5.500000e+00 4.030988e-41

9.000000e+00 -6.500000e+00 3.096285e-55
9.000000e+00 -5.500000e+00 8.201786e-45
9.000000e+00 -4.500000e+00 3.979221e-36
9.000000e+00 -3.500000e+00 3.535980e-29
9.000000e+00 -2.500000e+00 5.754977e-24
9.000000e+00 -1.500000e+00 1.715534e-20
9.000000e+00 -5.000000e-01 9.366501e-19
9.000000e+00 5.000000e-01 9.366501e-19
9.000000e+00 1.500000e+00 1.715534e-20
9.000000e+00 2.500000e+00 5.754977e-24
9.000000e+00 3.500000e+00 3.535980e-29
9.000000e+00 4.500000e+00 3.979221e-36
9.000000e+00 5.500000e+00 8.201786e-45

1.000000e+01 -6.500000e+00 2.317626e-59
1.000000e+01 -5.500000e+00 6.139187e-49
1.000000e+01 -4.500000e+00 2.978520e-40
1.000000e+01 -3.500000e+00 2.646746e-33
1.000000e+01 -2.500000e+00 4.307706e-28
1.000000e+01 -1.500000e+00 1.284109e-24
1.000000e+01 -5.000000e-01 7.010997e-23
1.000000e+01 5.000000e-01 7.010997e-23
1.000000e+01 1.500000e+00 1.284109e-24
1.000000e+01 2.500000e+00 4.307706e-28
1.000000e+01 3.500000e+00 2.646746e-33
1.000000e+01 4.500000e+00 2.978520e-40
1.000000e+01 5.500000e+00 6.139187e-49

1.100000e+01 -6.500000e+00 6.381918e-64
1.100000e+01 -5.500000e+00 1.690514e-53
1.100000e+01 -4.500000e+00 8.201786e-45
1.100000e+01 -3.500000e+00 7.288198e-38
1.100000e+01 -2.500000e+00 1.186189e-32
1.100000e+01 -1.500000e+00 3.535980e-29
1.100000e+01 -5.000000e-01 1.930580e-27
1.100000e+01 5.000000e-01 1.930580e-27
1.100000e+01 1.500000e+00 3.535980e-29
1.100000e+01 2.500000e+00 1.186189e-32
1.100000e+01 3.500000e+00 7.288198e-38
1.100000e+01 4.500000e+00 8.201786e-45
1.100000e+01 5.500000e+00 1.690514e-53

1.200000e+01 -6.500000e+00 6.464943e-69
1.200000e+01 -5.500000e+00 1.712507e-58
1.200000e+01 -4.500000e+00 8.308486e-50
1.200000e+01 -3.500000e+00 7.383013e-43
1.200000e+01 -2.500000e+00 1.201621e-37
1.200000e+01 -1.500000e+00 3.581981e-34
1.200000e+01 -5.000000e-01 1.955695e-32
1.200000e+01 5.000000e-01 1.955695e-32
1.200000e+01 1.500000e+00 3.581981e-34
1.200000e+01 2.500000e+00 1.201621e-37
1.200000e+01 3.500000e+00 7.383013e-43
1.200000e+01 4.500000e+00 8.308486e-50
1.200000e+01 5.500000e+00 1.712507e-58

