      0.0000   0.4560929E+000
      0.0025   0.4560929E+000
      0.0050   0.4560804E+000
      0.0075   0.4560579E+000
      0.0100   0.4560258E+000
      0.0125   0.4559841E+000
      0.0150   0.4559330E+000
      0.0175   0.4558725E+000
      0.0200   0.4558025E+000
      0.0225   0.4557232E+000
      0.0250   0.4556344E+000
      0.0275   0.4555364E+000
      0.0300   0.4554289E+000
      0.0325   0.4553122E+000
      0.0350   0.4551860E+000
      0.0375   0.4550506E+000
      0.0400   0.4549059E+000
      0.0425   0.4547519E+000
      0.0450   0.4545885E+000
      0.0475   0.4544160E+000
      0.0500   0.4542341E+000
      0.0525   0.4540430E+000
      0.0550   0.4538427E+000
      0.0575   0.4536332E+000
      0.0600   0.4534144E+000
      0.0625   0.4531865E+000
      0.0650   0.4529494E+000
      0.0675   0.4527032E+000
      0.0700   0.4524479E+000
      0.0725   0.4521834E+000
      0.0750   0.4519098E+000
      0.0775   0.4516272E+000
      0.0800   0.4513355E+000
      0.0825   0.4510348E+000
      0.0850   0.4507251E+000
      0.0875   0.4504064E+000
      0.0900   0.4500787E+000
      0.0925   0.4497421E+000
      0.0950   0.4493966E+000
      0.0975   0.4490422E+000
      0.1000   0.4486789E+000
      0.1025   0.4483068E+000
      0.1050   0.4479259E+000
      0.1075   0.4475362E+000
      0.1100   0.4471378E+000
      0.1125   0.4467306E+000
      0.1150   0.4463147E+000
      0.1175   0.4458902E+000
      0.1200   0.4454570E+000
      0.1225   0.4450152E+000
      0.1250   0.4445648E+000
      0.1275   0.4441059E+000
      0.1300   0.4436385E+000
      0.1325   0.4431626E+000
      0.1350   0.4426783E+000
      0.1375   0.4421856E+000
      0.1400   0.4416845E+000
      0.1425   0.4411750E+000
      0.1450   0.4406573E+000
      0.1475   0.4401313E+000
      0.1500   0.4395970E+000
      0.1525   0.4390546E+000
      0.1550   0.4385040E+000
      0.1575   0.4379453E+000
      0.1600   0.4373785E+000
      0.1625   0.4368037E+000
      0.1650   0.4362209E+000
      0.1675   0.4356302E+000
      0.1700   0.4350315E+000
      0.1725   0.4344249E+000
      0.1750   0.4338106E+000
      0.1775   0.4331884E+000
      0.1800   0.4325585E+000
      0.1825   0.4319209E+000
      0.1850   0.4312756E+000
      0.1875   0.4306227E+000
      0.1900   0.4299623E+000
      0.1925   0.4292943E+000
      0.1950   0.4286189E+000
      0.1975   0.4279360E+000
      0.2000   0.4272457E+000
      0.2025   0.4265481E+000
      0.2050   0.4258432E+000
      0.2075   0.4251311E+000
      0.2100   0.4244117E+000
      0.2125   0.4236852E+000
      0.2150   0.4229517E+000
      0.2175   0.4222110E+000
      0.2200   0.4214634E+000
      0.2225   0.4207088E+000
      0.2250   0.4199473E+000
      0.2275   0.4191790E+000
      0.2300   0.4184039E+000
      0.2325   0.4176220E+000
      0.2350   0.4168334E+000
      0.2375   0.4160382E+000
      0.2400   0.4152364E+000
      0.2425   0.4144280E+000
      0.2450   0.4136132E+000
      0.2475   0.4127919E+000
      0.2500   0.4119642E+000
      0.2525   0.4111302E+000
      0.2550   0.4102900E+000
      0.2575   0.4094435E+000
      0.2600   0.4085909E+000
      0.2625   0.4077321E+000
      0.2650   0.4068673E+000
      0.2675   0.4059965E+000
      0.2700   0.4051198E+000
      0.2725   0.4042371E+000
      0.2750   0.4033487E+000
      0.2775   0.4024544E+000
      0.2800   0.4015544E+000
      0.2825   0.4006488E+000
      0.2850   0.3997376E+000
      0.2875   0.3988208E+000
      0.2900   0.3978985E+000
      0.2925   0.3969708E+000
      0.2950   0.3960377E+000
      0.2975   0.3950992E+000
      0.3000   0.3941556E+000
      0.3025   0.3932067E+000
      0.3050   0.3922526E+000
      0.3075   0.3912935E+000
      0.3100   0.3903293E+000
      0.3125   0.3893602E+000
      0.3150   0.3883861E+000
      0.3175   0.3874072E+000
      0.3200   0.3864235E+000
      0.3225   0.3854351E+000
      0.3250   0.3844419E+000
      0.3275   0.3834442E+000
      0.3300   0.3824419E+000
      0.3325   0.3814350E+000
      0.3350   0.3804238E+000
      0.3375   0.3794081E+000
      0.3400   0.3783881E+000
      0.3425   0.3773639E+000
      0.3450   0.3763354E+000
      0.3475   0.3753028E+000
      0.3500   0.3742661E+000
      0.3525   0.3732254E+000
      0.3550   0.3721807E+000
      0.3575   0.3711321E+000
      0.3600   0.3700796E+000
      0.3625   0.3690234E+000
      0.3650   0.3679634E+000
      0.3675   0.3668997E+000
      0.3700   0.3658324E+000
      0.3725   0.3647616E+000
      0.3750   0.3636873E+000
      0.3775   0.3626095E+000
      0.3800   0.3615284E+000
      0.3825   0.3604439E+000
      0.3850   0.3593562E+000
      0.3875   0.3582652E+000
      0.3900   0.3571712E+000
      0.3925   0.3560740E+000
      0.3950   0.3549738E+000
      0.3975   0.3538707E+000
      0.4000   0.3527646E+000
      0.4025   0.3516557E+000
      0.4050   0.3505440E+000
      0.4075   0.3494296E+000
      0.4100   0.3483125E+000
      0.4125   0.3471928E+000
      0.4150   0.3460705E+000
      0.4175   0.3449457E+000
      0.4200   0.3438185E+000
      0.4225   0.3426889E+000
      0.4250   0.3415570E+000
      0.4275   0.3404228E+000
      0.4300   0.3392864E+000
      0.4325   0.3381478E+000
      0.4350   0.3370071E+000
      0.4375   0.3358644E+000
      0.4400   0.3347197E+000
      0.4425   0.3335730E+000
      0.4450   0.3324245E+000
      0.4475   0.3312742E+000
      0.4500   0.3301221E+000
      0.4525   0.3289683E+000
      0.4550   0.3278128E+000
      0.4575   0.3266558E+000
      0.4600   0.3254972E+000
      0.4625   0.3243371E+000
      0.4650   0.3231756E+000
      0.4675   0.3220127E+000
      0.4700   0.3208485E+000
      0.4725   0.3196830E+000
      0.4750   0.3185163E+000
      0.4775   0.3173484E+000
      0.4800   0.3161794E+000
      0.4825   0.3150094E+000
      0.4850   0.3138383E+000
      0.4875   0.3126663E+000
      0.4900   0.3114934E+000
      0.4925   0.3103197E+000
      0.4950   0.3091451E+000
      0.4975   0.3079698E+000
      0.5000   0.3067938E+000
      0.5025   0.3056172E+000
      0.5050   0.3044400E+000
      0.5075   0.3032622E+000
      0.5100   0.3020840E+000
      0.5125   0.3009053E+000
      0.5150   0.2997262E+000
      0.5175   0.2985468E+000
      0.5200   0.2973670E+000
      0.5225   0.2961871E+000
      0.5250   0.2950069E+000
      0.5275   0.2938266E+000
      0.5300   0.2926461E+000
      0.5325   0.2914657E+000
      0.5350   0.2902852E+000
      0.5375   0.2891048E+000
      0.5400   0.2879244E+000
      0.5425   0.2867442E+000
      0.5450   0.2855642E+000
      0.5475   0.2843844E+000
      0.5500   0.2832048E+000
      0.5525   0.2820256E+000
      0.5550   0.2808467E+000
      0.5575   0.2796683E+000
      0.5600   0.2784903E+000
      0.5625   0.2773128E+000
      0.5650   0.2761358E+000
      0.5675   0.2749594E+000
      0.5700   0.2737837E+000
      0.5725   0.2726086E+000
      0.5750   0.2714342E+000
      0.5775   0.2702605E+000
      0.5800   0.2690877E+000
      0.5825   0.2679157E+000
      0.5850   0.2667446E+000
      0.5875   0.2655743E+000
      0.5900   0.2644051E+000
      0.5925   0.2632368E+000
      0.5950   0.2620696E+000
      0.5975   0.2609034E+000
      0.6000   0.2597384E+000
      0.6025   0.2585745E+000
      0.6050   0.2574118E+000
      0.6075   0.2562503E+000
      0.6100   0.2550901E+000
      0.6125   0.2539312E+000
      0.6150   0.2527737E+000
      0.6175   0.2516175E+000
      0.6200   0.2504628E+000
      0.6225   0.2493094E+000
      0.6250   0.2481576E+000
      0.6275   0.2470073E+000
      0.6300   0.2458586E+000
      0.6325   0.2447114E+000
      0.6350   0.2435659E+000
      0.6375   0.2424220E+000
      0.6400   0.2412798E+000
      0.6425   0.2401394E+000
      0.6450   0.2390007E+000
      0.6475   0.2378638E+000
      0.6500   0.2367287E+000
      0.6525   0.2355954E+000
      0.6550   0.2344641E+000
      0.6575   0.2333347E+000
      0.6600   0.2322072E+000
      0.6625   0.2310817E+000
      0.6650   0.2299582E+000
      0.6675   0.2288368E+000
      0.6700   0.2277174E+000
      0.6725   0.2266001E+000
      0.6750   0.2254850E+000
      0.6775   0.2243720E+000
      0.6800   0.2232612E+000
      0.6825   0.2221526E+000
      0.6850   0.2210462E+000
      0.6875   0.2199421E+000
      0.6900   0.2188403E+000
      0.6925   0.2177408E+000
      0.6950   0.2166437E+000
      0.6975   0.2155489E+000
      0.7000   0.2144565E+000
      0.7025   0.2133666E+000
      0.7050   0.2122791E+000
      0.7075   0.2111940E+000
      0.7100   0.2101115E+000
      0.7125   0.2090315E+000
      0.7150   0.2079540E+000
      0.7175   0.2068791E+000
      0.7200   0.2058067E+000
      0.7225   0.2047370E+000
      0.7250   0.2036699E+000
      0.7275   0.2026055E+000
      0.7300   0.2015437E+000
      0.7325   0.2004847E+000
      0.7350   0.1994283E+000
      0.7375   0.1983747E+000
      0.7400   0.1973239E+000
      0.7425   0.1962758E+000
      0.7450   0.1952306E+000
      0.7475   0.1941881E+000
      0.7500   0.1931485E+000
      0.7525   0.1921117E+000
      0.7550   0.1910778E+000
      0.7575   0.1900468E+000
      0.7600   0.1890188E+000
      0.7625   0.1879936E+000
      0.7650   0.1869714E+000
      0.7675   0.1859521E+000
      0.7700   0.1849358E+000
      0.7725   0.1839226E+000
      0.7750   0.1829123E+000
      0.7775   0.1819050E+000
      0.7800   0.1809008E+000
      0.7825   0.1798997E+000
      0.7850   0.1789016E+000
      0.7875   0.1779066E+000
      0.7900   0.1769146E+000
      0.7925   0.1759259E+000
      0.7950   0.1749402E+000
      0.7975   0.1739576E+000
      0.8000   0.1729783E+000
      0.8025   0.1720020E+000
      0.8050   0.1710290E+000
      0.8075   0.1700592E+000
      0.8100   0.1690925E+000
      0.8125   0.1681291E+000
      0.8150   0.1671689E+000
      0.8175   0.1662119E+000
      0.8200   0.1652581E+000
      0.8225   0.1643077E+000
      0.8250   0.1633605E+000
      0.8275   0.1624165E+000
      0.8300   0.1614759E+000
      0.8325   0.1605385E+000
      0.8350   0.1596045E+000
      0.8375   0.1586737E+000
      0.8400   0.1577463E+000
      0.8425   0.1568222E+000
      0.8450   0.1559015E+000
      0.8475   0.1549841E+000
      0.8500   0.1540701E+000
      0.8525   0.1531594E+000
      0.8550   0.1522521E+000
      0.8575   0.1513481E+000
      0.8600   0.1504476E+000
      0.8625   0.1495504E+000
      0.8650   0.1486566E+000
      0.8675   0.1477663E+000
      0.8700   0.1468793E+000
      0.8725   0.1459958E+000
      0.8750   0.1451156E+000
      0.8775   0.1442389E+000
      0.8800   0.1433656E+000
      0.8825   0.1424958E+000
      0.8850   0.1416294E+000
      0.8875   0.1407664E+000
      0.8900   0.1399069E+000
      0.8925   0.1390508E+000
      0.8950   0.1381982E+000
      0.8975   0.1373490E+000
      0.9000   0.1365033E+000
      0.9025   0.1356610E+000
      0.9050   0.1348222E+000
      0.9075   0.1339869E+000
      0.9100   0.1331551E+000
      0.9125   0.1323267E+000
      0.9150   0.1315018E+000
      0.9175   0.1306803E+000
      0.9200   0.1298624E+000
      0.9225   0.1290479E+000
      0.9250   0.1282369E+000
      0.9275   0.1274293E+000
      0.9300   0.1266253E+000
      0.9325   0.1258247E+000
      0.9350   0.1250276E+000
      0.9375   0.1242340E+000
      0.9400   0.1234439E+000
      0.9425   0.1226572E+000
      0.9450   0.1218740E+000
      0.9475   0.1210943E+000
      0.9500   0.1203181E+000
      0.9525   0.1195454E+000
      0.9550   0.1187761E+000
      0.9575   0.1180103E+000
      0.9600   0.1172480E+000
      0.9625   0.1164891E+000
      0.9650   0.1157337E+000
      0.9675   0.1149818E+000
      0.9700   0.1142334E+000
      0.9725   0.1134884E+000
      0.9750   0.1127468E+000
      0.9775   0.1120088E+000
      0.9800   0.1112742E+000
      0.9825   0.1105430E+000
      0.9850   0.1098153E+000
      0.9875   0.1090910E+000
      0.9900   0.1083702E+000
      0.9925   0.1076528E+000
      0.9950   0.1069388E+000
      0.9975   0.1062283E+000
      1.0000   0.1055212E+000
      1.0025   0.1048175E+000
      1.0050   0.1041173E+000
      1.0075   0.1034204E+000
      1.0100   0.1027270E+000
      1.0125   0.1020370E+000
      1.0150   0.1013503E+000
      1.0175   0.1006671E+000
      1.0200   0.9998727E-001
      1.0225   0.9931082E-001
      1.0250   0.9863774E-001
      1.0275   0.9796804E-001
      1.0300   0.9730171E-001
      1.0325   0.9663875E-001
      1.0350   0.9597914E-001
      1.0375   0.9532289E-001
      1.0400   0.9466998E-001
      1.0425   0.9402041E-001
      1.0450   0.9337417E-001
      1.0475   0.9273126E-001
      1.0500   0.9209168E-001
      1.0525   0.9145541E-001
      1.0550   0.9082244E-001
      1.0575   0.9019278E-001
      1.0600   0.8956641E-001
      1.0625   0.8894333E-001
      1.0650   0.8832353E-001
      1.0675   0.8770700E-001
      1.0700   0.8709374E-001
      1.0725   0.8648374E-001
      1.0750   0.8587699E-001
      1.0775   0.8527349E-001
      1.0800   0.8467322E-001
      1.0825   0.8407618E-001
      1.0850   0.8348236E-001
      1.0875   0.8289175E-001
      1.0900   0.8230435E-001
      1.0925   0.8172015E-001
      1.0950   0.8113913E-001
      1.0975   0.8056130E-001
      1.1000   0.7998664E-001
      1.1025   0.7941514E-001
      1.1050   0.7884680E-001
      1.1075   0.7828160E-001
      1.1100   0.7771955E-001
      1.1125   0.7716063E-001
      1.1150   0.7660482E-001
      1.1175   0.7605213E-001
      1.1200   0.7550255E-001
      1.1225   0.7495605E-001
      1.1250   0.7441265E-001
      1.1275   0.7387232E-001
      1.1300   0.7333506E-001
      1.1325   0.7280086E-001
      1.1350   0.7226971E-001
      1.1375   0.7174160E-001
      1.1400   0.7121652E-001
      1.1425   0.7069446E-001
      1.1450   0.7017541E-001
      1.1475   0.6965937E-001
      1.1500   0.6914632E-001
      1.1525   0.6863625E-001
      1.1550   0.6812915E-001
      1.1575   0.6762503E-001
      1.1600   0.6712385E-001
      1.1625   0.6662562E-001
      1.1650   0.6613032E-001
      1.1675   0.6563795E-001
      1.1700   0.6514850E-001
      1.1725   0.6466194E-001
      1.1750   0.6417829E-001
      1.1775   0.6369752E-001
      1.1800   0.6321962E-001
      1.1825   0.6274459E-001
      1.1850   0.6227241E-001
      1.1875   0.6180307E-001
      1.1900   0.6133657E-001
      1.1925   0.6087290E-001
      1.1950   0.6041203E-001
      1.1975   0.5995397E-001
      1.2000   0.5949871E-001
      1.2025   0.5904622E-001
      1.2050   0.5859651E-001
      1.2075   0.5814955E-001
      1.2100   0.5770535E-001
      1.2125   0.5726389E-001
      1.2150   0.5682516E-001
      1.2175   0.5638914E-001
      1.2200   0.5595584E-001
      1.2225   0.5552523E-001
      1.2250   0.5509731E-001
      1.2275   0.5467207E-001
      1.2300   0.5424949E-001
      1.2325   0.5382957E-001
      1.2350   0.5341229E-001
      1.2375   0.5299765E-001
      1.2400   0.5258562E-001
      1.2425   0.5217622E-001
      1.2450   0.5176941E-001
      1.2475   0.5136519E-001
      1.2500   0.5096355E-001
      1.2525   0.5056448E-001
      1.2550   0.5016797E-001
      1.2575   0.4977401E-001
      1.2600   0.4938258E-001
      1.2625   0.4899368E-001
      1.2650   0.4860729E-001
      1.2675   0.4822341E-001
      1.2700   0.4784201E-001
      1.2725   0.4746310E-001
      1.2750   0.4708666E-001
      1.2775   0.4671269E-001
      1.2800   0.4634116E-001
      1.2825   0.4597206E-001
      1.2850   0.4560540E-001
      1.2875   0.4524115E-001
      1.2900   0.4487931E-001
      1.2925   0.4451986E-001
      1.2950   0.4416279E-001
      1.2975   0.4380810E-001
      1.3000   0.4345577E-001
      1.3025   0.4310579E-001
      1.3050   0.4275815E-001
      1.3075   0.4241284E-001
      1.3100   0.4206984E-001
      1.3125   0.4172915E-001
      1.3150   0.4139076E-001
      1.3175   0.4105466E-001
      1.3200   0.4072082E-001
      1.3225   0.4038925E-001
      1.3250   0.4005994E-001
      1.3275   0.3973286E-001
      1.3300   0.3940802E-001
      1.3325   0.3908539E-001
      1.3350   0.3876498E-001
      1.3375   0.3844676E-001
      1.3400   0.3813073E-001
      1.3425   0.3781687E-001
      1.3450   0.3750518E-001
      1.3475   0.3719565E-001
      1.3500   0.3688826E-001
      1.3525   0.3658300E-001
      1.3550   0.3627987E-001
      1.3575   0.3597885E-001
      1.3600   0.3567992E-001
      1.3625   0.3538309E-001
      1.3650   0.3508834E-001
      1.3675   0.3479566E-001
      1.3700   0.3450503E-001
      1.3725   0.3421645E-001
      1.3750   0.3392991E-001
      1.3775   0.3364540E-001
      1.3800   0.3336290E-001
      1.3825   0.3308240E-001
      1.3850   0.3280390E-001
      1.3875   0.3252739E-001
      1.3900   0.3225284E-001
      1.3925   0.3198026E-001
      1.3950   0.3170964E-001
      1.3975   0.3144095E-001
      1.4000   0.3117420E-001
      1.4025   0.3090936E-001
      1.4050   0.3064644E-001
      1.4075   0.3038542E-001
      1.4100   0.3012628E-001
      1.4125   0.2986903E-001
      1.4150   0.2961365E-001
      1.4175   0.2936012E-001
      1.4200   0.2910844E-001
      1.4225   0.2885861E-001
      1.4250   0.2861059E-001
      1.4275   0.2836440E-001
      1.4300   0.2812002E-001
      1.4325   0.2787743E-001
      1.4350   0.2763663E-001
      1.4375   0.2739761E-001
      1.4400   0.2716035E-001
      1.4425   0.2692486E-001
      1.4450   0.2669111E-001
      1.4475   0.2645909E-001
      1.4500   0.2622881E-001
      1.4525   0.2600024E-001
      1.4550   0.2577338E-001
      1.4575   0.2554821E-001
      1.4600   0.2532474E-001
      1.4625   0.2510294E-001
      1.4650   0.2488281E-001
      1.4675   0.2466434E-001
      1.4700   0.2444752E-001
      1.4725   0.2423233E-001
      1.4750   0.2401878E-001
      1.4775   0.2380685E-001
      1.4800   0.2359652E-001
      1.4825   0.2338780E-001
      1.4850   0.2318066E-001
      1.4875   0.2297511E-001
      1.4900   0.2277113E-001
      1.4925   0.2256871E-001
      1.4950   0.2236785E-001
      1.4975   0.2216853E-001
      1.5000   0.2197074E-001
      1.5025   0.2177448E-001
      1.5050   0.2157973E-001
      1.5075   0.2138649E-001
      1.5100   0.2119475E-001
      1.5125   0.2100450E-001
      1.5150   0.2081572E-001
      1.5175   0.2062841E-001
      1.5200   0.2044257E-001
      1.5225   0.2025817E-001
      1.5250   0.2007522E-001
      1.5275   0.1989370E-001
      1.5300   0.1971360E-001
      1.5325   0.1953492E-001
      1.5350   0.1935765E-001
      1.5375   0.1918178E-001
      1.5400   0.1900729E-001
      1.5425   0.1883418E-001
      1.5450   0.1866245E-001
      1.5475   0.1849207E-001
      1.5500   0.1832305E-001
      1.5525   0.1815538E-001
      1.5550   0.1798904E-001
      1.5575   0.1782403E-001
      1.5600   0.1766034E-001
      1.5625   0.1749796E-001
      1.5650   0.1733689E-001
      1.5675   0.1717710E-001
      1.5700   0.1701860E-001
      1.5725   0.1686138E-001
      1.5750   0.1670543E-001
      1.5775   0.1655074E-001
      1.5800   0.1639730E-001
      1.5825   0.1624510E-001
      1.5850   0.1609414E-001
      1.5875   0.1594441E-001
      1.5900   0.1579590E-001
      1.5925   0.1564859E-001
      1.5950   0.1550249E-001
      1.5975   0.1535759E-001
      1.6000   0.1521387E-001
      1.6025   0.1507133E-001
      1.6050   0.1492997E-001
      1.6075   0.1478976E-001
      1.6100   0.1465071E-001
      1.6125   0.1451281E-001
      1.6150   0.1437605E-001
      1.6175   0.1424042E-001
      1.6200   0.1410592E-001
      1.6225   0.1397253E-001
      1.6250   0.1384025E-001
      1.6275   0.1370907E-001
      1.6300   0.1357899E-001
      1.6325   0.1344999E-001
      1.6350   0.1332207E-001
      1.6375   0.1319523E-001
      1.6400   0.1306944E-001
      1.6425   0.1294472E-001
      1.6450   0.1282104E-001
      1.6475   0.1269840E-001
      1.6500   0.1257680E-001
      1.6525   0.1245623E-001
      1.6550   0.1233667E-001
      1.6575   0.1221813E-001
      1.6600   0.1210059E-001
      1.6625   0.1198406E-001
      1.6650   0.1186851E-001
      1.6675   0.1175395E-001
      1.6700   0.1164037E-001
      1.6725   0.1152776E-001
      1.6750   0.1141611E-001
      1.6775   0.1130542E-001
      1.6800   0.1119567E-001
      1.6825   0.1108687E-001
      1.6850   0.1097901E-001
      1.6875   0.1087208E-001
      1.6900   0.1076607E-001
      1.6925   0.1066097E-001
      1.6950   0.1055679E-001
      1.6975   0.1045351E-001
      1.7000   0.1035112E-001
      1.7025   0.1024962E-001
      1.7050   0.1014901E-001
      1.7075   0.1004927E-001
      1.7100   0.9950408E-002
      1.7125   0.9852406E-002
      1.7150   0.9755262E-002
      1.7175   0.9658969E-002
      1.7200   0.9563521E-002
      1.7225   0.9468911E-002
      1.7250   0.9375134E-002
      1.7275   0.9282183E-002
      1.7300   0.9190052E-002
      1.7325   0.9098736E-002
      1.7350   0.9008227E-002
      1.7375   0.8918520E-002
      1.7400   0.8829608E-002
      1.7425   0.8741487E-002
      1.7450   0.8654149E-002
      1.7475   0.8567589E-002
      1.7500   0.8481801E-002
      1.7525   0.8396780E-002
      1.7550   0.8312518E-002
      1.7575   0.8229012E-002
      1.7600   0.8146254E-002
      1.7625   0.8064239E-002
      1.7650   0.7982961E-002
      1.7675   0.7902416E-002
      1.7700   0.7822596E-002
      1.7725   0.7743497E-002
      1.7750   0.7665113E-002
      1.7775   0.7587439E-002
      1.7800   0.7510468E-002
      1.7825   0.7434196E-002
      1.7850   0.7358617E-002
      1.7875   0.7283726E-002
      1.7900   0.7209517E-002
      1.7925   0.7135985E-002
      1.7950   0.7063124E-002
      1.7975   0.6990931E-002
      1.8000   0.6919398E-002
      1.8025   0.6848521E-002
      1.8050   0.6778296E-002
      1.8075   0.6708716E-002
      1.8100   0.6639776E-002
      1.8125   0.6571473E-002
      1.8150   0.6503799E-002
      1.8175   0.6436752E-002
      1.8200   0.6370324E-002
      1.8225   0.6304513E-002
      1.8250   0.6239311E-002
      1.8275   0.6174716E-002
      1.8300   0.6110722E-002
      1.8325   0.6047323E-002
      1.8350   0.5984516E-002
      1.8375   0.5922296E-002
      1.8400   0.5860657E-002
      1.8425   0.5799596E-002
      1.8450   0.5739107E-002
      1.8475   0.5679185E-002
      1.8500   0.5619827E-002
      1.8525   0.5561027E-002
      1.8550   0.5502782E-002
      1.8575   0.5445086E-002
      1.8600   0.5387934E-002
      1.8625   0.5331324E-002
      1.8650   0.5275249E-002
      1.8675   0.5219707E-002
      1.8700   0.5164691E-002
      1.8725   0.5110199E-002
      1.8750   0.5056225E-002
      1.8775   0.5002766E-002
      1.8800   0.4949816E-002
      1.8825   0.4897373E-002
      1.8850   0.4845431E-002
      1.8875   0.4793987E-002
      1.8900   0.4743036E-002
      1.8925   0.4692574E-002
      1.8950   0.4642598E-002
      1.8975   0.4593102E-002
      1.9000   0.4544083E-002
      1.9025   0.4495538E-002
      1.9050   0.4447461E-002
      1.9075   0.4399850E-002
      1.9100   0.4352700E-002
      1.9125   0.4306006E-002
      1.9150   0.4259767E-002
      1.9175   0.4213976E-002
      1.9200   0.4168632E-002
      1.9225   0.4123729E-002
      1.9250   0.4079264E-002
      1.9275   0.4035234E-002
      1.9300   0.3991634E-002
      1.9325   0.3948462E-002
      1.9350   0.3905712E-002
      1.9375   0.3863383E-002
      1.9400   0.3821469E-002
      1.9425   0.3779968E-002
      1.9450   0.3738876E-002
      1.9475   0.3698189E-002
      1.9500   0.3657903E-002
      1.9525   0.3618017E-002
      1.9550   0.3578525E-002
      1.9575   0.3539424E-002
      1.9600   0.3500712E-002
      1.9625   0.3462384E-002
      1.9650   0.3424438E-002
      1.9675   0.3386869E-002
      1.9700   0.3349675E-002
      1.9725   0.3312853E-002
      1.9750   0.3276398E-002
      1.9775   0.3240308E-002
      1.9800   0.3204580E-002
      1.9825   0.3169211E-002
      1.9850   0.3134196E-002
      1.9875   0.3099534E-002
      1.9900   0.3065220E-002
      1.9925   0.3031253E-002
      1.9950   0.2997628E-002
      1.9975   0.2964343E-002
      2.0000   0.2931395E-002
      2.0025   0.2898780E-002
      2.0050   0.2866496E-002
      2.0075   0.2834539E-002
      2.0100   0.2802908E-002
      2.0125   0.2771598E-002
      2.0150   0.2740607E-002
      2.0175   0.2709933E-002
      2.0200   0.2679571E-002
      2.0225   0.2649520E-002
      2.0250   0.2619776E-002
      2.0275   0.2590338E-002
      2.0300   0.2561201E-002
      2.0325   0.2532363E-002
      2.0350   0.2503822E-002
      2.0375   0.2475575E-002
      2.0400   0.2447619E-002
      2.0425   0.2419951E-002
      2.0450   0.2392569E-002
      2.0475   0.2365471E-002
      2.0500   0.2338652E-002
      2.0525   0.2312112E-002
      2.0550   0.2285848E-002
      2.0575   0.2259856E-002
      2.0600   0.2234134E-002
      2.0625   0.2208681E-002
      2.0650   0.2183493E-002
      2.0675   0.2158567E-002
      2.0700   0.2133902E-002
      2.0725   0.2109496E-002
      2.0750   0.2085344E-002
      2.0775   0.2061446E-002
      2.0800   0.2037799E-002
      2.0825   0.2014401E-002
      2.0850   0.1991248E-002
      2.0875   0.1968340E-002
      2.0900   0.1945673E-002
      2.0925   0.1923245E-002
      2.0950   0.1901054E-002
      2.0975   0.1879099E-002
      2.1000   0.1857375E-002
      2.1025   0.1835882E-002
      2.1050   0.1814618E-002
      2.1075   0.1793579E-002
      2.1100   0.1772764E-002
      2.1125   0.1752171E-002
      2.1150   0.1731798E-002
      2.1175   0.1711642E-002
      2.1200   0.1691701E-002
      2.1225   0.1671974E-002
      2.1250   0.1652458E-002
      2.1275   0.1633152E-002
      2.1300   0.1614052E-002
      2.1325   0.1595159E-002
      2.1350   0.1576468E-002
      2.1375   0.1557979E-002
      2.1400   0.1539689E-002
      2.1425   0.1521596E-002
      2.1450   0.1503699E-002
      2.1475   0.1485996E-002
      2.1500   0.1468485E-002
      2.1525   0.1451163E-002
      2.1550   0.1434029E-002
      2.1575   0.1417082E-002
      2.1600   0.1400319E-002
      2.1625   0.1383739E-002
      2.1650   0.1367339E-002
      2.1675   0.1351119E-002
      2.1700   0.1335075E-002
      2.1725   0.1319207E-002
      2.1750   0.1303513E-002
      2.1775   0.1287991E-002
      2.1800   0.1272640E-002
      2.1825   0.1257457E-002
      2.1850   0.1242441E-002
      2.1875   0.1227591E-002
      2.1900   0.1212904E-002
      2.1925   0.1198379E-002
      2.1950   0.1184015E-002
      2.1975   0.1169809E-002
      2.2000   0.1155761E-002
      2.2025   0.1141869E-002
      2.2050   0.1128130E-002
      2.2075   0.1114544E-002
      2.2100   0.1101110E-002
      2.2125   0.1087825E-002
      2.2150   0.1074688E-002
      2.2175   0.1061697E-002
      2.2200   0.1048852E-002
      2.2225   0.1036150E-002
      2.2250   0.1023590E-002
      2.2275   0.1011171E-002
      2.2300   0.9988915E-003
      2.2325   0.9867496E-003
      2.2350   0.9747443E-003
      2.2375   0.9628740E-003
      2.2400   0.9511374E-003
      2.2425   0.9395331E-003
      2.2450   0.9280599E-003
      2.2475   0.9167162E-003
      2.2500   0.9055009E-003
      2.2525   0.8944126E-003
      2.2550   0.8834499E-003
      2.2575   0.8726117E-003
      2.2600   0.8618965E-003
      2.2625   0.8513033E-003
      2.2650   0.8408306E-003
      2.2675   0.8304772E-003
      2.2700   0.8202419E-003
      2.2725   0.8101236E-003
      2.2750   0.8001208E-003
      2.2775   0.7902326E-003
      2.2800   0.7804576E-003
      2.2825   0.7707947E-003
      2.2850   0.7612428E-003
      2.2875   0.7518006E-003
      2.2900   0.7424670E-003
      2.2925   0.7332409E-003
      2.2950   0.7241211E-003
      2.2975   0.7151066E-003
      2.3000   0.7061962E-003
      2.3025   0.6973888E-003
      2.3050   0.6886834E-003
      2.3075   0.6800789E-003
      2.3100   0.6715742E-003
      2.3125   0.6631682E-003
      2.3150   0.6548599E-003
      2.3175   0.6466483E-003
      2.3200   0.6385323E-003
      2.3225   0.6305110E-003
      2.3250   0.6225833E-003
      2.3275   0.6147482E-003
      2.3300   0.6070048E-003
      2.3325   0.5993520E-003
      2.3350   0.5917888E-003
      2.3375   0.5843145E-003
      2.3400   0.5769278E-003
      2.3425   0.5696281E-003
      2.3450   0.5624142E-003
      2.3475   0.5552853E-003
      2.3500   0.5482405E-003
      2.3525   0.5412788E-003
      2.3550   0.5343993E-003
      2.3575   0.5276013E-003
      2.3600   0.5208837E-003
      2.3625   0.5142458E-003
      2.3650   0.5076865E-003
      2.3675   0.5012052E-003
      2.3700   0.4948010E-003
      2.3725   0.4884729E-003
      2.3750   0.4822202E-003
      2.3775   0.4760421E-003
      2.3800   0.4699377E-003
      2.3825   0.4639063E-003
      2.3850   0.4579470E-003
      2.3875   0.4520590E-003
      2.3900   0.4462416E-003
      2.3925   0.4404940E-003
      2.3950   0.4348154E-003
      2.3975   0.4292051E-003
      2.4000   0.4236623E-003
      2.4025   0.4181862E-003
      2.4050   0.4127761E-003
      2.4075   0.4074314E-003
      2.4100   0.4021512E-003
      2.4125   0.3969348E-003
      2.4150   0.3917816E-003
      2.4175   0.3866909E-003
      2.4200   0.3816618E-003
      2.4225   0.3766939E-003
      2.4250   0.3717863E-003
      2.4275   0.3669384E-003
      2.4300   0.3621495E-003
      2.4325   0.3574190E-003
      2.4350   0.3527463E-003
      2.4375   0.3481305E-003
      2.4400   0.3435713E-003
      2.4425   0.3390678E-003
      2.4450   0.3346194E-003
      2.4475   0.3302257E-003
      2.4500   0.3258858E-003
      2.4525   0.3215993E-003
      2.4550   0.3173654E-003
      2.4575   0.3131837E-003
      2.4600   0.3090535E-003
      2.4625   0.3049743E-003
      2.4650   0.3009454E-003
      2.4675   0.2969663E-003
      2.4700   0.2930364E-003
      2.4725   0.2891552E-003
      2.4750   0.2853220E-003
      2.4775   0.2815365E-003
      2.4800   0.2777979E-003
      2.4825   0.2741058E-003
      2.4850   0.2704597E-003
      2.4875   0.2668589E-003
      2.4900   0.2633030E-003
      2.4925   0.2597916E-003
      2.4950   0.2563239E-003
      2.4975   0.2528996E-003
      2.5000   0.2495182E-003
      2.5025   0.2461792E-003
      2.5050   0.2428820E-003
      2.5075   0.2396261E-003
      2.5100   0.2364112E-003
      2.5125   0.2332367E-003
      2.5150   0.2301022E-003
      2.5175   0.2270071E-003
      2.5200   0.2239511E-003
      2.5225   0.2209337E-003
      2.5250   0.2179544E-003
      2.5275   0.2150128E-003
      2.5300   0.2121084E-003
      2.5325   0.2092408E-003
      2.5350   0.2064095E-003
      2.5375   0.2036143E-003
      2.5400   0.2008545E-003
      2.5425   0.1981299E-003
      2.5450   0.1954399E-003
      2.5475   0.1927842E-003
      2.5500   0.1901624E-003
      2.5525   0.1875741E-003
      2.5550   0.1850188E-003
      2.5575   0.1824963E-003
      2.5600   0.1800060E-003
      2.5625   0.1775476E-003
      2.5650   0.1751208E-003
      2.5675   0.1727252E-003
      2.5700   0.1703603E-003
      2.5725   0.1680259E-003
      2.5750   0.1657215E-003
      2.5775   0.1634468E-003
      2.5800   0.1612014E-003
      2.5825   0.1589851E-003
      2.5850   0.1567974E-003
      2.5875   0.1546380E-003
      2.5900   0.1525066E-003
      2.5925   0.1504028E-003
      2.5950   0.1483263E-003
      2.5975   0.1462767E-003
      2.6000   0.1442538E-003
      2.6025   0.1422572E-003
      2.6050   0.1402866E-003
      2.6075   0.1383417E-003
      2.6100   0.1364222E-003
      2.6125   0.1345277E-003
      2.6150   0.1326580E-003
      2.6175   0.1308127E-003
      2.6200   0.1289917E-003
      2.6225   0.1271944E-003
      2.6250   0.1254208E-003
      2.6275   0.1236704E-003
      2.6300   0.1219431E-003
      2.6325   0.1202385E-003
      2.6350   0.1185563E-003
      2.6375   0.1168963E-003
      2.6400   0.1152581E-003
      2.6425   0.1136417E-003
      2.6450   0.1120465E-003
      2.6475   0.1104725E-003
      2.6500   0.1089193E-003
      2.6525   0.1073867E-003
      2.6550   0.1058744E-003
      2.6575   0.1043822E-003
      2.6600   0.1029099E-003
      2.6625   0.1014571E-003
      2.6650   0.1000236E-003
      2.6675   0.9860929E-004
      2.6700   0.9721380E-004
      2.6725   0.9583694E-004
      2.6750   0.9447848E-004
      2.6775   0.9313818E-004
      2.6800   0.9181582E-004
      2.6825   0.9051118E-004
      2.6850   0.8922403E-004
      2.6875   0.8795415E-004
      2.6900   0.8670134E-004
      2.6925   0.8546537E-004
      2.6950   0.8424603E-004
      2.6975   0.8304312E-004
      2.7000   0.8185642E-004
      2.7025   0.8068574E-004
      2.7050   0.7953086E-004
      2.7075   0.7839160E-004
      2.7100   0.7726776E-004
      2.7125   0.7615913E-004
      2.7150   0.7506553E-004
      2.7175   0.7398677E-004
      2.7200   0.7292265E-004
      2.7225   0.7187300E-004
      2.7250   0.7083762E-004
      2.7275   0.6981634E-004
      2.7300   0.6880898E-004
      2.7325   0.6781536E-004
      2.7350   0.6683530E-004
      2.7375   0.6586863E-004
      2.7400   0.6491519E-004
      2.7425   0.6397479E-004
      2.7450   0.6304728E-004
      2.7475   0.6213248E-004
      2.7500   0.6123024E-004
      2.7525   0.6034039E-004
      2.7550   0.5946278E-004
      2.7575   0.5859724E-004
      2.7600   0.5774363E-004
      2.7625   0.5690178E-004
      2.7650   0.5607154E-004
      2.7675   0.5525277E-004
      2.7700   0.5444532E-004
      2.7725   0.5364904E-004
      2.7750   0.5286378E-004
      2.7775   0.5208940E-004
      2.7800   0.5132576E-004
      2.7825   0.5057273E-004
      2.7850   0.4983015E-004
      2.7875   0.4909791E-004
      2.7900   0.4837585E-004
      2.7925   0.4766385E-004
      2.7950   0.4696178E-004
      2.7975   0.4626951E-004
      2.8000   0.4558691E-004
      2.8025   0.4491384E-004
      2.8050   0.4425020E-004
      2.8075   0.4359584E-004
      2.8100   0.4295066E-004
      2.8125   0.4231453E-004
      2.8150   0.4168733E-004
      2.8175   0.4106894E-004
      2.8200   0.4045925E-004
      2.8225   0.3985814E-004
      2.8250   0.3926550E-004
      2.8275   0.3868122E-004
      2.8300   0.3810518E-004
      2.8325   0.3753728E-004
      2.8350   0.3697741E-004
      2.8375   0.3642545E-004
      2.8400   0.3588132E-004
      2.8425   0.3534489E-004
      2.8450   0.3481608E-004
      2.8475   0.3429477E-004
      2.8500   0.3378087E-004
      2.8525   0.3327428E-004
      2.8550   0.3277490E-004
      2.8575   0.3228263E-004
      2.8600   0.3179739E-004
      2.8625   0.3131906E-004
      2.8650   0.3084757E-004
      2.8675   0.3038282E-004
      2.8700   0.2992472E-004
      2.8725   0.2947317E-004
      2.8750   0.2902810E-004
      2.8775   0.2858941E-004
      2.8800   0.2815702E-004
      2.8825   0.2773084E-004
      2.8850   0.2731079E-004
      2.8875   0.2689679E-004
      2.8900   0.2648875E-004
      2.8925   0.2608659E-004
      2.8950   0.2569023E-004
      2.8975   0.2529960E-004
      2.9000   0.2491461E-004
      2.9025   0.2453519E-004
      2.9050   0.2416126E-004
      2.9075   0.2379275E-004
      2.9100   0.2342959E-004
      2.9125   0.2307169E-004
      2.9150   0.2271900E-004
      2.9175   0.2237143E-004
      2.9200   0.2202892E-004
      2.9225   0.2169139E-004
      2.9250   0.2135879E-004
      2.9275   0.2103104E-004
      2.9300   0.2070807E-004
      2.9325   0.2038982E-004
      2.9350   0.2007622E-004
      2.9375   0.1976721E-004
      2.9400   0.1946273E-004
      2.9425   0.1916271E-004
      2.9450   0.1886710E-004
      2.9475   0.1857582E-004
      2.9500   0.1828883E-004
      2.9525   0.1800605E-004
      2.9550   0.1772744E-004
      2.9575   0.1745293E-004
      2.9600   0.1718247E-004
      2.9625   0.1691600E-004
      2.9650   0.1665347E-004
      2.9675   0.1639482E-004
      2.9700   0.1613999E-004
      2.9725   0.1588894E-004
      2.9750   0.1564160E-004
      2.9775   0.1539794E-004
      2.9800   0.1515789E-004
      2.9825   0.1492140E-004
      2.9850   0.1468843E-004
      2.9875   0.1445893E-004
      2.9900   0.1423284E-004
      2.9925   0.1401013E-004
      2.9950   0.1379073E-004
      2.9975   0.1357461E-004
      3.0000   0.1336172E-004
      3.0025   0.1315201E-004
      3.0050   0.1294544E-004
      3.0075   0.1274196E-004
      3.0100   0.1254154E-004
      3.0125   0.1234412E-004
      3.0150   0.1214966E-004
      3.0175   0.1195812E-004
      3.0200   0.1176947E-004
      3.0225   0.1158365E-004
      3.0250   0.1140063E-004
      3.0275   0.1122037E-004
      3.0300   0.1104283E-004
      3.0325   0.1086797E-004
      3.0350   0.1069575E-004
      3.0375   0.1052613E-004
      3.0400   0.1035909E-004
      3.0425   0.1019457E-004
      3.0450   0.1003254E-004
      3.0475   0.9872978E-005
      3.0500   0.9715835E-005
      3.0525   0.9561079E-005
      3.0550   0.9408676E-005
      3.0575   0.9258593E-005
      3.0600   0.9110795E-005
      3.0625   0.8965251E-005
      3.0650   0.8821927E-005
      3.0675   0.8680791E-005
      3.0700   0.8541811E-005
      3.0725   0.8404957E-005
      3.0750   0.8270197E-005
      3.0775   0.8137501E-005
      3.0800   0.8006839E-005
      3.0825   0.7878181E-005
      3.0850   0.7751499E-005
      3.0875   0.7626763E-005
      3.0900   0.7503945E-005
      3.0925   0.7383017E-005
      3.0950   0.7263951E-005
      3.0975   0.7146721E-005
      3.1000   0.7031299E-005
      3.1025   0.6917659E-005
      3.1050   0.6805775E-005
      3.1075   0.6695620E-005
      3.1100   0.6587171E-005
      3.1125   0.6480400E-005
      3.1150   0.6375285E-005
      3.1175   0.6271800E-005
      3.1200   0.6169921E-005
      3.1225   0.6069625E-005
      3.1250   0.5970888E-005
      3.1275   0.5873688E-005
      3.1300   0.5778001E-005
      3.1325   0.5683805E-005
      3.1350   0.5591078E-005
      3.1375   0.5499799E-005
      3.1400   0.5409946E-005
      3.1425   0.5321497E-005
      3.1450   0.5234432E-005
      3.1475   0.5148730E-005
      3.1500   0.5064371E-005
      3.1525   0.4981334E-005
      3.1550   0.4899601E-005
      3.1575   0.4819152E-005
      3.1600   0.4739967E-005
      3.1625   0.4662028E-005
      3.1650   0.4585315E-005
      3.1675   0.4509811E-005
      3.1700   0.4435498E-005
      3.1725   0.4362357E-005
      3.1750   0.4290371E-005
      3.1775   0.4219523E-005
      3.1800   0.4149795E-005
      3.1825   0.4081171E-005
      3.1850   0.4013634E-005
      3.1875   0.3947167E-005
      3.1900   0.3881755E-005
      3.1925   0.3817381E-005
      3.1950   0.3754030E-005
      3.1975   0.3691686E-005
      3.2000   0.3630335E-005
      3.2025   0.3569960E-005
      3.2050   0.3510548E-005
      3.2075   0.3452083E-005
      3.2100   0.3394552E-005
      3.2125   0.3337939E-005
      3.2150   0.3282231E-005
      3.2175   0.3227415E-005
      3.2200   0.3173476E-005
      3.2225   0.3120402E-005
      3.2250   0.3068178E-005
      3.2275   0.3016793E-005
      3.2300   0.2966232E-005
      3.2325   0.2916484E-005
      3.2350   0.2867537E-005
      3.2375   0.2819377E-005
      3.2400   0.2771993E-005
      3.2425   0.2725373E-005
      3.2450   0.2679505E-005
      3.2475   0.2634377E-005
      3.2500   0.2589978E-005
      3.2525   0.2546298E-005
      3.2550   0.2503324E-005
      3.2575   0.2461046E-005
      3.2600   0.2419453E-005
      3.2625   0.2378534E-005
      3.2650   0.2338280E-005
      3.2675   0.2298680E-005
      3.2700   0.2259723E-005
      3.2725   0.2221400E-005
      3.2750   0.2183700E-005
      3.2775   0.2146615E-005
      3.2800   0.2110135E-005
      3.2825   0.2074249E-005
      3.2850   0.2038950E-005
      3.2875   0.2004227E-005
      3.2900   0.1970072E-005
      3.2925   0.1936476E-005
      3.2950   0.1903430E-005
      3.2975   0.1870926E-005
      3.3000   0.1838954E-005
      3.3025   0.1807508E-005
      3.3050   0.1776578E-005
      3.3075   0.1746156E-005
      3.3100   0.1716235E-005
      3.3125   0.1686806E-005
      3.3150   0.1657862E-005
      3.3175   0.1629395E-005
      3.3200   0.1601398E-005
      3.3225   0.1573863E-005
      3.3250   0.1546783E-005
      3.3275   0.1520151E-005
      3.3300   0.1493959E-005
      3.3325   0.1468202E-005
      3.3350   0.1442871E-005
      3.3375   0.1417960E-005
      3.3400   0.1393462E-005
      3.3425   0.1369371E-005
      3.3450   0.1345681E-005
      3.3475   0.1322385E-005
      3.3500   0.1299476E-005
      3.3525   0.1276949E-005
      3.3550   0.1254798E-005
      3.3575   0.1233016E-005
      3.3600   0.1211597E-005
      3.3625   0.1190537E-005
      3.3650   0.1169828E-005
      3.3675   0.1149466E-005
      3.3700   0.1129445E-005
      3.3725   0.1109759E-005
      3.3750   0.1090403E-005
      3.3775   0.1071372E-005
      3.3800   0.1052661E-005
      3.3825   0.1034264E-005
      3.3850   0.1016176E-005
      3.3875   0.9983927E-006
      3.3900   0.9809088E-006
      3.3925   0.9637195E-006
      3.3950   0.9468201E-006
      3.3975   0.9302060E-006
      3.4000   0.9138723E-006
      3.4025   0.8978148E-006
      3.4050   0.8820288E-006
      3.4075   0.8665099E-006
      3.4100   0.8512539E-006
      3.4125   0.8362565E-006
      3.4150   0.8215135E-006
      3.4175   0.8070207E-006
      3.4200   0.7927740E-006
      3.4225   0.7787695E-006
      3.4250   0.7650033E-006
      3.4275   0.7514713E-006
      3.4300   0.7381699E-006
      3.4325   0.7250952E-006
      3.4350   0.7122435E-006
      3.4375   0.6996113E-006
      3.4400   0.6871948E-006
      3.4425   0.6749906E-006
      3.4450   0.6629952E-006
      3.4475   0.6512051E-006
      3.4500   0.6396171E-006
      3.4525   0.6282276E-006
      3.4550   0.6170336E-006
      3.4575   0.6060318E-006
      3.4600   0.5952190E-006
      3.4625   0.5845921E-006
      3.4650   0.5741480E-006
      3.4675   0.5638838E-006
      3.4700   0.5537964E-006
      3.4725   0.5438829E-006
      3.4750   0.5341404E-006
      3.4775   0.5245662E-006
      3.4800   0.5151574E-006
      3.4825   0.5059113E-006
      3.4850   0.4968252E-006
      3.4875   0.4878964E-006
      3.4900   0.4791223E-006
      3.4925   0.4705003E-006
      3.4950   0.4620280E-006
      3.4975   0.4537027E-006
      3.5000   0.4455221E-006
      3.5025   0.4374838E-006
      3.5050   0.4295853E-006
      3.5075   0.4218244E-006
      3.5100   0.4141986E-006
      3.5125   0.4067059E-006
      3.5150   0.3993439E-006
      3.5175   0.3921104E-006
      3.5200   0.3850034E-006
      3.5225   0.3780206E-006
      3.5250   0.3711600E-006
      3.5275   0.3644195E-006
      3.5300   0.3577971E-006
      3.5325   0.3512909E-006
      3.5350   0.3448988E-006
      3.5375   0.3386190E-006
      3.5400   0.3324494E-006
      3.5425   0.3263884E-006
      3.5450   0.3204340E-006
      3.5475   0.3145845E-006
      3.5500   0.3088380E-006
      3.5525   0.3031929E-006
      3.5550   0.2976473E-006
      3.5575   0.2921997E-006
      3.5600   0.2868483E-006
      3.5625   0.2815916E-006
      3.5650   0.2764278E-006
      3.5675   0.2713555E-006
      3.5700   0.2663730E-006
      3.5725   0.2614789E-006
      3.5750   0.2566716E-006
      3.5775   0.2519497E-006
      3.5800   0.2473116E-006
      3.5825   0.2427560E-006
      3.5850   0.2382815E-006
      3.5875   0.2338866E-006
      3.5900   0.2295700E-006
      3.5925   0.2253304E-006
      3.5950   0.2211664E-006
      3.5975   0.2170767E-006
      3.6000   0.2130601E-006
      3.6025   0.2091153E-006
      3.6050   0.2052410E-006
      3.6075   0.2014361E-006
      3.6100   0.1976994E-006
      3.6125   0.1940296E-006
      3.6150   0.1904257E-006
      3.6175   0.1868865E-006
      3.6200   0.1834108E-006
      3.6225   0.1799976E-006
      3.6250   0.1766458E-006
      3.6275   0.1733543E-006
      3.6300   0.1701221E-006
      3.6325   0.1669481E-006
      3.6350   0.1638314E-006
      3.6375   0.1607709E-006
      3.6400   0.1577657E-006
      3.6425   0.1548148E-006
      3.6450   0.1519173E-006
      3.6475   0.1490722E-006
      3.6500   0.1462786E-006
      3.6525   0.1435357E-006
      3.6550   0.1408424E-006
      3.6575   0.1381981E-006
      3.6600   0.1356017E-006
      3.6625   0.1330526E-006
      3.6650   0.1305497E-006
      3.6675   0.1280925E-006
      3.6700   0.1256799E-006
      3.6725   0.1233113E-006
      3.6750   0.1209859E-006
      3.6775   0.1187029E-006
      3.6800   0.1164615E-006
      3.6825   0.1142612E-006
      3.6850   0.1121010E-006
      3.6875   0.1099803E-006
      3.6900   0.1078985E-006
      3.6925   0.1058548E-006
      3.6950   0.1038485E-006
      3.6975   0.1018791E-006
      3.7000   0.9994577E-007
      3.7025   0.9804796E-007
      3.7050   0.9618502E-007
      3.7075   0.9435634E-007
      3.7100   0.9256131E-007
      3.7125   0.9079933E-007
      3.7150   0.8906982E-007
      3.7175   0.8737219E-007
      3.7200   0.8570589E-007
      3.7225   0.8407034E-007
      3.7250   0.8246502E-007
      3.7275   0.8088937E-007
      3.7300   0.7934286E-007
      3.7325   0.7782498E-007
      3.7350   0.7633522E-007
      3.7375   0.7487307E-007
      3.7400   0.7343804E-007
      3.7425   0.7202964E-007
      3.7450   0.7064740E-007
      3.7475   0.6929085E-007
      3.7500   0.6795952E-007
      3.7525   0.6665297E-007
      3.7550   0.6537074E-007
      3.7575   0.6411241E-007
      3.7600   0.6287753E-007
      3.7625   0.6166570E-007
      3.7650   0.6047649E-007
      3.7675   0.5930950E-007
      3.7700   0.5816432E-007
      3.7725   0.5704056E-007
      3.7750   0.5593784E-007
      3.7775   0.5485578E-007
      3.7800   0.5379399E-007
      3.7825   0.5275212E-007
      3.7850   0.5172980E-007
      3.7875   0.5072667E-007
      3.7900   0.4974240E-007
      3.7925   0.4877664E-007
      3.7950   0.4782904E-007
      3.7975   0.4689929E-007
      3.8000   0.4598706E-007
      3.8025   0.4509202E-007
      3.8050   0.4421387E-007
      3.8075   0.4335229E-007
      3.8100   0.4250699E-007
      3.8125   0.4167766E-007
      3.8150   0.4086402E-007
      3.8175   0.4006578E-007
      3.8200   0.3928266E-007
      3.8225   0.3851437E-007
      3.8250   0.3776066E-007
      3.8275   0.3702124E-007
      3.8300   0.3629587E-007
      3.8325   0.3558428E-007
      3.8350   0.3488621E-007
      3.8375   0.3420142E-007
      3.8400   0.3352967E-007
      3.8425   0.3287072E-007
      3.8450   0.3222432E-007
      3.8475   0.3159025E-007
      3.8500   0.3096828E-007
      3.8525   0.3035819E-007
      3.8550   0.2975976E-007
      3.8575   0.2917277E-007
      3.8600   0.2859701E-007
      3.8625   0.2803228E-007
      3.8650   0.2747836E-007
      3.8675   0.2693506E-007
      3.8700   0.2640218E-007
      3.8725   0.2587953E-007
      3.8750   0.2536692E-007
      3.8775   0.2486416E-007
      3.8800   0.2437107E-007
      3.8825   0.2388747E-007
      3.8850   0.2341318E-007
      3.8875   0.2294803E-007
      3.8900   0.2249184E-007
      3.8925   0.2204446E-007
      3.8950   0.2160571E-007
      3.8975   0.2117544E-007
      3.9000   0.2075348E-007
      3.9025   0.2033969E-007
      3.9050   0.1993390E-007
      3.9075   0.1953597E-007
      3.9100   0.1914575E-007
      3.9125   0.1876310E-007
      3.9150   0.1838787E-007
      3.9175   0.1801993E-007
      3.9200   0.1765913E-007
      3.9225   0.1730535E-007
      3.9250   0.1695845E-007
      3.9275   0.1661830E-007
      3.9300   0.1628477E-007
      3.9325   0.1595775E-007
      3.9350   0.1563710E-007
      3.9375   0.1532270E-007
      3.9400   0.1501445E-007
      3.9425   0.1471222E-007
      3.9450   0.1441589E-007
      3.9475   0.1412536E-007
      3.9500   0.1384052E-007
      3.9525   0.1356126E-007
      3.9550   0.1328746E-007
      3.9575   0.1301904E-007
      3.9600   0.1275589E-007
      3.9625   0.1249790E-007
      3.9650   0.1224498E-007
      3.9675   0.1199703E-007
      3.9700   0.1175396E-007
      3.9725   0.1151567E-007
      3.9750   0.1128208E-007
      3.9775   0.1105308E-007
      3.9800   0.1082861E-007
      3.9825   0.1060856E-007
      3.9850   0.1039286E-007
      3.9875   0.1018142E-007
      3.9900   0.9974159E-008
      3.9925   0.9770998E-008
      3.9950   0.9571858E-008
      3.9975   0.9376662E-008
      4.0000   0.9185333E-008
      4.0025   0.8997799E-008
      4.0050   0.8813985E-008
      4.0075   0.8633821E-008
      4.0100   0.8457236E-008
      4.0125   0.8284161E-008
      4.0150   0.8114528E-008
      4.0175   0.7948272E-008
      4.0200   0.7785326E-008
      4.0225   0.7625627E-008
      4.0250   0.7469113E-008
      4.0275   0.7315721E-008
      4.0300   0.7165391E-008
      4.0325   0.7018064E-008
      4.0350   0.6873682E-008
      4.0375   0.6732187E-008
      4.0400   0.6593524E-008
      4.0425   0.6457638E-008
      4.0450   0.6324474E-008
      4.0475   0.6193980E-008
      4.0500   0.6066104E-008
      4.0525   0.5940794E-008
      4.0550   0.5818002E-008
      4.0575   0.5697677E-008
      4.0600   0.5579772E-008
      4.0625   0.5464240E-008
      4.0650   0.5351034E-008
      4.0675   0.5240108E-008
      4.0700   0.5131418E-008
      4.0725   0.5024921E-008
      4.0750   0.4920573E-008
      4.0775   0.4818333E-008
      4.0800   0.4718158E-008
      4.0825   0.4620009E-008
      4.0850   0.4523846E-008
      4.0875   0.4429630E-008
      4.0900   0.4337322E-008
      4.0925   0.4246884E-008
      4.0950   0.4158281E-008
      4.0975   0.4071476E-008
      4.1000   0.3986434E-008
      4.1025   0.3903119E-008
      4.1050   0.3821499E-008
      4.1075   0.3741538E-008
      4.1100   0.3663205E-008
      4.1125   0.3586467E-008
      4.1150   0.3511294E-008
      4.1175   0.3437652E-008
      4.1200   0.3365514E-008
      4.1225   0.3294848E-008
      4.1250   0.3225626E-008
      4.1275   0.3157818E-008
      4.1300   0.3091398E-008
      4.1325   0.3026336E-008
      4.1350   0.2962607E-008
      4.1375   0.2900183E-008
      4.1400   0.2839039E-008
      4.1425   0.2779150E-008
      4.1450   0.2720489E-008
      4.1475   0.2663034E-008
      4.1500   0.2606759E-008
      4.1525   0.2551641E-008
      4.1550   0.2497657E-008
      4.1575   0.2444784E-008
      4.1600   0.2393001E-008
      4.1625   0.2342284E-008
      4.1650   0.2292614E-008
      4.1675   0.2243969E-008
      4.1700   0.2196328E-008
      4.1725   0.2149671E-008
      4.1750   0.2103979E-008
      4.1775   0.2059232E-008
      4.1800   0.2015411E-008
      4.1825   0.1972497E-008
      4.1850   0.1930472E-008
      4.1875   0.1889319E-008
      4.1900   0.1849020E-008
      4.1925   0.1809557E-008
      4.1950   0.1770914E-008
      4.1975   0.1733073E-008
      4.2000   0.1696020E-008
      4.2025   0.1659738E-008
      4.2050   0.1624211E-008
      4.2075   0.1589424E-008
      4.2100   0.1555362E-008
      4.2125   0.1522010E-008
      4.2150   0.1489354E-008
      4.2175   0.1457380E-008
      4.2200   0.1426075E-008
      4.2225   0.1395423E-008
      4.2250   0.1365413E-008
      4.2275   0.1336031E-008
      4.2300   0.1307264E-008
      4.2325   0.1279100E-008
      4.2350   0.1251526E-008
      4.2375   0.1224530E-008
      4.2400   0.1198102E-008
      4.2425   0.1172228E-008
      4.2450   0.1146898E-008
      4.2475   0.1122101E-008
      4.2500   0.1097825E-008
      4.2525   0.1074061E-008
      4.2550   0.1050797E-008
      4.2575   0.1028023E-008
      4.2600   0.1005730E-008
      4.2625   0.9839065E-009
      4.2650   0.9625441E-009
      4.2675   0.9416330E-009
      4.2700   0.9211639E-009
      4.2725   0.9011278E-009
      4.2750   0.8815156E-009
      4.2775   0.8623186E-009
      4.2800   0.8435284E-009
      4.2825   0.8251364E-009
      4.2850   0.8071346E-009
      4.2875   0.7895148E-009
      4.2900   0.7722692E-009
      4.2925   0.7553900E-009
      4.2950   0.7388696E-009
      4.2975   0.7227006E-009
      4.3000   0.7068758E-009
      4.3025   0.6913880E-009
      4.3050   0.6762302E-009
      4.3075   0.6613956E-009
      4.3100   0.6468774E-009
      4.3125   0.6326692E-009
      4.3150   0.6187644E-009
      4.3175   0.6051567E-009
      4.3200   0.5918400E-009
      4.3225   0.5788082E-009
      4.3250   0.5660554E-009
      4.3275   0.5535757E-009
      4.3300   0.5413635E-009
      4.3325   0.5294132E-009
      4.3350   0.5177192E-009
      4.3375   0.5062763E-009
      4.3400   0.4950792E-009
      4.3425   0.4841228E-009
      4.3450   0.4734020E-009
      4.3475   0.4629119E-009
      4.3500   0.4526476E-009
      4.3525   0.4426044E-009
      4.3550   0.4327777E-009
      4.3575   0.4231630E-009
      4.3600   0.4137557E-009
      4.3625   0.4045515E-009
      4.3650   0.3955462E-009
      4.3675   0.3867355E-009
      4.3700   0.3781154E-009
      4.3725   0.3696818E-009
      4.3750   0.3614309E-009
      4.3775   0.3533587E-009
      4.3800   0.3454615E-009
      4.3825   0.3377356E-009
      4.3850   0.3301773E-009
      4.3875   0.3227832E-009
      4.3900   0.3155498E-009
      4.3925   0.3084736E-009
      4.3950   0.3015513E-009
      4.3975   0.2947796E-009
      4.4000   0.2881555E-009
      4.4025   0.2816757E-009
      4.4050   0.2753371E-009
      4.4075   0.2691368E-009
      4.4100   0.2630719E-009
      4.4125   0.2571393E-009
      4.4150   0.2513365E-009
      4.4175   0.2456605E-009
      4.4200   0.2401086E-009
      4.4225   0.2346783E-009
      4.4250   0.2293669E-009
      4.4275   0.2241719E-009
      4.4300   0.2190908E-009
      4.4325   0.2141212E-009
      4.4350   0.2092607E-009
      4.4375   0.2045069E-009
      4.4400   0.1998576E-009
      4.4425   0.1953105E-009
      4.4450   0.1908635E-009
      4.4475   0.1865143E-009
      4.4500   0.1822610E-009
      4.4525   0.1781014E-009
      4.4550   0.1740335E-009
      4.4575   0.1700553E-009
      4.4600   0.1661650E-009
      4.4625   0.1623606E-009
      4.4650   0.1586403E-009
      4.4675   0.1550022E-009
      4.4700   0.1514447E-009
      4.4725   0.1479659E-009
      4.4750   0.1445642E-009
      4.4775   0.1412378E-009
      4.4800   0.1379853E-009
      4.4825   0.1348049E-009
      4.4850   0.1316951E-009
      4.4875   0.1286544E-009
      4.4900   0.1256813E-009
      4.4925   0.1227743E-009
      4.4950   0.1199320E-009
      4.4975   0.1171530E-009
      4.5000   0.1144359E-009
      4.5025   0.1117793E-009
      4.5050   0.1091820E-009
      4.5075   0.1066427E-009
      4.5100   0.1041601E-009
      4.5125   0.1017329E-009
      4.5150   0.9936004E-010
      4.5175   0.9704022E-010
      4.5200   0.9477232E-010
      4.5225   0.9255520E-010
      4.5250   0.9038776E-010
      4.5275   0.8826892E-010
      4.5300   0.8619761E-010
      4.5325   0.8417278E-010
      4.5350   0.8219344E-010
      4.5375   0.8025857E-010
      4.5400   0.7836721E-010
      4.5425   0.7651840E-010
      4.5450   0.7471120E-010
      4.5475   0.7294472E-010
      4.5500   0.7121804E-010
      4.5525   0.6953030E-010
      4.5550   0.6788065E-010
      4.5575   0.6626823E-010
      4.5600   0.6469225E-010
      4.5625   0.6315188E-010
      4.5650   0.6164636E-010
      4.5675   0.6017491E-010
      4.5700   0.5873677E-010
      4.5725   0.5733122E-010
      4.5750   0.5595754E-010
      4.5775   0.5461501E-010
      4.5800   0.5330297E-010
      4.5825   0.5202072E-010
      4.5850   0.5076761E-010
      4.5875   0.4954299E-010
      4.5900   0.4834624E-010
      4.5925   0.4717674E-010
      4.5950   0.4603388E-010
      4.5975   0.4491707E-010
      4.6000   0.4382574E-010
      4.6025   0.4275931E-010
      4.6050   0.4171724E-010
      4.6075   0.4069899E-010
      4.6100   0.3970402E-010
      4.6125   0.3873181E-010
      4.6150   0.3778187E-010
      4.6175   0.3685368E-010
      4.6200   0.3594678E-010
      4.6225   0.3506068E-010
      4.6250   0.3419492E-010
      4.6275   0.3334905E-010
      4.6300   0.3252262E-010
      4.6325   0.3171520E-010
      4.6350   0.3092636E-010
      4.6375   0.3015569E-010
      4.6400   0.2940278E-010
      4.6425   0.2866723E-010
      4.6450   0.2794866E-010
      4.6475   0.2724669E-010
      4.6500   0.2656093E-010
      4.6525   0.2589104E-010
      4.6550   0.2523665E-010
      4.6575   0.2459742E-010
      4.6600   0.2397300E-010
      4.6625   0.2336306E-010
      4.6650   0.2276728E-010
      4.6675   0.2218534E-010
      4.6700   0.2161692E-010
      4.6725   0.2106173E-010
      4.6750   0.2051946E-010
      4.6775   0.1998983E-010
      4.6800   0.1947255E-010
      4.6825   0.1896734E-010
      4.6850   0.1847393E-010
      4.6875   0.1799205E-010
      4.6900   0.1752144E-010
      4.6925   0.1706185E-010
      4.6950   0.1661304E-010
      4.6975   0.1617475E-010
      4.7000   0.1574674E-010
      4.7025   0.1532880E-010
      4.7050   0.1492068E-010
      4.7075   0.1452217E-010
      4.7100   0.1413305E-010
      4.7125   0.1375310E-010
      4.7150   0.1338213E-010
      4.7175   0.1301992E-010
      4.7200   0.1266628E-010
      4.7225   0.1232101E-010
      4.7250   0.1198393E-010
      4.7275   0.1165485E-010
      4.7300   0.1133358E-010
      4.7325   0.1101996E-010
      4.7350   0.1071380E-010
      4.7375   0.1041495E-010
      4.7400   0.1012322E-010
      4.7425   0.9838467E-011
      4.7450   0.9560527E-011
      4.7475   0.9289247E-011
      4.7500   0.9024474E-011
      4.7525   0.8766063E-011
      4.7550   0.8513868E-011
      4.7575   0.8267749E-011
      4.7600   0.8027569E-011
      4.7625   0.7793193E-011
      4.7650   0.7564490E-011
      4.7675   0.7341331E-011
      4.7700   0.7123591E-011
      4.7725   0.6911148E-011
      4.7750   0.6703881E-011
      4.7775   0.6501675E-011
      4.7800   0.6304414E-011
      4.7825   0.6111987E-011
      4.7850   0.5924286E-011
      4.7875   0.5741203E-011
      4.7900   0.5562635E-011
      4.7925   0.5388480E-011
      4.7950   0.5218639E-011
      4.7975   0.5053016E-011
      4.8000   0.4891515E-011
      4.8025   0.4734044E-011
      4.8050   0.4580513E-011
      4.8075   0.4430835E-011
      4.8100   0.4284923E-011
      4.8125   0.4142692E-011
      4.8150   0.4004063E-011
      4.8175   0.3868953E-011
      4.8200   0.3737286E-011
      4.8225   0.3608985E-011
      4.8250   0.3483975E-011
      4.8275   0.3362186E-011
      4.8300   0.3243544E-011
      4.8325   0.3127982E-011
      4.8350   0.3015432E-011
      4.8375   0.2905829E-011
      4.8400   0.2799107E-011
      4.8425   0.2695206E-011
      4.8450   0.2594064E-011
      4.8475   0.2495621E-011
      4.8500   0.2399819E-011
      4.8525   0.2306602E-011
      4.8550   0.2215916E-011
      4.8575   0.2127706E-011
      4.8600   0.2041919E-011
      4.8625   0.1958506E-011
      4.8650   0.1877417E-011
      4.8675   0.1798602E-011
      4.8700   0.1722016E-011
      4.8725   0.1647612E-011
      4.8750   0.1575346E-011
      4.8775   0.1505175E-011
      4.8800   0.1437055E-011
      4.8825   0.1370947E-011
      4.8850   0.1306810E-011
      4.8875   0.1244605E-011
      4.8900   0.1184295E-011
      4.8925   0.1125843E-011
      4.8950   0.1069213E-011
      4.8975   0.1014372E-011
      4.9000   0.9612840E-012
      4.9025   0.9099180E-012
      4.9050   0.8602421E-012
      4.9075   0.8122255E-012
      4.9100   0.7658387E-012
      4.9125   0.7210529E-012
      4.9150   0.6778402E-012
      4.9175   0.6361736E-012
      4.9200   0.5960271E-012
      4.9225   0.5573755E-012
      4.9250   0.5201944E-012
      4.9275   0.4844604E-012
      4.9300   0.4501508E-012
      4.9325   0.4172437E-012
      4.9350   0.3857182E-012
      4.9375   0.3555540E-012
      4.9400   0.3267317E-012
      4.9425   0.2992325E-012
      4.9450   0.2730387E-012
      4.9475   0.2481330E-012
      4.9500   0.2244991E-012
      4.9525   0.2021214E-012
      4.9550   0.1809849E-012
      4.9575   0.1610754E-012
      4.9600   0.1423795E-012
      4.9625   0.1248844E-012
      4.9650   0.1085781E-012
      4.9675   0.9344916E-013
      4.9700   0.7948705E-013
      4.9725   0.6668175E-013
      4.9750   0.5502397E-013
      4.9775   0.4450512E-013
      4.9800   0.3511727E-013
      4.9825   0.2685317E-013
      4.9850   0.1970624E-013
      4.9875   0.1367055E-013
      4.9900   0.8740857E-014
      4.9925   0.4912558E-014
      4.9950   0.2181723E-014
      4.9975   0.5450766E-015
      5.0000   0.0000000E+000
