    -15.0000     0.00000E+000
    -14.9900     0.58661E-022
    -14.9800     0.23432E-021
    -14.9700     0.52687E-021
    -14.9600     0.93893E-021
    -14.9500     0.14686E-020
    -14.9400     0.21150E-020
    -14.9300     0.28846E-020
    -14.9200     0.37724E-020
    -14.9100     0.47813E-020
    -14.9000     0.59092E-020
    -14.8900     0.71550E-020
    -14.8800     0.85337E-020
    -14.8700     0.10035E-019
    -14.8600     0.11664E-019
    -14.8500     0.13420E-019
    -14.8400     0.15308E-019
    -14.8300     0.17332E-019
    -14.8200     0.19486E-019
    -14.8100     0.21793E-019
    -14.8000     0.24248E-019
    -14.7900     0.26837E-019
    -14.7800     0.29577E-019
    -14.7700     0.32486E-019
    -14.7600     0.35561E-019
    -14.7500     0.38801E-019
    -14.7400     0.42216E-019
    -14.7300     0.45816E-019
    -14.7200     0.49603E-019
    -14.7100     0.53567E-019
    -14.7000     0.57751E-019
    -14.6900     0.62138E-019
    -14.6800     0.66728E-019
    -14.6700     0.71551E-019
    -14.6600     0.76593E-019
    -14.6500     0.81854E-019
    -14.6400     0.87341E-019
    -14.6300     0.93042E-019
    -14.6200     0.98982E-019
    -14.6100     0.10519E-018
    -14.6000     0.11162E-018
    -14.5900     0.11825E-018
    -14.5800     0.12510E-018
    -14.5700     0.13218E-018
    -14.5600     0.13946E-018
    -14.5500     0.14693E-018
    -14.5400     0.15459E-018
    -14.5300     0.16240E-018
    -14.5200     0.17038E-018
    -14.5100     0.17852E-018
    -14.5000     0.18673E-018
    -14.4900     0.19502E-018
    -14.4800     0.20341E-018
    -14.4700     0.21181E-018
    -14.4600     0.22024E-018
    -14.4500     0.22864E-018
    -14.4400     0.23694E-018
    -14.4300     0.24520E-018
    -14.4200     0.25331E-018
    -14.4100     0.26125E-018
    -14.4000     0.26901E-018
    -14.3900     0.27657E-018
    -14.3800     0.28383E-018
    -14.3700     0.29076E-018
    -14.3600     0.29734E-018
    -14.3500     0.30354E-018
    -14.3400     0.30934E-018
    -14.3300     0.31466E-018
    -14.3200     0.31952E-018
    -14.3100     0.32381E-018
    -14.3000     0.32757E-018
    -14.2900     0.33076E-018
    -14.2800     0.33334E-018
    -14.2700     0.33530E-018
    -14.2600     0.33659E-018
    -14.2500     0.33726E-018
    -14.2400     0.33726E-018
    -14.2300     0.33662E-018
    -14.2200     0.33528E-018
    -14.2100     0.33326E-018
    -14.2000     0.33058E-018
    -14.1900     0.32726E-018
    -14.1800     0.32335E-018
    -14.1700     0.31883E-018
    -14.1600     0.31378E-018
    -14.1500     0.30819E-018
    -14.1400     0.30214E-018
    -14.1300     0.29568E-018
    -14.1200     0.28888E-018
    -14.1100     0.28180E-018
    -14.1000     0.27450E-018
    -14.0900     0.26709E-018
    -14.0800     0.25965E-018
    -14.0700     0.25223E-018
    -14.0600     0.24499E-018
    -14.0500     0.23802E-018
    -14.0400     0.23139E-018
    -14.0300     0.22529E-018
    -14.0200     0.21979E-018
    -14.0100     0.21506E-018
    -14.0000     0.21122E-018
    -13.9900     0.20837E-018
    -13.9800     0.20667E-018
    -13.9700     0.20627E-018
    -13.9600     0.20729E-018
    -13.9500     0.20989E-018
    -13.9400     0.21419E-018
    -13.9300     0.22031E-018
    -13.9200     0.22837E-018
    -13.9100     0.23857E-018
    -13.9000     0.25100E-018
    -13.8900     0.26572E-018
    -13.8800     0.28290E-018
    -13.8700     0.30259E-018
    -13.8600     0.32497E-018
    -13.8500     0.35000E-018
    -13.8400     0.37785E-018
    -13.8300     0.40850E-018
    -13.8200     0.44191E-018
    -13.8100     0.47827E-018
    -13.8000     0.51751E-018
    -13.7900     0.55954E-018
    -13.7800     0.60441E-018
    -13.7700     0.65207E-018
    -13.7600     0.70231E-018
    -13.7500     0.75521E-018
    -13.7400     0.81047E-018
    -13.7300     0.86813E-018
    -13.7200     0.92788E-018
    -13.7100     0.98947E-018
    -13.7000     0.10529E-017
    -13.6900     0.11177E-017
    -13.6800     0.11837E-017
    -13.6700     0.12506E-017
    -13.6600     0.13183E-017
    -13.6500     0.13861E-017
    -13.6400     0.14538E-017
    -13.6300     0.15212E-017
    -13.6200     0.15877E-017
    -13.6100     0.16530E-017
    -13.6000     0.17167E-017
    -13.5900     0.17783E-017
    -13.5800     0.18375E-017
    -13.5700     0.18940E-017
    -13.5600     0.19472E-017
    -13.5500     0.19966E-017
    -13.5400     0.20420E-017
    -13.5300     0.20830E-017
    -13.5200     0.21191E-017
    -13.5100     0.21503E-017
    -13.5000     0.21760E-017
    -13.4900     0.21961E-017
    -13.4800     0.22103E-017
    -13.4700     0.22184E-017
    -13.4600     0.22204E-017
    -13.4500     0.22161E-017
    -13.4400     0.22058E-017
    -13.4300     0.21894E-017
    -13.4200     0.21671E-017
    -13.4100     0.21392E-017
    -13.4000     0.21058E-017
    -13.3900     0.20675E-017
    -13.3800     0.20249E-017
    -13.3700     0.19786E-017
    -13.3600     0.19291E-017
    -13.3500     0.18775E-017
    -13.3400     0.18242E-017
    -13.3300     0.17705E-017
    -13.3200     0.17175E-017
    -13.3100     0.16664E-017
    -13.3000     0.16183E-017
    -13.2900     0.15743E-017
    -13.2800     0.15361E-017
    -13.2700     0.15051E-017
    -13.2600     0.14826E-017
    -13.2500     0.14702E-017
    -13.2400     0.14695E-017
    -13.2300     0.14820E-017
    -13.2200     0.15090E-017
    -13.2100     0.15523E-017
    -13.2000     0.16132E-017
    -13.1900     0.16932E-017
    -13.1800     0.17938E-017
    -13.1700     0.19159E-017
    -13.1600     0.20609E-017
    -13.1500     0.22298E-017
    -13.1400     0.24234E-017
    -13.1300     0.26425E-017
    -13.1200     0.28875E-017
    -13.1100     0.31589E-017
    -13.1000     0.34568E-017
    -13.0900     0.37812E-017
    -13.0800     0.41315E-017
    -13.0700     0.45073E-017
    -13.0600     0.49080E-017
    -13.0500     0.53322E-017
    -13.0400     0.57789E-017
    -13.0300     0.62463E-017
    -13.0200     0.67323E-017
    -13.0100     0.72352E-017
    -13.0000     0.77524E-017
    -12.9900     0.82813E-017
    -12.9800     0.88190E-017
    -12.9700     0.93624E-017
    -12.9600     0.99085E-017
    -12.9500     0.10454E-016
    -12.9400     0.10994E-016
    -12.9300     0.11526E-016
    -12.9200     0.12047E-016
    -12.9100     0.12551E-016
    -12.9000     0.13035E-016
    -12.8900     0.13495E-016
    -12.8800     0.13929E-016
    -12.8700     0.14330E-016
    -12.8600     0.14696E-016
    -12.8500     0.15024E-016
    -12.8400     0.15310E-016
    -12.8300     0.15551E-016
    -12.8200     0.15745E-016
    -12.8100     0.15889E-016
    -12.8000     0.15981E-016
    -12.7900     0.16021E-016
    -12.7800     0.16007E-016
    -12.7700     0.15938E-016
    -12.7600     0.15815E-016
    -12.7500     0.15639E-016
    -12.7400     0.15410E-016
    -12.7300     0.15132E-016
    -12.7200     0.14807E-016
    -12.7100     0.14437E-016
    -12.7000     0.14028E-016
    -12.6900     0.13584E-016
    -12.6800     0.13111E-016
    -12.6700     0.12615E-016
    -12.6600     0.12104E-016
    -12.6500     0.11583E-016
    -12.6400     0.11063E-016
    -12.6300     0.10552E-016
    -12.6200     0.10059E-016
    -12.6100     0.95949E-017
    -12.6000     0.91694E-017
    -12.5900     0.87936E-017
    -12.5800     0.84786E-017
    -12.5700     0.82360E-017
    -12.5600     0.80768E-017
    -12.5500     0.80131E-017
    -12.5400     0.80558E-017
    -12.5300     0.82166E-017
    -12.5200     0.85063E-017
    -12.5100     0.89350E-017
    -12.5000     0.95133E-017
    -12.4900     0.10250E-016
    -12.4800     0.11154E-016
    -12.4700     0.12233E-016
    -12.4600     0.13493E-016
    -12.4500     0.14940E-016
    -12.4400     0.16577E-016
    -12.4300     0.18407E-016
    -12.4200     0.20430E-016
    -12.4100     0.22647E-016
    -12.4000     0.25054E-016
    -12.3900     0.27648E-016
    -12.3800     0.30422E-016
    -12.3700     0.33367E-016
    -12.3600     0.36474E-016
    -12.3500     0.39731E-016
    -12.3400     0.43121E-016
    -12.3300     0.46631E-016
    -12.3200     0.50241E-016
    -12.3100     0.53930E-016
    -12.3000     0.57678E-016
    -12.2900     0.61459E-016
    -12.2800     0.65248E-016
    -12.2700     0.69019E-016
    -12.2600     0.72743E-016
    -12.2500     0.76391E-016
    -12.2400     0.79934E-016
    -12.2300     0.83340E-016
    -12.2200     0.86580E-016
    -12.2100     0.89623E-016
    -12.2000     0.92439E-016
    -12.1900     0.94999E-016
    -12.1800     0.97274E-016
    -12.1700     0.99238E-016
    -12.1600     0.10087E-015
    -12.1500     0.10214E-015
    -12.1400     0.10303E-015
    -12.1300     0.10353E-015
    -12.1200     0.10363E-015
    -12.1100     0.10330E-015
    -12.1000     0.10256E-015
    -12.0900     0.10140E-015
    -12.0800     0.99814E-016
    -12.0700     0.97826E-016
    -12.0600     0.95446E-016
    -12.0500     0.92693E-016
    -12.0400     0.89595E-016
    -12.0300     0.86182E-016
    -12.0200     0.82492E-016
    -12.0100     0.78569E-016
    -12.0000     0.74462E-016
    -11.9900     0.70224E-016
    -11.9800     0.65914E-016
    -11.9700     0.61598E-016
    -11.9600     0.57345E-016
    -11.9500     0.53228E-016
    -11.9400     0.49323E-016
    -11.9300     0.45711E-016
    -11.9200     0.42474E-016
    -11.9100     0.39696E-016
    -11.9000     0.37462E-016
    -11.8900     0.35859E-016
    -11.8800     0.34969E-016
    -11.8700     0.34876E-016
    -11.8600     0.35660E-016
    -11.8500     0.37400E-016
    -11.8400     0.40167E-016
    -11.8300     0.44028E-016
    -11.8200     0.49045E-016
    -11.8100     0.55271E-016
    -11.8000     0.62750E-016
    -11.7900     0.71519E-016
    -11.7800     0.81605E-016
    -11.7700     0.93021E-016
    -11.7600     0.10577E-015
    -11.7500     0.11985E-015
    -11.7400     0.13523E-015
    -11.7300     0.15188E-015
    -11.7200     0.16975E-015
    -11.7100     0.18877E-015
    -11.7000     0.20888E-015
    -11.6900     0.22998E-015
    -11.6800     0.25197E-015
    -11.6700     0.27473E-015
    -11.6600     0.29812E-015
    -11.6500     0.32202E-015
    -11.6400     0.34625E-015
    -11.6300     0.37066E-015
    -11.6200     0.39508E-015
    -11.6100     0.41932E-015
    -11.6000     0.44319E-015
    -11.5900     0.46650E-015
    -11.5800     0.48904E-015
    -11.5700     0.51063E-015
    -11.5600     0.53106E-015
    -11.5500     0.55014E-015
    -11.5400     0.56766E-015
    -11.5300     0.58345E-015
    -11.5200     0.59734E-015
    -11.5100     0.60914E-015
    -11.5000     0.61872E-015
    -11.4900     0.62594E-015
    -11.4800     0.63067E-015
    -11.4700     0.63282E-015
    -11.4600     0.63232E-015
    -11.4500     0.62911E-015
    -11.4400     0.62317E-015
    -11.4300     0.61450E-015
    -11.4200     0.60314E-015
    -11.4100     0.58915E-015
    -11.4000     0.57262E-015
    -11.3900     0.55369E-015
    -11.3800     0.53252E-015
    -11.3700     0.50930E-015
    -11.3600     0.48428E-015
    -11.3500     0.45771E-015
    -11.3400     0.42990E-015
    -11.3300     0.40117E-015
    -11.3200     0.37189E-015
    -11.3100     0.34245E-015
    -11.3000     0.31328E-015
    -11.2900     0.28481E-015
    -11.2800     0.25751E-015
    -11.2700     0.23187E-015
    -11.2600     0.20839E-015
    -11.2500     0.18759E-015
    -11.2400     0.16997E-015
    -11.2300     0.15607E-015
    -11.2200     0.14640E-015
    -11.2100     0.14148E-015
    -11.2000     0.14181E-015
    -11.1900     0.14787E-015
    -11.1800     0.16013E-015
    -11.1700     0.17901E-015
    -11.1600     0.20492E-015
    -11.1500     0.23820E-015
    -11.1400     0.27916E-015
    -11.1300     0.32808E-015
    -11.1200     0.38513E-015
    -11.1100     0.45047E-015
    -11.1000     0.52417E-015
    -11.0900     0.60623E-015
    -11.0800     0.69656E-015
    -11.0700     0.79502E-015
    -11.0600     0.90137E-015
    -11.0500     0.10153E-014
    -11.0400     0.11364E-014
    -11.0300     0.12641E-014
    -11.0200     0.13980E-014
    -11.0100     0.15372E-014
    -11.0000     0.16811E-014
    -10.9900     0.18289E-014
    -10.9800     0.19796E-014
    -10.9700     0.21322E-014
    -10.9600     0.22857E-014
    -10.9500     0.24390E-014
    -10.9400     0.25909E-014
    -10.9300     0.27402E-014
    -10.9200     0.28856E-014
    -10.9100     0.30259E-014
    -10.9000     0.31598E-014
    -10.8900     0.32859E-014
    -10.8800     0.34031E-014
    -10.8700     0.35100E-014
    -10.8600     0.36055E-014
    -10.8500     0.36883E-014
    -10.8400     0.37574E-014
    -10.8300     0.38119E-014
    -10.8200     0.38507E-014
    -10.8100     0.38731E-014
    -10.8000     0.38784E-014
    -10.7900     0.38662E-014
    -10.7800     0.38360E-014
    -10.7700     0.37877E-014
    -10.7600     0.37213E-014
    -10.7500     0.36371E-014
    -10.7400     0.35353E-014
    -10.7300     0.34167E-014
    -10.7200     0.32820E-014
    -10.7100     0.31324E-014
    -10.7000     0.29692E-014
    -10.6900     0.27939E-014
    -10.6800     0.26083E-014
    -10.6700     0.24144E-014
    -10.6600     0.22144E-014
    -10.6500     0.20107E-014
    -10.6400     0.18060E-014
    -10.6300     0.16032E-014
    -10.6200     0.14051E-014
    -10.6100     0.12151E-014
    -10.6000     0.10363E-014
    -10.5900     0.87213E-015
    -10.5800     0.72609E-015
    -10.5700     0.60168E-015
    -10.5600     0.50244E-015
    -10.5500     0.43189E-015
    -10.5400     0.39349E-015
    -10.5300     0.39062E-015
    -10.5200     0.42653E-015
    -10.5100     0.50431E-015
    -10.5000     0.62683E-015
    -10.4900     0.79673E-015
    -10.4800     0.10163E-014
    -10.4700     0.12877E-014
    -10.4600     0.16124E-014
    -10.4500     0.19918E-014
    -10.4400     0.24267E-014
    -10.4300     0.29173E-014
    -10.4200     0.34636E-014
    -10.4100     0.40648E-014
    -10.4000     0.47199E-014
    -10.3900     0.54268E-014
    -10.3800     0.61834E-014
    -10.3700     0.69865E-014
    -10.3600     0.78328E-014
    -10.3500     0.87180E-014
    -10.3400     0.96374E-014
    -10.3300     0.10586E-013
    -10.3200     0.11557E-013
    -10.3100     0.12546E-013
    -10.3000     0.13544E-013
    -10.2900     0.14545E-013
    -10.2800     0.15541E-013
    -10.2700     0.16524E-013
    -10.2600     0.17486E-013
    -10.2500     0.18418E-013
    -10.2400     0.19313E-013
    -10.2300     0.20160E-013
    -10.2200     0.20953E-013
    -10.2100     0.21681E-013
    -10.2000     0.22337E-013
    -10.1900     0.22914E-013
    -10.1800     0.23403E-013
    -10.1700     0.23798E-013
    -10.1600     0.24092E-013
    -10.1500     0.24279E-013
    -10.1400     0.24355E-013
    -10.1300     0.24317E-013
    -10.1200     0.24160E-013
    -10.1100     0.23883E-013
    -10.1000     0.23486E-013
    -10.0900     0.22969E-013
    -10.0800     0.22334E-013
    -10.0700     0.21584E-013
    -10.0600     0.20725E-013
    -10.0500     0.19762E-013
    -10.0400     0.18704E-013
    -10.0300     0.17559E-013
    -10.0200     0.16338E-013
    -10.0100     0.15054E-013
    -10.0000     0.13720E-013
     -9.9900     0.12352E-013
     -9.9800     0.10966E-013
     -9.9700     0.95801E-014
     -9.9600     0.82129E-014
     -9.9500     0.68847E-014
     -9.9400     0.56166E-014
     -9.9300     0.44303E-014
     -9.9200     0.33484E-014
     -9.9100     0.23936E-014
     -9.9000     0.15892E-014
     -9.8900     0.95830E-015
     -9.8800     0.52404E-015
     -9.8700     0.30904E-015
     -9.8600     0.33527E-015
     -9.8500     0.62387E-015
     -9.8400     0.11948E-014
     -9.8300     0.20667E-014
     -9.8200     0.32563E-014
     -9.8100     0.47789E-014
     -9.8000     0.66471E-014
     -9.7900     0.88714E-014
     -9.7800     0.11460E-013
     -9.7700     0.14417E-013
     -9.7600     0.17744E-013
     -9.7500     0.21441E-013
     -9.7400     0.25502E-013
     -9.7300     0.29918E-013
     -9.7200     0.34678E-013
     -9.7100     0.39766E-013
     -9.7000     0.45161E-013
     -9.6900     0.50840E-013
     -9.6800     0.56775E-013
     -9.6700     0.62935E-013
     -9.6600     0.69285E-013
     -9.6500     0.75785E-013
     -9.6400     0.82394E-013
     -9.6300     0.89067E-013
     -9.6200     0.95754E-013
     -9.6100     0.10241E-012
     -9.6000     0.10897E-012
     -9.5900     0.11539E-012
     -9.5800     0.12161E-012
     -9.5700     0.12758E-012
     -9.5600     0.13323E-012
     -9.5500     0.13851E-012
     -9.5400     0.14337E-012
     -9.5300     0.14775E-012
     -9.5200     0.15159E-012
     -9.5100     0.15484E-012
     -9.5000     0.15747E-012
     -9.4900     0.15943E-012
     -9.4800     0.16068E-012
     -9.4700     0.16118E-012
     -9.4600     0.16092E-012
     -9.4500     0.15987E-012
     -9.4400     0.15802E-012
     -9.4300     0.15538E-012
     -9.4200     0.15193E-012
     -9.4100     0.14770E-012
     -9.4000     0.14272E-012
     -9.3900     0.13700E-012
     -9.3800     0.13060E-012
     -9.3700     0.12357E-012
     -9.3600     0.11597E-012
     -9.3500     0.10787E-012
     -9.3400     0.99370E-013
     -9.3300     0.90547E-013
     -9.3200     0.81511E-013
     -9.3100     0.72373E-013
     -9.3000     0.63257E-013
     -9.2900     0.54290E-013
     -9.2800     0.45610E-013
     -9.2700     0.37360E-013
     -9.2600     0.29691E-013
     -9.2500     0.22754E-013
     -9.2400     0.16706E-013
     -9.2300     0.11707E-013
     -9.2200     0.79149E-014
     -9.2100     0.54880E-014
     -9.2000     0.45821E-014
     -9.1900     0.53487E-014
     -9.1800     0.79336E-014
     -9.1700     0.12475E-013
     -9.1600     0.19103E-013
     -9.1500     0.27935E-013
     -9.1400     0.39076E-013
     -9.1300     0.52619E-013
     -9.1200     0.68639E-013
     -9.1100     0.87193E-013
     -9.1000     0.10832E-012
     -9.0900     0.13204E-012
     -9.0800     0.15834E-012
     -9.0700     0.18721E-012
     -9.0600     0.21859E-012
     -9.0500     0.25240E-012
     -9.0400     0.28854E-012
     -9.0300     0.32689E-012
     -9.0200     0.36730E-012
     -9.0100     0.40958E-012
     -9.0000     0.45353E-012
     -8.9900     0.49892E-012
     -8.9800     0.54550E-012
     -8.9700     0.59298E-012
     -8.9600     0.64108E-012
     -8.9500     0.68947E-012
     -8.9400     0.73781E-012
     -8.9300     0.78575E-012
     -8.9200     0.83293E-012
     -8.9100     0.87897E-012
     -8.9000     0.92349E-012
     -8.8900     0.96611E-012
     -8.8800     0.10064E-011
     -8.8700     0.10441E-011
     -8.8600     0.10787E-011
     -8.8500     0.11099E-011
     -8.8400     0.11374E-011
     -8.8300     0.11607E-011
     -8.8200     0.11798E-011
     -8.8100     0.11942E-011
     -8.8000     0.12037E-011
     -8.7900     0.12082E-011
     -8.7800     0.12075E-011
     -8.7700     0.12016E-011
     -8.7600     0.11903E-011
     -8.7500     0.11737E-011
     -8.7400     0.11519E-011
     -8.7300     0.11250E-011
     -8.7200     0.10933E-011
     -8.7100     0.10569E-011
     -8.7000     0.10162E-011
     -8.6900     0.97173E-012
     -8.6800     0.92389E-012
     -8.6700     0.87325E-012
     -8.6600     0.82045E-012
     -8.6500     0.76620E-012
     -8.6400     0.71128E-012
     -8.6300     0.65651E-012
     -8.6200     0.60280E-012
     -8.6100     0.55112E-012
     -8.6000     0.50246E-012
     -8.5900     0.45789E-012
     -8.5800     0.41850E-012
     -8.5700     0.38543E-012
     -8.5600     0.35983E-012
     -8.5500     0.34286E-012
     -8.5400     0.33570E-012
     -8.5300     0.33951E-012
     -8.5200     0.35546E-012
     -8.5100     0.38467E-012
     -8.5000     0.42823E-012
     -8.4900     0.48718E-012
     -8.4800     0.56249E-012
     -8.4700     0.65508E-012
     -8.4600     0.76576E-012
     -8.4500     0.89526E-012
     -8.4400     0.10442E-011
     -8.4300     0.12130E-011
     -8.4200     0.14021E-011
     -8.4100     0.16118E-011
     -8.4000     0.18420E-011
     -8.3900     0.20926E-011
     -8.3800     0.23635E-011
     -8.3700     0.26542E-011
     -8.3600     0.29641E-011
     -8.3500     0.32924E-011
     -8.3400     0.36381E-011
     -8.3300     0.40002E-011
     -8.3200     0.43771E-011
     -8.3100     0.47676E-011
     -8.3000     0.51698E-011
     -8.2900     0.55819E-011
     -8.2800     0.60019E-011
     -8.2700     0.64277E-011
     -8.2600     0.68570E-011
     -8.2500     0.72874E-011
     -8.2400     0.77164E-011
     -8.2300     0.81415E-011
     -8.2200     0.85600E-011
     -8.2100     0.89693E-011
     -8.2000     0.93667E-011
     -8.1900     0.97496E-011
     -8.1800     0.10115E-010
     -8.1700     0.10462E-010
     -8.1600     0.10786E-010
     -8.1500     0.11086E-010
     -8.1400     0.11360E-010
     -8.1300     0.11606E-010
     -8.1200     0.11822E-010
     -8.1100     0.12007E-010
     -8.1000     0.12160E-010
     -8.0900     0.12281E-010
     -8.0800     0.12368E-010
     -8.0700     0.12423E-010
     -8.0600     0.12446E-010
     -8.0500     0.12438E-010
     -8.0400     0.12401E-010
     -8.0300     0.12337E-010
     -8.0200     0.12247E-010
     -8.0100     0.12137E-010
     -8.0000     0.12009E-010
     -7.9900     0.11868E-010
     -7.9800     0.11719E-010
     -7.9700     0.11567E-010
     -7.9600     0.11419E-010
     -7.9500     0.11281E-010
     -7.9400     0.11161E-010
     -7.9300     0.11067E-010
     -7.9200     0.11006E-010
     -7.9100     0.10988E-010
     -7.9000     0.11022E-010
     -7.8900     0.11117E-010
     -7.8800     0.11285E-010
     -7.8700     0.11534E-010
     -7.8600     0.11877E-010
     -7.8500     0.12323E-010
     -7.8400     0.12883E-010
     -7.8300     0.13570E-010
     -7.8200     0.14392E-010
     -7.8100     0.15363E-010
     -7.8000     0.16491E-010
     -7.7900     0.17788E-010
     -7.7800     0.19264E-010
     -7.7700     0.20928E-010
     -7.7600     0.22789E-010
     -7.7500     0.24857E-010
     -7.7400     0.27138E-010
     -7.7300     0.29640E-010
     -7.7200     0.32369E-010
     -7.7100     0.35330E-010
     -7.7000     0.38528E-010
     -7.6900     0.41966E-010
     -7.6800     0.45646E-010
     -7.6700     0.49568E-010
     -7.6600     0.53733E-010
     -7.6500     0.58139E-010
     -7.6400     0.62783E-010
     -7.6300     0.67662E-010
     -7.6200     0.72769E-010
     -7.6100     0.78099E-010
     -7.6000     0.83644E-010
     -7.5900     0.89394E-010
     -7.5800     0.95340E-010
     -7.5700     0.10147E-009
     -7.5600     0.10777E-009
     -7.5500     0.11424E-009
     -7.5400     0.12085E-009
     -7.5300     0.12759E-009
     -7.5200     0.13445E-009
     -7.5100     0.14141E-009
     -7.5000     0.14846E-009
     -7.4900     0.15559E-009
     -7.4800     0.16277E-009
     -7.4700     0.17000E-009
     -7.4600     0.17726E-009
     -7.4500     0.18454E-009
     -7.4400     0.19183E-009
     -7.4300     0.19912E-009
     -7.4200     0.20641E-009
     -7.4100     0.21368E-009
     -7.4000     0.22094E-009
     -7.3900     0.22818E-009
     -7.3800     0.23542E-009
     -7.3700     0.24265E-009
     -7.3600     0.24989E-009
     -7.3500     0.25715E-009
     -7.3400     0.26444E-009
     -7.3300     0.27180E-009
     -7.3200     0.27924E-009
     -7.3100     0.28681E-009
     -7.3000     0.29454E-009
     -7.2900     0.30246E-009
     -7.2800     0.31063E-009
     -7.2700     0.31911E-009
     -7.2600     0.32795E-009
     -7.2500     0.33721E-009
     -7.2400     0.34697E-009
     -7.2300     0.35730E-009
     -7.2200     0.36830E-009
     -7.2100     0.38004E-009
     -7.2000     0.39261E-009
     -7.1900     0.40613E-009
     -7.1800     0.42070E-009
     -7.1700     0.43642E-009
     -7.1600     0.45341E-009
     -7.1500     0.47179E-009
     -7.1400     0.49170E-009
     -7.1300     0.51324E-009
     -7.1200     0.53657E-009
     -7.1100     0.56182E-009
     -7.1000     0.58912E-009
     -7.0900     0.61861E-009
     -7.0800     0.65044E-009
     -7.0700     0.68476E-009
     -7.0600     0.72171E-009
     -7.0500     0.76142E-009
     -7.0400     0.80406E-009
     -7.0300     0.84976E-009
     -7.0200     0.89866E-009
     -7.0100     0.95090E-009
     -7.0000     0.10066E-008
     -6.9900     0.10660E-008
     -6.9800     0.11290E-008
     -6.9700     0.11960E-008
     -6.9600     0.12669E-008
     -6.9500     0.13419E-008
     -6.9400     0.14211E-008
     -6.9300     0.15046E-008
     -6.9200     0.15925E-008
     -6.9100     0.16849E-008
     -6.9000     0.17819E-008
     -6.8900     0.18834E-008
     -6.8800     0.19897E-008
     -6.8700     0.21006E-008
     -6.8600     0.22163E-008
     -6.8500     0.23369E-008
     -6.8400     0.24622E-008
     -6.8300     0.25925E-008
     -6.8200     0.27275E-008
     -6.8100     0.28674E-008
     -6.8000     0.30122E-008
     -6.7900     0.31618E-008
     -6.7800     0.33163E-008
     -6.7700     0.34755E-008
     -6.7600     0.36395E-008
     -6.7500     0.38082E-008
     -6.7400     0.39817E-008
     -6.7300     0.41598E-008
     -6.7200     0.43425E-008
     -6.7100     0.45299E-008
     -6.7000     0.47218E-008
     -6.6900     0.49184E-008
     -6.6800     0.51194E-008
     -6.6700     0.53250E-008
     -6.6600     0.55351E-008
     -6.6500     0.57497E-008
     -6.6400     0.59689E-008
     -6.6300     0.61928E-008
     -6.6200     0.64212E-008
     -6.6100     0.66544E-008
     -6.6000     0.68924E-008
     -6.5900     0.71353E-008
     -6.5800     0.73833E-008
     -6.5700     0.76365E-008
     -6.5600     0.78951E-008
     -6.5500     0.81593E-008
     -6.5400     0.84293E-008
     -6.5300     0.87055E-008
     -6.5200     0.89881E-008
     -6.5100     0.92773E-008
     -6.5000     0.95737E-008
     -6.4900     0.98775E-008
     -6.4800     0.10189E-007
     -6.4700     0.10509E-007
     -6.4600     0.10838E-007
     -6.4500     0.11176E-007
     -6.4400     0.11525E-007
     -6.4300     0.11883E-007
     -6.4200     0.12253E-007
     -6.4100     0.12634E-007
     -6.4000     0.13028E-007
     -6.3900     0.13434E-007
     -6.3800     0.13854E-007
     -6.3700     0.14289E-007
     -6.3600     0.14738E-007
     -6.3500     0.15203E-007
     -6.3400     0.15685E-007
     -6.3300     0.16184E-007
     -6.3200     0.16700E-007
     -6.3100     0.17236E-007
     -6.3000     0.17790E-007
     -6.2900     0.18364E-007
     -6.2800     0.18959E-007
     -6.2700     0.19574E-007
     -6.2600     0.20211E-007
     -6.2500     0.20870E-007
     -6.2400     0.21551E-007
     -6.2300     0.22255E-007
     -6.2200     0.22982E-007
     -6.2100     0.23732E-007
     -6.2000     0.24505E-007
     -6.1900     0.25302E-007
     -6.1800     0.26121E-007
     -6.1700     0.26963E-007
     -6.1600     0.27827E-007
     -6.1500     0.28712E-007
     -6.1400     0.29619E-007
     -6.1300     0.30546E-007
     -6.1200     0.31492E-007
     -6.1100     0.32455E-007
     -6.1000     0.33435E-007
     -6.0900     0.34430E-007
     -6.0800     0.35438E-007
     -6.0700     0.36457E-007
     -6.0600     0.37484E-007
     -6.0500     0.38518E-007
     -6.0400     0.39556E-007
     -6.0300     0.40594E-007
     -6.0200     0.41629E-007
     -6.0100     0.42659E-007
     -6.0000     0.43680E-007
     -5.9900     0.44687E-007
     -5.9800     0.45676E-007
     -5.9700     0.46644E-007
     -5.9600     0.47585E-007
     -5.9500     0.48496E-007
     -5.9400     0.49370E-007
     -5.9300     0.50203E-007
     -5.9200     0.50989E-007
     -5.9100     0.51723E-007
     -5.9000     0.52398E-007
     -5.8900     0.53010E-007
     -5.8800     0.53552E-007
     -5.8700     0.54018E-007
     -5.8600     0.54402E-007
     -5.8500     0.54697E-007
     -5.8400     0.54899E-007
     -5.8300     0.54999E-007
     -5.8200     0.54994E-007
     -5.8100     0.54875E-007
     -5.8000     0.54640E-007
     -5.7900     0.54280E-007
     -5.7800     0.53793E-007
     -5.7700     0.53173E-007
     -5.7600     0.52417E-007
     -5.7500     0.51520E-007
     -5.7400     0.50481E-007
     -5.7300     0.49297E-007
     -5.7200     0.47967E-007
     -5.7100     0.46492E-007
     -5.7000     0.44872E-007
     -5.6900     0.43112E-007
     -5.6800     0.41214E-007
     -5.6700     0.39186E-007
     -5.6600     0.37034E-007
     -5.6500     0.34770E-007
     -5.6400     0.32405E-007
     -5.6300     0.29955E-007
     -5.6200     0.27439E-007
     -5.6100     0.24878E-007
     -5.6000     0.22296E-007
     -5.5900     0.19724E-007
     -5.5800     0.17195E-007
     -5.5700     0.14747E-007
     -5.5600     0.12424E-007
     -5.5500     0.10277E-007
     -5.5400     0.83598E-008
     -5.5300     0.67375E-008
     -5.5200     0.54805E-008
     -5.5100     0.46685E-008
     -5.5000     0.43901E-008
     -5.4900     0.47445E-008
     -5.4800     0.58416E-008
     -5.4700     0.78038E-008
     -5.4600     0.10766E-007
     -5.4500     0.14880E-007
     -5.4400     0.20309E-007
     -5.4300     0.27237E-007
     -5.4200     0.35866E-007
     -5.4100     0.46417E-007
     -5.4000     0.59135E-007
     -5.3900     0.74287E-007
     -5.3800     0.92169E-007
     -5.3700     0.11310E-006
     -5.3600     0.13744E-006
     -5.3500     0.16557E-006
     -5.3400     0.19791E-006
     -5.3300     0.23493E-006
     -5.3200     0.27714E-006
     -5.3100     0.32507E-006
     -5.3000     0.37933E-006
     -5.2900     0.44058E-006
     -5.2800     0.50953E-006
     -5.2700     0.58694E-006
     -5.2600     0.67367E-006
     -5.2500     0.77061E-006
     -5.2400     0.87877E-006
     -5.2300     0.99922E-006
     -5.2200     0.11331E-005
     -5.2100     0.12817E-005
     -5.2000     0.14464E-005
     -5.1900     0.16286E-005
     -5.1800     0.18300E-005
     -5.1700     0.20522E-005
     -5.1600     0.22972E-005
     -5.1500     0.25668E-005
     -5.1400     0.28634E-005
     -5.1300     0.31891E-005
     -5.1200     0.35466E-005
     -5.1100     0.39384E-005
     -5.1000     0.43676E-005
     -5.0900     0.48371E-005
     -5.0800     0.53503E-005
     -5.0700     0.59108E-005
     -5.0600     0.65224E-005
     -5.0500     0.71892E-005
     -5.0400     0.79155E-005
     -5.0300     0.87062E-005
     -5.0200     0.95662E-005
     -5.0100     0.10501E-004
     -5.0000     0.11516E-004
     -4.9900     0.12617E-004
     -4.9800     0.13811E-004
     -4.9700     0.15106E-004
     -4.9600     0.16507E-004
     -4.9500     0.18024E-004
     -4.9400     0.19664E-004
     -4.9300     0.21436E-004
     -4.9200     0.23350E-004
     -4.9100     0.25415E-004
     -4.9000     0.27643E-004
     -4.8900     0.30044E-004
     -4.8800     0.32630E-004
     -4.8700     0.35415E-004
     -4.8600     0.38410E-004
     -4.8500     0.41631E-004
     -4.8400     0.45091E-004
     -4.8300     0.48808E-004
     -4.8200     0.52796E-004
     -4.8100     0.57075E-004
     -4.8000     0.61661E-004
     -4.7900     0.66575E-004
     -4.7800     0.71837E-004
     -4.7700     0.77468E-004
     -4.7600     0.83491E-004
     -4.7500     0.89929E-004
     -4.7400     0.96808E-004
     -4.7300     0.10415E-003
     -4.7200     0.11199E-003
     -4.7100     0.12036E-003
     -4.7000     0.12927E-003
     -4.6900     0.13877E-003
     -4.6800     0.14889E-003
     -4.6700     0.15966E-003
     -4.6600     0.17111E-003
     -4.6500     0.18330E-003
     -4.6400     0.19624E-003
     -4.6300     0.21000E-003
     -4.6200     0.22460E-003
     -4.6100     0.24010E-003
     -4.6000     0.25654E-003
     -4.5900     0.27397E-003
     -4.5800     0.29244E-003
     -4.5700     0.31200E-003
     -4.5600     0.33271E-003
     -4.5500     0.35462E-003
     -4.5400     0.37780E-003
     -4.5300     0.40231E-003
     -4.5200     0.42820E-003
     -4.5100     0.45554E-003
     -4.5000     0.48441E-003
     -4.4900     0.51487E-003
     -4.4800     0.54701E-003
     -4.4700     0.58088E-003
     -4.4600     0.61657E-003
     -4.4500     0.65417E-003
     -4.4400     0.69376E-003
     -4.4300     0.73541E-003
     -4.4200     0.77923E-003
     -4.4100     0.82530E-003
     -4.4000     0.87372E-003
     -4.3900     0.92459E-003
     -4.3800     0.97800E-003
     -4.3700     0.10341E-002
     -4.3600     0.10929E-002
     -4.3500     0.11546E-002
     -4.3400     0.12192E-002
     -4.3300     0.12869E-002
     -4.3200     0.13579E-002
     -4.3100     0.14321E-002
     -4.3000     0.15099E-002
     -4.2900     0.15911E-002
     -4.2800     0.16761E-002
     -4.2700     0.17649E-002
     -4.2600     0.18577E-002
     -4.2500     0.19546E-002
     -4.2400     0.20557E-002
     -4.2300     0.21612E-002
     -4.2200     0.22711E-002
     -4.2100     0.23858E-002
     -4.2000     0.25052E-002
     -4.1900     0.26296E-002
     -4.1800     0.27591E-002
     -4.1700     0.28939E-002
     -4.1600     0.30341E-002
     -4.1500     0.31798E-002
     -4.1400     0.33312E-002
     -4.1300     0.34885E-002
     -4.1200     0.36518E-002
     -4.1100     0.38213E-002
     -4.1000     0.39972E-002
     -4.0900     0.41795E-002
     -4.0800     0.43685E-002
     -4.0700     0.45643E-002
     -4.0600     0.47671E-002
     -4.0500     0.49770E-002
     -4.0400     0.51941E-002
     -4.0300     0.54187E-002
     -4.0200     0.56509E-002
     -4.0100     0.58908E-002
     -4.0000     0.61386E-002
     -3.9900     0.63944E-002
     -3.9800     0.66584E-002
     -3.9700     0.69306E-002
     -3.9600     0.72114E-002
     -3.9500     0.75007E-002
     -3.9400     0.77987E-002
     -3.9300     0.81056E-002
     -3.9200     0.84214E-002
     -3.9100     0.87463E-002
     -3.9000     0.90803E-002
     -3.8900     0.94237E-002
     -3.8800     0.97765E-002
     -3.8700     0.10139E-001
     -3.8600     0.10511E-001
     -3.8500     0.10892E-001
     -3.8400     0.11283E-001
     -3.8300     0.11685E-001
     -3.8200     0.12096E-001
     -3.8100     0.12517E-001
     -3.8000     0.12948E-001
     -3.7900     0.13389E-001
     -3.7800     0.13840E-001
     -3.7700     0.14301E-001
     -3.7600     0.14773E-001
     -3.7500     0.15254E-001
     -3.7400     0.15746E-001
     -3.7300     0.16248E-001
     -3.7200     0.16760E-001
     -3.7100     0.17283E-001
     -3.7000     0.17815E-001
     -3.6900     0.18358E-001
     -3.6800     0.18910E-001
     -3.6700     0.19473E-001
     -3.6600     0.20046E-001
     -3.6500     0.20629E-001
     -3.6400     0.21221E-001
     -3.6300     0.21824E-001
     -3.6200     0.22436E-001
     -3.6100     0.23058E-001
     -3.6000     0.23689E-001
     -3.5900     0.24330E-001
     -3.5800     0.24980E-001
     -3.5700     0.25639E-001
     -3.5600     0.26308E-001
     -3.5500     0.26985E-001
     -3.5400     0.27671E-001
     -3.5300     0.28366E-001
     -3.5200     0.29070E-001
     -3.5100     0.29782E-001
     -3.5000     0.30502E-001
     -3.4900     0.31230E-001
     -3.4800     0.31966E-001
     -3.4700     0.32711E-001
     -3.4600     0.33462E-001
     -3.4500     0.34221E-001
     -3.4400     0.34987E-001
     -3.4300     0.35761E-001
     -3.4200     0.36541E-001
     -3.4100     0.37328E-001
     -3.4000     0.38121E-001
     -3.3900     0.38921E-001
     -3.3800     0.39727E-001
     -3.3700     0.40538E-001
     -3.3600     0.41356E-001
     -3.3500     0.42178E-001
     -3.3400     0.43006E-001
     -3.3300     0.43840E-001
     -3.3200     0.44678E-001
     -3.3100     0.45520E-001
     -3.3000     0.46367E-001
     -3.2900     0.47219E-001
     -3.2800     0.48074E-001
     -3.2700     0.48933E-001
     -3.2600     0.49796E-001
     -3.2500     0.50662E-001
     -3.2400     0.51531E-001
     -3.2300     0.52403E-001
     -3.2200     0.53278E-001
     -3.2100     0.54156E-001
     -3.2000     0.55036E-001
     -3.1900     0.55917E-001
     -3.1800     0.56801E-001
     -3.1700     0.57687E-001
     -3.1600     0.58574E-001
     -3.1500     0.59462E-001
     -3.1400     0.60352E-001
     -3.1300     0.61242E-001
     -3.1200     0.62134E-001
     -3.1100     0.63025E-001
     -3.1000     0.63917E-001
     -3.0900     0.64809E-001
     -3.0800     0.65701E-001
     -3.0700     0.66593E-001
     -3.0600     0.67485E-001
     -3.0500     0.68375E-001
     -3.0400     0.69266E-001
     -3.0300     0.70155E-001
     -3.0200     0.71043E-001
     -3.0100     0.71929E-001
     -3.0000     0.72815E-001
     -2.9900     0.73698E-001
     -2.9800     0.74580E-001
     -2.9700     0.75460E-001
     -2.9600     0.76338E-001
     -2.9500     0.77214E-001
     -2.9400     0.78087E-001
     -2.9300     0.78958E-001
     -2.9200     0.79826E-001
     -2.9100     0.80692E-001
     -2.9000     0.81554E-001
     -2.8900     0.82414E-001
     -2.8800     0.83270E-001
     -2.8700     0.84124E-001
     -2.8600     0.84973E-001
     -2.8500     0.85820E-001
     -2.8400     0.86662E-001
     -2.8300     0.87502E-001
     -2.8200     0.88337E-001
     -2.8100     0.89169E-001
     -2.8000     0.89996E-001
     -2.7900     0.90820E-001
     -2.7800     0.91639E-001
     -2.7700     0.92454E-001
     -2.7600     0.93266E-001
     -2.7500     0.94072E-001
     -2.7400     0.94875E-001
     -2.7300     0.95673E-001
     -2.7200     0.96466E-001
     -2.7100     0.97255E-001
     -2.7000     0.98040E-001
     -2.6900     0.98820E-001
     -2.6800     0.99595E-001
     -2.6700     0.10037E+000
     -2.6600     0.10113E+000
     -2.6500     0.10189E+000
     -2.6400     0.10265E+000
     -2.6300     0.10340E+000
     -2.6200     0.10415E+000
     -2.6100     0.10489E+000
     -2.6000     0.10563E+000
     -2.5900     0.10636E+000
     -2.5800     0.10709E+000
     -2.5700     0.10781E+000
     -2.5600     0.10853E+000
     -2.5500     0.10925E+000
     -2.5400     0.10996E+000
     -2.5300     0.11066E+000
     -2.5200     0.11136E+000
     -2.5100     0.11206E+000
     -2.5000     0.11275E+000
     -2.4900     0.11343E+000
     -2.4800     0.11411E+000
     -2.4700     0.11479E+000
     -2.4600     0.11546E+000
     -2.4500     0.11613E+000
     -2.4400     0.11680E+000
     -2.4300     0.11746E+000
     -2.4200     0.11811E+000
     -2.4100     0.11876E+000
     -2.4000     0.11941E+000
     -2.3900     0.12005E+000
     -2.3800     0.12069E+000
     -2.3700     0.12132E+000
     -2.3600     0.12195E+000
     -2.3500     0.12258E+000
     -2.3400     0.12320E+000
     -2.3300     0.12382E+000
     -2.3200     0.12443E+000
     -2.3100     0.12504E+000
     -2.3000     0.12565E+000
     -2.2900     0.12625E+000
     -2.2800     0.12685E+000
     -2.2700     0.12745E+000
     -2.2600     0.12804E+000
     -2.2500     0.12862E+000
     -2.2400     0.12921E+000
     -2.2300     0.12979E+000
     -2.2200     0.13037E+000
     -2.2100     0.13094E+000
     -2.2000     0.13151E+000
     -2.1900     0.13208E+000
     -2.1800     0.13264E+000
     -2.1700     0.13320E+000
     -2.1600     0.13376E+000
     -2.1500     0.13431E+000
     -2.1400     0.13486E+000
     -2.1300     0.13541E+000
     -2.1200     0.13595E+000
     -2.1100     0.13649E+000
     -2.1000     0.13703E+000
     -2.0900     0.13757E+000
     -2.0800     0.13810E+000
     -2.0700     0.13863E+000
     -2.0600     0.13915E+000
     -2.0500     0.13968E+000
     -2.0400     0.14020E+000
     -2.0300     0.14071E+000
     -2.0200     0.14123E+000
     -2.0100     0.14174E+000
     -2.0000     0.14225E+000
     -1.9900     0.14275E+000
     -1.9800     0.14325E+000
     -1.9700     0.14375E+000
     -1.9600     0.14425E+000
     -1.9500     0.14474E+000
     -1.9400     0.14523E+000
     -1.9300     0.14572E+000
     -1.9200     0.14621E+000
     -1.9100     0.14669E+000
     -1.9000     0.14717E+000
     -1.8900     0.14765E+000
     -1.8800     0.14813E+000
     -1.8700     0.14860E+000
     -1.8600     0.14907E+000
     -1.8500     0.14954E+000
     -1.8400     0.15000E+000
     -1.8300     0.15046E+000
     -1.8200     0.15092E+000
     -1.8100     0.15138E+000
     -1.8000     0.15184E+000
     -1.7900     0.15229E+000
     -1.7800     0.15274E+000
     -1.7700     0.15319E+000
     -1.7600     0.15363E+000
     -1.7500     0.15408E+000
     -1.7400     0.15452E+000
     -1.7300     0.15496E+000
     -1.7200     0.15539E+000
     -1.7100     0.15583E+000
     -1.7000     0.15626E+000
     -1.6900     0.15669E+000
     -1.6800     0.15712E+000
     -1.6700     0.15754E+000
     -1.6600     0.15796E+000
     -1.6500     0.15839E+000
     -1.6400     0.15880E+000
     -1.6300     0.15922E+000
     -1.6200     0.15964E+000
     -1.6100     0.16005E+000
     -1.6000     0.16046E+000
     -1.5900     0.16087E+000
     -1.5800     0.16128E+000
     -1.5700     0.16168E+000
     -1.5600     0.16209E+000
     -1.5500     0.16249E+000
     -1.5400     0.16289E+000
     -1.5300     0.16329E+000
     -1.5200     0.16368E+000
     -1.5100     0.16408E+000
     -1.5000     0.16447E+000
     -1.4900     0.16486E+000
     -1.4800     0.16525E+000
     -1.4700     0.16564E+000
     -1.4600     0.16603E+000
     -1.4500     0.16641E+000
     -1.4400     0.16679E+000
     -1.4300     0.16718E+000
     -1.4200     0.16756E+000
     -1.4100     0.16793E+000
     -1.4000     0.16831E+000
     -1.3900     0.16869E+000
     -1.3800     0.16906E+000
     -1.3700     0.16943E+000
     -1.3600     0.16980E+000
     -1.3500     0.17017E+000
     -1.3400     0.17054E+000
     -1.3300     0.17090E+000
     -1.3200     0.17127E+000
     -1.3100     0.17163E+000
     -1.3000     0.17199E+000
     -1.2900     0.17235E+000
     -1.2800     0.17270E+000
     -1.2700     0.17306E+000
     -1.2600     0.17341E+000
     -1.2500     0.17377E+000
     -1.2400     0.17412E+000
     -1.2300     0.17446E+000
     -1.2200     0.17481E+000
     -1.2100     0.17516E+000
     -1.2000     0.17550E+000
     -1.1900     0.17584E+000
     -1.1800     0.17618E+000
     -1.1700     0.17652E+000
     -1.1600     0.17685E+000
     -1.1500     0.17718E+000
     -1.1400     0.17751E+000
     -1.1300     0.17784E+000
     -1.1200     0.17817E+000
     -1.1100     0.17849E+000
     -1.1000     0.17881E+000
     -1.0900     0.17913E+000
     -1.0800     0.17945E+000
     -1.0700     0.17976E+000
     -1.0600     0.18007E+000
     -1.0500     0.18038E+000
     -1.0400     0.18069E+000
     -1.0300     0.18099E+000
     -1.0200     0.18129E+000
     -1.0100     0.18159E+000
     -1.0000     0.18189E+000
     -0.9900     0.18218E+000
     -0.9800     0.18247E+000
     -0.9700     0.18275E+000
     -0.9600     0.18303E+000
     -0.9500     0.18331E+000
     -0.9400     0.18359E+000
     -0.9300     0.18386E+000
     -0.9200     0.18413E+000
     -0.9100     0.18440E+000
     -0.9000     0.18466E+000
     -0.8900     0.18492E+000
     -0.8800     0.18517E+000
     -0.8700     0.18542E+000
     -0.8600     0.18567E+000
     -0.8500     0.18591E+000
     -0.8400     0.18615E+000
     -0.8300     0.18639E+000
     -0.8200     0.18662E+000
     -0.8100     0.18685E+000
     -0.8000     0.18707E+000
     -0.7900     0.18729E+000
     -0.7800     0.18751E+000
     -0.7700     0.18772E+000
     -0.7600     0.18793E+000
     -0.7500     0.18813E+000
     -0.7400     0.18833E+000
     -0.7300     0.18852E+000
     -0.7200     0.18871E+000
     -0.7100     0.18890E+000
     -0.7000     0.18908E+000
     -0.6900     0.18926E+000
     -0.6800     0.18943E+000
     -0.6700     0.18960E+000
     -0.6600     0.18977E+000
     -0.6500     0.18993E+000
     -0.6400     0.19009E+000
     -0.6300     0.19024E+000
     -0.6200     0.19039E+000
     -0.6100     0.19053E+000
     -0.6000     0.19067E+000
     -0.5900     0.19081E+000
     -0.5800     0.19094E+000
     -0.5700     0.19107E+000
     -0.5600     0.19119E+000
     -0.5500     0.19131E+000
     -0.5400     0.19143E+000
     -0.5300     0.19154E+000
     -0.5200     0.19165E+000
     -0.5100     0.19176E+000
     -0.5000     0.19186E+000
     -0.4900     0.19195E+000
     -0.4800     0.19205E+000
     -0.4700     0.19214E+000
     -0.4600     0.19223E+000
     -0.4500     0.19231E+000
     -0.4400     0.19239E+000
     -0.4300     0.19247E+000
     -0.4200     0.19254E+000
     -0.4100     0.19261E+000
     -0.4000     0.19268E+000
     -0.3900     0.19274E+000
     -0.3800     0.19280E+000
     -0.3700     0.19286E+000
     -0.3600     0.19292E+000
     -0.3500     0.19297E+000
     -0.3400     0.19302E+000
     -0.3300     0.19307E+000
     -0.3200     0.19311E+000
     -0.3100     0.19316E+000
     -0.3000     0.19320E+000
     -0.2900     0.19324E+000
     -0.2800     0.19327E+000
     -0.2700     0.19331E+000
     -0.2600     0.19334E+000
     -0.2500     0.19337E+000
     -0.2400     0.19340E+000
     -0.2300     0.19343E+000
     -0.2200     0.19345E+000
     -0.2100     0.19347E+000
     -0.2000     0.19350E+000
     -0.1900     0.19352E+000
     -0.1800     0.19354E+000
     -0.1700     0.19355E+000
     -0.1600     0.19357E+000
     -0.1500     0.19358E+000
     -0.1400     0.19360E+000
     -0.1300     0.19361E+000
     -0.1200     0.19362E+000
     -0.1100     0.19363E+000
     -0.1000     0.19364E+000
     -0.0900     0.19365E+000
     -0.0800     0.19366E+000
     -0.0700     0.19366E+000
     -0.0600     0.19367E+000
     -0.0500     0.19367E+000
     -0.0400     0.19368E+000
     -0.0300     0.19368E+000
     -0.0200     0.19368E+000
     -0.0100     0.19368E+000
      0.0000     0.19369E+000
      0.0100     0.19368E+000
      0.0200     0.19368E+000
      0.0300     0.19368E+000
      0.0400     0.19368E+000
      0.0500     0.19367E+000
      0.0600     0.19367E+000
      0.0700     0.19366E+000
      0.0800     0.19366E+000
      0.0900     0.19365E+000
      0.1000     0.19364E+000
      0.1100     0.19363E+000
      0.1200     0.19362E+000
      0.1300     0.19361E+000
      0.1400     0.19360E+000
      0.1500     0.19358E+000
      0.1600     0.19357E+000
      0.1700     0.19355E+000
      0.1800     0.19354E+000
      0.1900     0.19352E+000
      0.2000     0.19350E+000
      0.2100     0.19347E+000
      0.2200     0.19345E+000
      0.2300     0.19343E+000
      0.2400     0.19340E+000
      0.2500     0.19337E+000
      0.2600     0.19334E+000
      0.2700     0.19331E+000
      0.2800     0.19327E+000
      0.2900     0.19324E+000
      0.3000     0.19320E+000
      0.3100     0.19316E+000
      0.3200     0.19311E+000
      0.3300     0.19307E+000
      0.3400     0.19302E+000
      0.3500     0.19297E+000
      0.3600     0.19292E+000
      0.3700     0.19286E+000
      0.3800     0.19280E+000
      0.3900     0.19274E+000
      0.4000     0.19268E+000
      0.4100     0.19261E+000
      0.4200     0.19254E+000
      0.4300     0.19247E+000
      0.4400     0.19239E+000
      0.4500     0.19231E+000
      0.4600     0.19223E+000
      0.4700     0.19214E+000
      0.4800     0.19205E+000
      0.4900     0.19195E+000
      0.5000     0.19186E+000
      0.5100     0.19176E+000
      0.5200     0.19165E+000
      0.5300     0.19154E+000
      0.5400     0.19143E+000
      0.5500     0.19131E+000
      0.5600     0.19119E+000
      0.5700     0.19107E+000
      0.5800     0.19094E+000
      0.5900     0.19081E+000
      0.6000     0.19067E+000
      0.6100     0.19053E+000
      0.6200     0.19039E+000
      0.6300     0.19024E+000
      0.6400     0.19009E+000
      0.6500     0.18993E+000
      0.6600     0.18977E+000
      0.6700     0.18960E+000
      0.6800     0.18943E+000
      0.6900     0.18926E+000
      0.7000     0.18908E+000
      0.7100     0.18890E+000
      0.7200     0.18871E+000
      0.7300     0.18852E+000
      0.7400     0.18833E+000
      0.7500     0.18813E+000
      0.7600     0.18793E+000
      0.7700     0.18772E+000
      0.7800     0.18751E+000
      0.7900     0.18729E+000
      0.8000     0.18707E+000
      0.8100     0.18685E+000
      0.8200     0.18662E+000
      0.8300     0.18639E+000
      0.8400     0.18615E+000
      0.8500     0.18591E+000
      0.8600     0.18567E+000
      0.8700     0.18542E+000
      0.8800     0.18517E+000
      0.8900     0.18492E+000
      0.9000     0.18466E+000
      0.9100     0.18440E+000
      0.9200     0.18413E+000
      0.9300     0.18386E+000
      0.9400     0.18359E+000
      0.9500     0.18331E+000
      0.9600     0.18303E+000
      0.9700     0.18275E+000
      0.9800     0.18247E+000
      0.9900     0.18218E+000
      1.0000     0.18189E+000
      1.0100     0.18159E+000
      1.0200     0.18129E+000
      1.0300     0.18099E+000
      1.0400     0.18069E+000
      1.0500     0.18038E+000
      1.0600     0.18007E+000
      1.0700     0.17976E+000
      1.0800     0.17945E+000
      1.0900     0.17913E+000
      1.1000     0.17881E+000
      1.1100     0.17849E+000
      1.1200     0.17817E+000
      1.1300     0.17784E+000
      1.1400     0.17751E+000
      1.1500     0.17718E+000
      1.1600     0.17685E+000
      1.1700     0.17652E+000
      1.1800     0.17618E+000
      1.1900     0.17584E+000
      1.2000     0.17550E+000
      1.2100     0.17516E+000
      1.2200     0.17481E+000
      1.2300     0.17446E+000
      1.2400     0.17412E+000
      1.2500     0.17377E+000
      1.2600     0.17341E+000
      1.2700     0.17306E+000
      1.2800     0.17270E+000
      1.2900     0.17235E+000
      1.3000     0.17199E+000
      1.3100     0.17163E+000
      1.3200     0.17127E+000
      1.3300     0.17090E+000
      1.3400     0.17054E+000
      1.3500     0.17017E+000
      1.3600     0.16980E+000
      1.3700     0.16943E+000
      1.3800     0.16906E+000
      1.3900     0.16869E+000
      1.4000     0.16831E+000
      1.4100     0.16793E+000
      1.4200     0.16756E+000
      1.4300     0.16718E+000
      1.4400     0.16679E+000
      1.4500     0.16641E+000
      1.4600     0.16603E+000
      1.4700     0.16564E+000
      1.4800     0.16525E+000
      1.4900     0.16486E+000
      1.5000     0.16447E+000
      1.5100     0.16408E+000
      1.5200     0.16368E+000
      1.5300     0.16329E+000
      1.5400     0.16289E+000
      1.5500     0.16249E+000
      1.5600     0.16209E+000
      1.5700     0.16168E+000
      1.5800     0.16128E+000
      1.5900     0.16087E+000
      1.6000     0.16046E+000
      1.6100     0.16005E+000
      1.6200     0.15964E+000
      1.6300     0.15922E+000
      1.6400     0.15880E+000
      1.6500     0.15839E+000
      1.6600     0.15796E+000
      1.6700     0.15754E+000
      1.6800     0.15712E+000
      1.6900     0.15669E+000
      1.7000     0.15626E+000
      1.7100     0.15583E+000
      1.7200     0.15539E+000
      1.7300     0.15496E+000
      1.7400     0.15452E+000
      1.7500     0.15408E+000
      1.7600     0.15363E+000
      1.7700     0.15319E+000
      1.7800     0.15274E+000
      1.7900     0.15229E+000
      1.8000     0.15184E+000
      1.8100     0.15138E+000
      1.8200     0.15092E+000
      1.8300     0.15046E+000
      1.8400     0.15000E+000
      1.8500     0.14954E+000
      1.8600     0.14907E+000
      1.8700     0.14860E+000
      1.8800     0.14813E+000
      1.8900     0.14765E+000
      1.9000     0.14717E+000
      1.9100     0.14669E+000
      1.9200     0.14621E+000
      1.9300     0.14572E+000
      1.9400     0.14523E+000
      1.9500     0.14474E+000
      1.9600     0.14425E+000
      1.9700     0.14375E+000
      1.9800     0.14325E+000
      1.9900     0.14275E+000
      2.0000     0.14225E+000
      2.0100     0.14174E+000
      2.0200     0.14123E+000
      2.0300     0.14071E+000
      2.0400     0.14020E+000
      2.0500     0.13968E+000
      2.0600     0.13915E+000
      2.0700     0.13863E+000
      2.0800     0.13810E+000
      2.0900     0.13757E+000
      2.1000     0.13703E+000
      2.1100     0.13649E+000
      2.1200     0.13595E+000
      2.1300     0.13541E+000
      2.1400     0.13486E+000
      2.1500     0.13431E+000
      2.1600     0.13376E+000
      2.1700     0.13320E+000
      2.1800     0.13264E+000
      2.1900     0.13208E+000
      2.2000     0.13151E+000
      2.2100     0.13094E+000
      2.2200     0.13037E+000
      2.2300     0.12979E+000
      2.2400     0.12921E+000
      2.2500     0.12862E+000
      2.2600     0.12804E+000
      2.2700     0.12745E+000
      2.2800     0.12685E+000
      2.2900     0.12625E+000
      2.3000     0.12565E+000
      2.3100     0.12504E+000
      2.3200     0.12443E+000
      2.3300     0.12382E+000
      2.3400     0.12320E+000
      2.3500     0.12258E+000
      2.3600     0.12195E+000
      2.3700     0.12132E+000
      2.3800     0.12069E+000
      2.3900     0.12005E+000
      2.4000     0.11941E+000
      2.4100     0.11876E+000
      2.4200     0.11811E+000
      2.4300     0.11746E+000
      2.4400     0.11680E+000
      2.4500     0.11613E+000
      2.4600     0.11546E+000
      2.4700     0.11479E+000
      2.4800     0.11411E+000
      2.4900     0.11343E+000
      2.5000     0.11275E+000
      2.5100     0.11206E+000
      2.5200     0.11136E+000
      2.5300     0.11066E+000
      2.5400     0.10996E+000
      2.5500     0.10925E+000
      2.5600     0.10853E+000
      2.5700     0.10781E+000
      2.5800     0.10709E+000
      2.5900     0.10636E+000
      2.6000     0.10563E+000
      2.6100     0.10489E+000
      2.6200     0.10415E+000
      2.6300     0.10340E+000
      2.6400     0.10265E+000
      2.6500     0.10189E+000
      2.6600     0.10113E+000
      2.6700     0.10037E+000
      2.6800     0.99595E-001
      2.6900     0.98820E-001
      2.7000     0.98040E-001
      2.7100     0.97255E-001
      2.7200     0.96466E-001
      2.7300     0.95673E-001
      2.7400     0.94875E-001
      2.7500     0.94072E-001
      2.7600     0.93266E-001
      2.7700     0.92454E-001
      2.7800     0.91639E-001
      2.7900     0.90820E-001
      2.8000     0.89996E-001
      2.8100     0.89169E-001
      2.8200     0.88337E-001
      2.8300     0.87502E-001
      2.8400     0.86662E-001
      2.8500     0.85820E-001
      2.8600     0.84973E-001
      2.8700     0.84124E-001
      2.8800     0.83270E-001
      2.8900     0.82414E-001
      2.9000     0.81554E-001
      2.9100     0.80692E-001
      2.9200     0.79826E-001
      2.9300     0.78958E-001
      2.9400     0.78087E-001
      2.9500     0.77214E-001
      2.9600     0.76338E-001
      2.9700     0.75460E-001
      2.9800     0.74580E-001
      2.9900     0.73698E-001
      3.0000     0.72815E-001
      3.0100     0.71929E-001
      3.0200     0.71043E-001
      3.0300     0.70155E-001
      3.0400     0.69266E-001
      3.0500     0.68375E-001
      3.0600     0.67485E-001
      3.0700     0.66593E-001
      3.0800     0.65701E-001
      3.0900     0.64809E-001
      3.1000     0.63917E-001
      3.1100     0.63025E-001
      3.1200     0.62134E-001
      3.1300     0.61242E-001
      3.1400     0.60352E-001
      3.1500     0.59462E-001
      3.1600     0.58574E-001
      3.1700     0.57687E-001
      3.1800     0.56801E-001
      3.1900     0.55917E-001
      3.2000     0.55036E-001
      3.2100     0.54156E-001
      3.2200     0.53278E-001
      3.2300     0.52403E-001
      3.2400     0.51531E-001
      3.2500     0.50662E-001
      3.2600     0.49796E-001
      3.2700     0.48933E-001
      3.2800     0.48074E-001
      3.2900     0.47219E-001
      3.3000     0.46367E-001
      3.3100     0.45520E-001
      3.3200     0.44678E-001
      3.3300     0.43840E-001
      3.3400     0.43006E-001
      3.3500     0.42178E-001
      3.3600     0.41356E-001
      3.3700     0.40538E-001
      3.3800     0.39727E-001
      3.3900     0.38921E-001
      3.4000     0.38121E-001
      3.4100     0.37328E-001
      3.4200     0.36541E-001
      3.4300     0.35761E-001
      3.4400     0.34987E-001
      3.4500     0.34221E-001
      3.4600     0.33462E-001
      3.4700     0.32711E-001
      3.4800     0.31966E-001
      3.4900     0.31230E-001
      3.5000     0.30502E-001
      3.5100     0.29782E-001
      3.5200     0.29070E-001
      3.5300     0.28366E-001
      3.5400     0.27671E-001
      3.5500     0.26985E-001
      3.5600     0.26308E-001
      3.5700     0.25639E-001
      3.5800     0.24980E-001
      3.5900     0.24330E-001
      3.6000     0.23689E-001
      3.6100     0.23058E-001
      3.6200     0.22436E-001
      3.6300     0.21824E-001
      3.6400     0.21221E-001
      3.6500     0.20629E-001
      3.6600     0.20046E-001
      3.6700     0.19473E-001
      3.6800     0.18910E-001
      3.6900     0.18358E-001
      3.7000     0.17815E-001
      3.7100     0.17283E-001
      3.7200     0.16760E-001
      3.7300     0.16248E-001
      3.7400     0.15746E-001
      3.7500     0.15254E-001
      3.7600     0.14773E-001
      3.7700     0.14301E-001
      3.7800     0.13840E-001
      3.7900     0.13389E-001
      3.8000     0.12948E-001
      3.8100     0.12517E-001
      3.8200     0.12096E-001
      3.8300     0.11685E-001
      3.8400     0.11283E-001
      3.8500     0.10892E-001
      3.8600     0.10511E-001
      3.8700     0.10139E-001
      3.8800     0.97765E-002
      3.8900     0.94237E-002
      3.9000     0.90803E-002
      3.9100     0.87463E-002
      3.9200     0.84214E-002
      3.9300     0.81056E-002
      3.9400     0.77987E-002
      3.9500     0.75007E-002
      3.9600     0.72114E-002
      3.9700     0.69306E-002
      3.9800     0.66584E-002
      3.9900     0.63944E-002
      4.0000     0.61386E-002
      4.0100     0.58908E-002
      4.0200     0.56509E-002
      4.0300     0.54187E-002
      4.0400     0.51941E-002
      4.0500     0.49770E-002
      4.0600     0.47671E-002
      4.0700     0.45643E-002
      4.0800     0.43685E-002
      4.0900     0.41795E-002
      4.1000     0.39972E-002
      4.1100     0.38213E-002
      4.1200     0.36518E-002
      4.1300     0.34885E-002
      4.1400     0.33312E-002
      4.1500     0.31798E-002
      4.1600     0.30341E-002
      4.1700     0.28939E-002
      4.1800     0.27591E-002
      4.1900     0.26296E-002
      4.2000     0.25052E-002
      4.2100     0.23858E-002
      4.2200     0.22711E-002
      4.2300     0.21612E-002
      4.2400     0.20557E-002
      4.2500     0.19546E-002
      4.2600     0.18577E-002
      4.2700     0.17649E-002
      4.2800     0.16761E-002
      4.2900     0.15911E-002
      4.3000     0.15099E-002
      4.3100     0.14321E-002
      4.3200     0.13579E-002
      4.3300     0.12869E-002
      4.3400     0.12192E-002
      4.3500     0.11546E-002
      4.3600     0.10929E-002
      4.3700     0.10341E-002
      4.3800     0.97800E-003
      4.3900     0.92459E-003
      4.4000     0.87372E-003
      4.4100     0.82530E-003
      4.4200     0.77923E-003
      4.4300     0.73541E-003
      4.4400     0.69376E-003
      4.4500     0.65417E-003
      4.4600     0.61657E-003
      4.4700     0.58088E-003
      4.4800     0.54701E-003
      4.4900     0.51487E-003
      4.5000     0.48441E-003
      4.5100     0.45554E-003
      4.5200     0.42820E-003
      4.5300     0.40231E-003
      4.5400     0.37780E-003
      4.5500     0.35462E-003
      4.5600     0.33271E-003
      4.5700     0.31200E-003
      4.5800     0.29244E-003
      4.5900     0.27397E-003
      4.6000     0.25654E-003
      4.6100     0.24010E-003
      4.6200     0.22460E-003
      4.6300     0.21000E-003
      4.6400     0.19624E-003
      4.6500     0.18330E-003
      4.6600     0.17111E-003
      4.6700     0.15966E-003
      4.6800     0.14889E-003
      4.6900     0.13877E-003
      4.7000     0.12927E-003
      4.7100     0.12036E-003
      4.7200     0.11199E-003
      4.7300     0.10415E-003
      4.7400     0.96808E-004
      4.7500     0.89929E-004
      4.7600     0.83491E-004
      4.7700     0.77468E-004
      4.7800     0.71837E-004
      4.7900     0.66575E-004
      4.8000     0.61661E-004
      4.8100     0.57075E-004
      4.8200     0.52796E-004
      4.8300     0.48808E-004
      4.8400     0.45091E-004
      4.8500     0.41631E-004
      4.8600     0.38410E-004
      4.8700     0.35415E-004
      4.8800     0.32630E-004
      4.8900     0.30044E-004
      4.9000     0.27643E-004
      4.9100     0.25415E-004
      4.9200     0.23350E-004
      4.9300     0.21436E-004
      4.9400     0.19664E-004
      4.9500     0.18024E-004
      4.9600     0.16507E-004
      4.9700     0.15106E-004
      4.9800     0.13811E-004
      4.9900     0.12617E-004
      5.0000     0.11516E-004
      5.0100     0.10501E-004
      5.0200     0.95662E-005
      5.0300     0.87062E-005
      5.0400     0.79155E-005
      5.0500     0.71892E-005
      5.0600     0.65224E-005
      5.0700     0.59108E-005
      5.0800     0.53503E-005
      5.0900     0.48371E-005
      5.1000     0.43676E-005
      5.1100     0.39384E-005
      5.1200     0.35466E-005
      5.1300     0.31891E-005
      5.1400     0.28634E-005
      5.1500     0.25668E-005
      5.1600     0.22972E-005
      5.1700     0.20522E-005
      5.1800     0.18300E-005
      5.1900     0.16286E-005
      5.2000     0.14464E-005
      5.2100     0.12817E-005
      5.2200     0.11331E-005
      5.2300     0.99922E-006
      5.2400     0.87877E-006
      5.2500     0.77061E-006
      5.2600     0.67367E-006
      5.2700     0.58694E-006
      5.2800     0.50953E-006
      5.2900     0.44058E-006
      5.3000     0.37933E-006
      5.3100     0.32507E-006
      5.3200     0.27714E-006
      5.3300     0.23493E-006
      5.3400     0.19791E-006
      5.3500     0.16557E-006
      5.3600     0.13744E-006
      5.3700     0.11310E-006
      5.3800     0.92169E-007
      5.3900     0.74287E-007
      5.4000     0.59135E-007
      5.4100     0.46417E-007
      5.4200     0.35866E-007
      5.4300     0.27237E-007
      5.4400     0.20309E-007
      5.4500     0.14880E-007
      5.4600     0.10766E-007
      5.4700     0.78038E-008
      5.4800     0.58416E-008
      5.4900     0.47445E-008
      5.5000     0.43901E-008
      5.5100     0.46685E-008
      5.5200     0.54805E-008
      5.5300     0.67375E-008
      5.5400     0.83598E-008
      5.5500     0.10277E-007
      5.5600     0.12424E-007
      5.5700     0.14747E-007
      5.5800     0.17195E-007
      5.5900     0.19724E-007
      5.6000     0.22296E-007
      5.6100     0.24878E-007
      5.6200     0.27439E-007
      5.6300     0.29955E-007
      5.6400     0.32405E-007
      5.6500     0.34770E-007
      5.6600     0.37034E-007
      5.6700     0.39186E-007
      5.6800     0.41214E-007
      5.6900     0.43112E-007
      5.7000     0.44872E-007
      5.7100     0.46492E-007
      5.7200     0.47967E-007
      5.7300     0.49297E-007
      5.7400     0.50481E-007
      5.7500     0.51520E-007
      5.7600     0.52417E-007
      5.7700     0.53173E-007
      5.7800     0.53793E-007
      5.7900     0.54280E-007
      5.8000     0.54640E-007
      5.8100     0.54875E-007
      5.8200     0.54994E-007
      5.8300     0.54999E-007
      5.8400     0.54899E-007
      5.8500     0.54697E-007
      5.8600     0.54402E-007
      5.8700     0.54018E-007
      5.8800     0.53552E-007
      5.8900     0.53010E-007
      5.9000     0.52398E-007
      5.9100     0.51723E-007
      5.9200     0.50989E-007
      5.9300     0.50203E-007
      5.9400     0.49370E-007
      5.9500     0.48496E-007
      5.9600     0.47585E-007
      5.9700     0.46644E-007
      5.9800     0.45676E-007
      5.9900     0.44687E-007
      6.0000     0.43680E-007
      6.0100     0.42659E-007
      6.0200     0.41629E-007
      6.0300     0.40594E-007
      6.0400     0.39556E-007
      6.0500     0.38518E-007
      6.0600     0.37484E-007
      6.0700     0.36457E-007
      6.0800     0.35438E-007
      6.0900     0.34430E-007
      6.1000     0.33435E-007
      6.1100     0.32455E-007
      6.1200     0.31492E-007
      6.1300     0.30546E-007
      6.1400     0.29619E-007
      6.1500     0.28712E-007
      6.1600     0.27827E-007
      6.1700     0.26963E-007
      6.1800     0.26121E-007
      6.1900     0.25302E-007
      6.2000     0.24505E-007
      6.2100     0.23732E-007
      6.2200     0.22982E-007
      6.2300     0.22255E-007
      6.2400     0.21551E-007
      6.2500     0.20870E-007
      6.2600     0.20211E-007
      6.2700     0.19574E-007
      6.2800     0.18959E-007
      6.2900     0.18364E-007
      6.3000     0.17790E-007
      6.3100     0.17236E-007
      6.3200     0.16700E-007
      6.3300     0.16184E-007
      6.3400     0.15685E-007
      6.3500     0.15203E-007
      6.3600     0.14738E-007
      6.3700     0.14289E-007
      6.3800     0.13854E-007
      6.3900     0.13434E-007
      6.4000     0.13028E-007
      6.4100     0.12634E-007
      6.4200     0.12253E-007
      6.4300     0.11883E-007
      6.4400     0.11525E-007
      6.4500     0.11176E-007
      6.4600     0.10838E-007
      6.4700     0.10509E-007
      6.4800     0.10189E-007
      6.4900     0.98775E-008
      6.5000     0.95737E-008
      6.5100     0.92773E-008
      6.5200     0.89881E-008
      6.5300     0.87055E-008
      6.5400     0.84293E-008
      6.5500     0.81593E-008
      6.5600     0.78951E-008
      6.5700     0.76365E-008
      6.5800     0.73833E-008
      6.5900     0.71353E-008
      6.6000     0.68924E-008
      6.6100     0.66544E-008
      6.6200     0.64212E-008
      6.6300     0.61928E-008
      6.6400     0.59689E-008
      6.6500     0.57497E-008
      6.6600     0.55351E-008
      6.6700     0.53250E-008
      6.6800     0.51194E-008
      6.6900     0.49184E-008
      6.7000     0.47218E-008
      6.7100     0.45299E-008
      6.7200     0.43425E-008
      6.7300     0.41598E-008
      6.7400     0.39817E-008
      6.7500     0.38082E-008
      6.7600     0.36395E-008
      6.7700     0.34755E-008
      6.7800     0.33163E-008
      6.7900     0.31618E-008
      6.8000     0.30122E-008
      6.8100     0.28674E-008
      6.8200     0.27275E-008
      6.8300     0.25925E-008
      6.8400     0.24622E-008
      6.8500     0.23369E-008
      6.8600     0.22163E-008
      6.8700     0.21006E-008
      6.8800     0.19897E-008
      6.8900     0.18834E-008
      6.9000     0.17819E-008
      6.9100     0.16849E-008
      6.9200     0.15925E-008
      6.9300     0.15046E-008
      6.9400     0.14211E-008
      6.9500     0.13419E-008
      6.9600     0.12669E-008
      6.9700     0.11960E-008
      6.9800     0.11290E-008
      6.9900     0.10660E-008
      7.0000     0.10066E-008
      7.0100     0.95090E-009
      7.0200     0.89866E-009
      7.0300     0.84976E-009
      7.0400     0.80406E-009
      7.0500     0.76142E-009
      7.0600     0.72171E-009
      7.0700     0.68476E-009
      7.0800     0.65044E-009
      7.0900     0.61861E-009
      7.1000     0.58912E-009
      7.1100     0.56182E-009
      7.1200     0.53657E-009
      7.1300     0.51324E-009
      7.1400     0.49170E-009
      7.1500     0.47179E-009
      7.1600     0.45341E-009
      7.1700     0.43642E-009
      7.1800     0.42070E-009
      7.1900     0.40613E-009
      7.2000     0.39261E-009
      7.2100     0.38004E-009
      7.2200     0.36830E-009
      7.2300     0.35730E-009
      7.2400     0.34697E-009
      7.2500     0.33721E-009
      7.2600     0.32795E-009
      7.2700     0.31911E-009
      7.2800     0.31063E-009
      7.2900     0.30246E-009
      7.3000     0.29454E-009
      7.3100     0.28681E-009
      7.3200     0.27924E-009
      7.3300     0.27180E-009
      7.3400     0.26444E-009
      7.3500     0.25715E-009
      7.3600     0.24989E-009
      7.3700     0.24265E-009
      7.3800     0.23542E-009
      7.3900     0.22818E-009
      7.4000     0.22094E-009
      7.4100     0.21368E-009
      7.4200     0.20641E-009
      7.4300     0.19912E-009
      7.4400     0.19183E-009
      7.4500     0.18454E-009
      7.4600     0.17726E-009
      7.4700     0.17000E-009
      7.4800     0.16277E-009
      7.4900     0.15559E-009
      7.5000     0.14846E-009
      7.5100     0.14141E-009
      7.5200     0.13445E-009
      7.5300     0.12759E-009
      7.5400     0.12085E-009
      7.5500     0.11424E-009
      7.5600     0.10777E-009
      7.5700     0.10147E-009
      7.5800     0.95340E-010
      7.5900     0.89394E-010
      7.6000     0.83644E-010
      7.6100     0.78099E-010
      7.6200     0.72769E-010
      7.6300     0.67662E-010
      7.6400     0.62783E-010
      7.6500     0.58139E-010
      7.6600     0.53733E-010
      7.6700     0.49568E-010
      7.6800     0.45646E-010
      7.6900     0.41966E-010
      7.7000     0.38528E-010
      7.7100     0.35330E-010
      7.7200     0.32369E-010
      7.7300     0.29640E-010
      7.7400     0.27138E-010
      7.7500     0.24857E-010
      7.7600     0.22789E-010
      7.7700     0.20928E-010
      7.7800     0.19264E-010
      7.7900     0.17788E-010
      7.8000     0.16491E-010
      7.8100     0.15363E-010
      7.8200     0.14392E-010
      7.8300     0.13570E-010
      7.8400     0.12883E-010
      7.8500     0.12323E-010
      7.8600     0.11877E-010
      7.8700     0.11534E-010
      7.8800     0.11285E-010
      7.8900     0.11117E-010
      7.9000     0.11022E-010
      7.9100     0.10988E-010
      7.9200     0.11006E-010
      7.9300     0.11067E-010
      7.9400     0.11161E-010
      7.9500     0.11281E-010
      7.9600     0.11419E-010
      7.9700     0.11567E-010
      7.9800     0.11719E-010
      7.9900     0.11868E-010
      8.0000     0.12009E-010
      8.0100     0.12137E-010
      8.0200     0.12247E-010
      8.0300     0.12337E-010
      8.0400     0.12401E-010
      8.0500     0.12438E-010
      8.0600     0.12446E-010
      8.0700     0.12423E-010
      8.0800     0.12368E-010
      8.0900     0.12281E-010
      8.1000     0.12160E-010
      8.1100     0.12007E-010
      8.1200     0.11822E-010
      8.1300     0.11606E-010
      8.1400     0.11360E-010
      8.1500     0.11086E-010
      8.1600     0.10786E-010
      8.1700     0.10462E-010
      8.1800     0.10115E-010
      8.1900     0.97496E-011
      8.2000     0.93667E-011
      8.2100     0.89693E-011
      8.2200     0.85600E-011
      8.2300     0.81415E-011
      8.2400     0.77164E-011
      8.2500     0.72874E-011
      8.2600     0.68570E-011
      8.2700     0.64277E-011
      8.2800     0.60019E-011
      8.2900     0.55819E-011
      8.3000     0.51698E-011
      8.3100     0.47676E-011
      8.3200     0.43771E-011
      8.3300     0.40002E-011
      8.3400     0.36381E-011
      8.3500     0.32924E-011
      8.3600     0.29641E-011
      8.3700     0.26542E-011
      8.3800     0.23635E-011
      8.3900     0.20926E-011
      8.4000     0.18420E-011
      8.4100     0.16118E-011
      8.4200     0.14021E-011
      8.4300     0.12130E-011
      8.4400     0.10442E-011
      8.4500     0.89526E-012
      8.4600     0.76576E-012
      8.4700     0.65508E-012
      8.4800     0.56249E-012
      8.4900     0.48718E-012
      8.5000     0.42823E-012
      8.5100     0.38467E-012
      8.5200     0.35546E-012
      8.5300     0.33951E-012
      8.5400     0.33570E-012
      8.5500     0.34286E-012
      8.5600     0.35983E-012
      8.5700     0.38543E-012
      8.5800     0.41850E-012
      8.5900     0.45789E-012
      8.6000     0.50246E-012
      8.6100     0.55112E-012
      8.6200     0.60280E-012
      8.6300     0.65651E-012
      8.6400     0.71128E-012
      8.6500     0.76620E-012
      8.6600     0.82045E-012
      8.6700     0.87325E-012
      8.6800     0.92389E-012
      8.6900     0.97173E-012
      8.7000     0.10162E-011
      8.7100     0.10569E-011
      8.7200     0.10933E-011
      8.7300     0.11250E-011
      8.7400     0.11519E-011
      8.7500     0.11737E-011
      8.7600     0.11903E-011
      8.7700     0.12016E-011
      8.7800     0.12075E-011
      8.7900     0.12082E-011
      8.8000     0.12037E-011
      8.8100     0.11942E-011
      8.8200     0.11798E-011
      8.8300     0.11607E-011
      8.8400     0.11374E-011
      8.8500     0.11099E-011
      8.8600     0.10787E-011
      8.8700     0.10441E-011
      8.8800     0.10064E-011
      8.8900     0.96611E-012
      8.9000     0.92349E-012
      8.9100     0.87897E-012
      8.9200     0.83293E-012
      8.9300     0.78575E-012
      8.9400     0.73781E-012
      8.9500     0.68947E-012
      8.9600     0.64108E-012
      8.9700     0.59298E-012
      8.9800     0.54550E-012
      8.9900     0.49892E-012
      9.0000     0.45353E-012
      9.0100     0.40958E-012
      9.0200     0.36730E-012
      9.0300     0.32689E-012
      9.0400     0.28854E-012
      9.0500     0.25240E-012
      9.0600     0.21859E-012
      9.0700     0.18721E-012
      9.0800     0.15834E-012
      9.0900     0.13204E-012
      9.1000     0.10832E-012
      9.1100     0.87193E-013
      9.1200     0.68639E-013
      9.1300     0.52619E-013
      9.1400     0.39076E-013
      9.1500     0.27935E-013
      9.1600     0.19103E-013
      9.1700     0.12475E-013
      9.1800     0.79336E-014
      9.1900     0.53487E-014
      9.2000     0.45821E-014
      9.2100     0.54880E-014
      9.2200     0.79149E-014
      9.2300     0.11707E-013
      9.2400     0.16706E-013
      9.2500     0.22754E-013
      9.2600     0.29691E-013
      9.2700     0.37360E-013
      9.2800     0.45610E-013
      9.2900     0.54290E-013
      9.3000     0.63257E-013
      9.3100     0.72373E-013
      9.3200     0.81511E-013
      9.3300     0.90547E-013
      9.3400     0.99370E-013
      9.3500     0.10787E-012
      9.3600     0.11597E-012
      9.3700     0.12357E-012
      9.3800     0.13060E-012
      9.3900     0.13700E-012
      9.4000     0.14272E-012
      9.4100     0.14770E-012
      9.4200     0.15193E-012
      9.4300     0.15538E-012
      9.4400     0.15802E-012
      9.4500     0.15987E-012
      9.4600     0.16092E-012
      9.4700     0.16118E-012
      9.4800     0.16068E-012
      9.4900     0.15943E-012
      9.5000     0.15747E-012
      9.5100     0.15484E-012
      9.5200     0.15159E-012
      9.5300     0.14775E-012
      9.5400     0.14337E-012
      9.5500     0.13851E-012
      9.5600     0.13323E-012
      9.5700     0.12758E-012
      9.5800     0.12161E-012
      9.5900     0.11539E-012
      9.6000     0.10897E-012
      9.6100     0.10241E-012
      9.6200     0.95754E-013
      9.6300     0.89067E-013
      9.6400     0.82394E-013
      9.6500     0.75785E-013
      9.6600     0.69285E-013
      9.6700     0.62935E-013
      9.6800     0.56775E-013
      9.6900     0.50840E-013
      9.7000     0.45161E-013
      9.7100     0.39766E-013
      9.7200     0.34678E-013
      9.7300     0.29918E-013
      9.7400     0.25502E-013
      9.7500     0.21441E-013
      9.7600     0.17744E-013
      9.7700     0.14417E-013
      9.7800     0.11460E-013
      9.7900     0.88714E-014
      9.8000     0.66471E-014
      9.8100     0.47789E-014
      9.8200     0.32563E-014
      9.8300     0.20667E-014
      9.8400     0.11948E-014
      9.8500     0.62387E-015
      9.8600     0.33527E-015
      9.8700     0.30904E-015
      9.8800     0.52404E-015
      9.8900     0.95830E-015
      9.9000     0.15892E-014
      9.9100     0.23936E-014
      9.9200     0.33484E-014
      9.9300     0.44303E-014
      9.9400     0.56166E-014
      9.9500     0.68847E-014
      9.9600     0.82129E-014
      9.9700     0.95801E-014
      9.9800     0.10966E-013
      9.9900     0.12352E-013
     10.0000     0.13720E-013
     10.0100     0.15054E-013
     10.0200     0.16338E-013
     10.0300     0.17559E-013
     10.0400     0.18704E-013
     10.0500     0.19762E-013
     10.0600     0.20725E-013
     10.0700     0.21584E-013
     10.0800     0.22334E-013
     10.0900     0.22969E-013
     10.1000     0.23486E-013
     10.1100     0.23883E-013
     10.1200     0.24160E-013
     10.1300     0.24317E-013
     10.1400     0.24355E-013
     10.1500     0.24279E-013
     10.1600     0.24092E-013
     10.1700     0.23798E-013
     10.1800     0.23403E-013
     10.1900     0.22914E-013
     10.2000     0.22337E-013
     10.2100     0.21681E-013
     10.2200     0.20953E-013
     10.2300     0.20160E-013
     10.2400     0.19313E-013
     10.2500     0.18418E-013
     10.2600     0.17486E-013
     10.2700     0.16524E-013
     10.2800     0.15541E-013
     10.2900     0.14545E-013
     10.3000     0.13544E-013
     10.3100     0.12546E-013
     10.3200     0.11557E-013
     10.3300     0.10586E-013
     10.3400     0.96374E-014
     10.3500     0.87180E-014
     10.3600     0.78328E-014
     10.3700     0.69865E-014
     10.3800     0.61834E-014
     10.3900     0.54268E-014
     10.4000     0.47199E-014
     10.4100     0.40648E-014
     10.4200     0.34636E-014
     10.4300     0.29173E-014
     10.4400     0.24267E-014
     10.4500     0.19918E-014
     10.4600     0.16124E-014
     10.4700     0.12877E-014
     10.4800     0.10163E-014
     10.4900     0.79673E-015
     10.5000     0.62683E-015
     10.5100     0.50431E-015
     10.5200     0.42653E-015
     10.5300     0.39062E-015
     10.5400     0.39349E-015
     10.5500     0.43189E-015
     10.5600     0.50244E-015
     10.5700     0.60168E-015
     10.5800     0.72609E-015
     10.5900     0.87213E-015
     10.6000     0.10363E-014
     10.6100     0.12151E-014
     10.6200     0.14051E-014
     10.6300     0.16032E-014
     10.6400     0.18060E-014
     10.6500     0.20107E-014
     10.6600     0.22144E-014
     10.6700     0.24144E-014
     10.6800     0.26083E-014
     10.6900     0.27939E-014
     10.7000     0.29692E-014
     10.7100     0.31324E-014
     10.7200     0.32820E-014
     10.7300     0.34167E-014
     10.7400     0.35353E-014
     10.7500     0.36371E-014
     10.7600     0.37213E-014
     10.7700     0.37877E-014
     10.7800     0.38360E-014
     10.7900     0.38662E-014
     10.8000     0.38784E-014
     10.8100     0.38731E-014
     10.8200     0.38507E-014
     10.8300     0.38119E-014
     10.8400     0.37574E-014
     10.8500     0.36883E-014
     10.8600     0.36055E-014
     10.8700     0.35100E-014
     10.8800     0.34031E-014
     10.8900     0.32859E-014
     10.9000     0.31598E-014
     10.9100     0.30259E-014
     10.9200     0.28856E-014
     10.9300     0.27402E-014
     10.9400     0.25909E-014
     10.9500     0.24390E-014
     10.9600     0.22857E-014
     10.9700     0.21322E-014
     10.9800     0.19796E-014
     10.9900     0.18289E-014
     11.0000     0.16811E-014
     11.0100     0.15372E-014
     11.0200     0.13980E-014
     11.0300     0.12641E-014
     11.0400     0.11364E-014
     11.0500     0.10153E-014
     11.0600     0.90138E-015
     11.0700     0.79503E-015
     11.0800     0.69656E-015
     11.0900     0.60623E-015
     11.1000     0.52417E-015
     11.1100     0.45048E-015
     11.1200     0.38513E-015
     11.1300     0.32808E-015
     11.1400     0.27916E-015
     11.1500     0.23820E-015
     11.1600     0.20492E-015
     11.1700     0.17901E-015
     11.1800     0.16013E-015
     11.1900     0.14787E-015
     11.2000     0.14181E-015
     11.2100     0.14148E-015
     11.2200     0.14640E-015
     11.2300     0.15607E-015
     11.2400     0.16997E-015
     11.2500     0.18759E-015
     11.2600     0.20839E-015
     11.2700     0.23187E-015
     11.2800     0.25751E-015
     11.2900     0.28481E-015
     11.3000     0.31328E-015
     11.3100     0.34246E-015
     11.3200     0.37189E-015
     11.3300     0.40117E-015
     11.3400     0.42990E-015
     11.3500     0.45771E-015
     11.3600     0.48428E-015
     11.3700     0.50930E-015
     11.3800     0.53252E-015
     11.3900     0.55369E-015
     11.4000     0.57262E-015
     11.4100     0.58914E-015
     11.4200     0.60314E-015
     11.4300     0.61450E-015
     11.4400     0.62317E-015
     11.4500     0.62911E-015
     11.4600     0.63232E-015
     11.4700     0.63282E-015
     11.4800     0.63067E-015
     11.4900     0.62594E-015
     11.5000     0.61872E-015
     11.5100     0.60914E-015
     11.5200     0.59734E-015
     11.5300     0.58345E-015
     11.5400     0.56766E-015
     11.5500     0.55014E-015
     11.5600     0.53106E-015
     11.5700     0.51063E-015
     11.5800     0.48904E-015
     11.5900     0.46650E-015
     11.6000     0.44319E-015
     11.6100     0.41932E-015
     11.6200     0.39508E-015
     11.6300     0.37066E-015
     11.6400     0.34625E-015
     11.6500     0.32202E-015
     11.6600     0.29812E-015
     11.6700     0.27473E-015
     11.6800     0.25197E-015
     11.6900     0.22998E-015
     11.7000     0.20888E-015
     11.7100     0.18877E-015
     11.7200     0.16975E-015
     11.7300     0.15188E-015
     11.7400     0.13523E-015
     11.7500     0.11985E-015
     11.7600     0.10577E-015
     11.7700     0.93021E-016
     11.7800     0.81605E-016
     11.7900     0.71519E-016
     11.8000     0.62750E-016
     11.8100     0.55270E-016
     11.8200     0.49045E-016
     11.8300     0.44028E-016
     11.8400     0.40167E-016
     11.8500     0.37400E-016
     11.8600     0.35660E-016
     11.8700     0.34875E-016
     11.8800     0.34968E-016
     11.8900     0.35858E-016
     11.9000     0.37462E-016
     11.9100     0.39696E-016
     11.9200     0.42474E-016
     11.9300     0.45711E-016
     11.9400     0.49323E-016
     11.9500     0.53228E-016
     11.9600     0.57345E-016
     11.9700     0.61598E-016
     11.9800     0.65914E-016
     11.9900     0.70224E-016
     12.0000     0.74462E-016
     12.0100     0.78569E-016
     12.0200     0.82492E-016
     12.0300     0.86182E-016
     12.0400     0.89595E-016
     12.0500     0.92693E-016
     12.0600     0.95445E-016
     12.0700     0.97826E-016
     12.0800     0.99814E-016
     12.0900     0.10140E-015
     12.1000     0.10256E-015
     12.1100     0.10330E-015
     12.1200     0.10363E-015
     12.1300     0.10353E-015
     12.1400     0.10303E-015
     12.1500     0.10214E-015
     12.1600     0.10087E-015
     12.1700     0.99238E-016
     12.1800     0.97274E-016
     12.1900     0.94999E-016
     12.2000     0.92439E-016
     12.2100     0.89624E-016
     12.2200     0.86581E-016
     12.2300     0.83340E-016
     12.2400     0.79934E-016
     12.2500     0.76391E-016
     12.2600     0.72743E-016
     12.2700     0.69019E-016
     12.2800     0.65248E-016
     12.2900     0.61459E-016
     12.3000     0.57678E-016
     12.3100     0.53931E-016
     12.3200     0.50241E-016
     12.3300     0.46631E-016
     12.3400     0.43122E-016
     12.3500     0.39731E-016
     12.3600     0.36474E-016
     12.3700     0.33367E-016
     12.3800     0.30422E-016
     12.3900     0.27648E-016
     12.4000     0.25054E-016
     12.4100     0.22647E-016
     12.4200     0.20430E-016
     12.4300     0.18407E-016
     12.4400     0.16577E-016
     12.4500     0.14940E-016
     12.4600     0.13493E-016
     12.4700     0.12233E-016
     12.4800     0.11154E-016
     12.4900     0.10250E-016
     12.5000     0.95133E-017
     12.5100     0.89350E-017
     12.5200     0.85062E-017
     12.5300     0.82166E-017
     12.5400     0.80558E-017
     12.5500     0.80131E-017
     12.5600     0.80770E-017
     12.5700     0.82361E-017
     12.5800     0.84788E-017
     12.5900     0.87938E-017
     12.6000     0.91695E-017
     12.6100     0.95949E-017
     12.6200     0.10059E-016
     12.6300     0.10552E-016
     12.6400     0.11063E-016
     12.6500     0.11583E-016
     12.6600     0.12104E-016
     12.6700     0.12615E-016
     12.6800     0.13111E-016
     12.6900     0.13585E-016
     12.7000     0.14028E-016
     12.7100     0.14437E-016
     12.7200     0.14807E-016
     12.7300     0.15132E-016
     12.7400     0.15410E-016
     12.7500     0.15639E-016
     12.7600     0.15815E-016
     12.7700     0.15938E-016
     12.7800     0.16007E-016
     12.7900     0.16021E-016
     12.8000     0.15981E-016
     12.8100     0.15889E-016
     12.8200     0.15745E-016
     12.8300     0.15551E-016
     12.8400     0.15310E-016
     12.8500     0.15024E-016
     12.8600     0.14696E-016
     12.8700     0.14330E-016
     12.8800     0.13929E-016
     12.8900     0.13496E-016
     12.9000     0.13035E-016
     12.9100     0.12551E-016
     12.9200     0.12047E-016
     12.9300     0.11527E-016
     12.9400     0.10994E-016
     12.9500     0.10454E-016
     12.9600     0.99086E-017
     12.9700     0.93627E-017
     12.9800     0.88190E-017
     12.9900     0.82812E-017
     13.0000     0.77525E-017
     13.0100     0.72354E-017
     13.0200     0.67324E-017
     13.0300     0.62461E-017
     13.0400     0.57788E-017
     13.0500     0.53322E-017
     13.0600     0.49079E-017
     13.0700     0.45073E-017
     13.0800     0.41315E-017
     13.0900     0.37812E-017
     13.1000     0.34569E-017
     13.1100     0.31590E-017
     13.1200     0.28875E-017
     13.1300     0.26425E-017
     13.1400     0.24234E-017
     13.1500     0.22298E-017
     13.1600     0.20609E-017
     13.1700     0.19159E-017
     13.1800     0.17938E-017
     13.1900     0.16933E-017
     13.2000     0.16132E-017
     13.2100     0.15523E-017
     13.2200     0.15090E-017
     13.2300     0.14819E-017
     13.2400     0.14695E-017
     13.2500     0.14703E-017
     13.2600     0.14827E-017
     13.2700     0.15051E-017
     13.2800     0.15361E-017
     13.2900     0.15744E-017
     13.3000     0.16183E-017
     13.3100     0.16664E-017
     13.3200     0.17176E-017
     13.3300     0.17705E-017
     13.3400     0.18242E-017
     13.3500     0.18774E-017
     13.3600     0.19291E-017
     13.3700     0.19786E-017
     13.3800     0.20250E-017
     13.3900     0.20676E-017
     13.4000     0.21058E-017
     13.4100     0.21392E-017
     13.4200     0.21671E-017
     13.4300     0.21894E-017
     13.4400     0.22059E-017
     13.4500     0.22162E-017
     13.4600     0.22204E-017
     13.4700     0.22184E-017
     13.4800     0.22103E-017
     13.4900     0.21961E-017
     13.5000     0.21761E-017
     13.5100     0.21503E-017
     13.5200     0.21192E-017
     13.5300     0.20830E-017
     13.5400     0.20420E-017
     13.5500     0.19966E-017
     13.5600     0.19472E-017
     13.5700     0.18940E-017
     13.5800     0.18376E-017
     13.5900     0.17784E-017
     13.6000     0.17167E-017
     13.6100     0.16530E-017
     13.6200     0.15877E-017
     13.6300     0.15212E-017
     13.6400     0.14538E-017
     13.6500     0.13860E-017
     13.6600     0.13183E-017
     13.6700     0.12507E-017
     13.6800     0.11838E-017
     13.6900     0.11177E-017
     13.7000     0.10529E-017
     13.7100     0.98951E-018
     13.7200     0.92789E-018
     13.7300     0.86810E-018
     13.7400     0.81052E-018
     13.7500     0.75523E-018
     13.7600     0.70234E-018
     13.7700     0.65208E-018
     13.7800     0.60439E-018
     13.7900     0.55954E-018
     13.8000     0.51750E-018
     13.8100     0.47829E-018
     13.8200     0.44195E-018
     13.8300     0.40847E-018
     13.8400     0.37783E-018
     13.8500     0.34997E-018
     13.8600     0.32498E-018
     13.8700     0.30264E-018
     13.8800     0.28289E-018
     13.8900     0.26568E-018
     13.9000     0.25096E-018
     13.9100     0.23856E-018
     13.9200     0.22838E-018
     13.9300     0.22033E-018
     13.9400     0.21418E-018
     13.9500     0.20988E-018
     13.9600     0.20730E-018
     13.9700     0.20630E-018
     13.9800     0.20669E-018
     13.9900     0.20839E-018
     14.0000     0.21125E-018
     14.0100     0.21510E-018
     14.0200     0.21980E-018
     14.0300     0.22525E-018
     14.0400     0.23139E-018
     14.0500     0.23802E-018
     14.0600     0.24498E-018
     14.0700     0.25223E-018
     14.0800     0.25962E-018
     14.0900     0.26710E-018
     14.1000     0.27452E-018
     14.1100     0.28180E-018
     14.1200     0.28892E-018
     14.1300     0.29571E-018
     14.1400     0.30217E-018
     14.1500     0.30819E-018
     14.1600     0.31379E-018
     14.1700     0.31887E-018
     14.1800     0.32336E-018
     14.1900     0.32727E-018
     14.2000     0.33056E-018
     14.2100     0.33325E-018
     14.2200     0.33525E-018
     14.2300     0.33661E-018
     14.2400     0.33728E-018
     14.2500     0.33726E-018
     14.2600     0.33662E-018
     14.2700     0.33529E-018
     14.2800     0.33332E-018
     14.2900     0.33075E-018
     14.3000     0.32756E-018
     14.3100     0.32381E-018
     14.3200     0.31952E-018
     14.3300     0.31467E-018
     14.3400     0.30932E-018
     14.3500     0.30354E-018
     14.3600     0.29736E-018
     14.3700     0.29075E-018
     14.3800     0.28379E-018
     14.3900     0.27656E-018
     14.4000     0.26900E-018
     14.4100     0.26127E-018
     14.4200     0.25333E-018
     14.4300     0.24519E-018
     14.4400     0.23697E-018
     14.4500     0.22862E-018
     14.4600     0.22023E-018
     14.4700     0.21182E-018
     14.4800     0.20338E-018
     14.4900     0.19505E-018
     14.5000     0.18675E-018
     14.5100     0.17851E-018
     14.5200     0.17040E-018
     14.5300     0.16241E-018
     14.5400     0.15457E-018
     14.5500     0.14693E-018
     14.5600     0.13946E-018
     14.5700     0.13217E-018
     14.5800     0.12509E-018
     14.5900     0.11824E-018
     14.6000     0.11160E-018
     14.6100     0.10519E-018
     14.6200     0.98997E-019
     14.6300     0.93056E-019
     14.6400     0.87345E-019
     14.6500     0.81855E-019
     14.6600     0.76596E-019
     14.6700     0.71539E-019
     14.6800     0.66719E-019
     14.6900     0.62124E-019
     14.7000     0.57746E-019
     14.7100     0.53578E-019
     14.7200     0.49599E-019
     14.7300     0.45819E-019
     14.7400     0.42229E-019
     14.7500     0.38818E-019
     14.7600     0.35566E-019
     14.7700     0.32490E-019
     14.7800     0.29580E-019
     14.7900     0.26828E-019
     14.8000     0.24245E-019
     14.8100     0.21797E-019
     14.8200     0.19494E-019
     14.8300     0.17339E-019
     14.8400     0.15311E-019
     14.8500     0.13414E-019
     14.8600     0.11662E-019
     14.8700     0.10037E-019
     14.8800     0.85283E-020
     14.8900     0.71570E-020
     14.9000     0.59101E-020
     14.9100     0.47762E-020
     14.9200     0.37684E-020
     14.9300     0.28825E-020
     14.9400     0.21155E-020
     14.9500     0.14687E-020
     14.9600     0.93818E-021
     14.9700     0.52666E-021
     14.9800     0.23457E-021
     14.9900     0.58770E-022
     15.0000     0.00000E+000
