      0.0100      2.0502
      0.0200      2.0500
      0.0300      2.0498
      0.0400      2.0495
      0.0500      2.0490
      0.0600      2.0485
      0.0700      2.0479
      0.0800      2.0472
      0.0900      2.0463
      0.1000      2.0454
      0.1100      2.0444
      0.1200      2.0433
      0.1300      2.0420
      0.1400      2.0407
      0.1500      2.0393
      0.1600      2.0378
      0.1700      2.0362
      0.1800      2.0344
      0.1900      2.0326
      0.2000      2.0307
      0.2100      2.0287
      0.2200      2.0266
      0.2300      2.0244
      0.2400      2.0221
      0.2500      2.0197
      0.2600      2.0173
      0.2700      2.0147
      0.2800      2.0120
      0.2900      2.0093
      0.3000      2.0064
      0.3100      2.0035
      0.3200      2.0004
      0.3300      1.9973
      0.3400      1.9941
      0.3500      1.9908
      0.3600      1.9874
      0.3700      1.9839
      0.3800      1.9804
      0.3900      1.9767
      0.4000      1.9730
      0.4100      1.9692
      0.4200      1.9652
      0.4300      1.9613
      0.4400      1.9572
      0.4500      1.9530
      0.4600      1.9488
      0.4700      1.9445
      0.4800      1.9401
      0.4900      1.9357
      0.5000      1.9311
      0.5100      1.9265
      0.5200      1.9218
      0.5300      1.9171
      0.5400      1.9122
      0.5500      1.9073
      0.5600      1.9023
      0.5700      1.8973
      0.5800      1.8922
      0.5900      1.8870
      0.6000      1.8818
      0.6100      1.8765
      0.6200      1.8711
      0.6300      1.8657
      0.6400      1.8602
      0.6500      1.8546
      0.6600      1.8490
      0.6700      1.8434
      0.6800      1.8377
      0.6900      1.8319
      0.7000      1.8261
      0.7100      1.8202
      0.7200      1.8143
      0.7300      1.8083
      0.7400      1.8023
      0.7500      1.7962
      0.7600      1.7901
      0.7700      1.7840
      0.7800      1.7778
      0.7900      1.7716
      0.8000      1.7653
      0.8100      1.7590
      0.8200      1.7527
      0.8300      1.7464
      0.8400      1.7400
      0.8500      1.7336
      0.8600      1.7271
      0.8700      1.7207
      0.8800      1.7142
      0.8900      1.7077
      0.9000      1.7011
      0.9100      1.6946
      0.9200      1.6880
      0.9300      1.6814
      0.9400      1.6749
      0.9500      1.6683
      0.9600      1.6617
      0.9700      1.6550
      0.9800      1.6484
      0.9900      1.6418
      1.0000      1.6352
      1.0100      1.6286
      1.0200      1.6220
      1.0300      1.6154
      1.0400      1.6088
      1.0500      1.6022
      1.0600      1.5956
      1.0700      1.5890
      1.0800      1.5825
      1.0900      1.5760
      1.1000      1.5695
      1.1100      1.5630
      1.1200      1.5565
      1.1300      1.5501
      1.1400      1.5437
      1.1500      1.5373
      1.1600      1.5310
      1.1700      1.5247
      1.1800      1.5184
      1.1900      1.5122
      1.2000      1.5060
      1.2100      1.4999
      1.2200      1.4938
      1.2300      1.4878
      1.2400      1.4818
      1.2500      1.4759
      1.2600      1.4700
      1.2700      1.4642
      1.2800      1.4585
      1.2900      1.4528
      1.3000      1.4471
      1.3100      1.4416
      1.3200      1.4361
      1.3300      1.4307
      1.3400      1.4253
      1.3500      1.4201
      1.3600      1.4149
      1.3700      1.4098
      1.3800      1.4048
      1.3900      1.3999
      1.4000      1.3950
      1.4100      1.3903
      1.4200      1.3856
      1.4300      1.3810
      1.4400      1.3765
      1.4500      1.3722
      1.4600      1.3679
      1.4700      1.3637
      1.4800      1.3596
      1.4900      1.3557
      1.5000      1.3518
      1.5100      1.3481
      1.5200      1.3444
      1.5300      1.3409
      1.5400      1.3375
      1.5500      1.3342
      1.5600      1.3310
      1.5700      1.3280
      1.5800      1.3250
      1.5900      1.3222
      1.6000      1.3195
      1.6100      1.3170
      1.6200      1.3145
      1.6300      1.3122
      1.6400      1.3100
      1.6500      1.3080
      1.6600      1.3060
      1.6700      1.3042
      1.6800      1.3026
      1.6900      1.3011
      1.7000      1.2997
      1.7100      1.2984
      1.7200      1.2973
      1.7300      1.2963
      1.7400      1.2955
      1.7500      1.2948
      1.7600      1.2942
      1.7700      1.2938
      1.7800      1.2935
      1.7900      1.2933
      1.8000      1.2933
      1.8100      1.2934
      1.8200      1.2937
      1.8300      1.2941
      1.8400      1.2946
      1.8500      1.2953
      1.8600      1.2961
      1.8700      1.2970
      1.8800      1.2981
      1.8900      1.2993
      1.9000      1.3007
      1.9100      1.3022
      1.9200      1.3038
      1.9300      1.3056
      1.9400      1.3075
      1.9500      1.3095
      1.9600      1.3116
      1.9700      1.3139
      1.9800      1.3163
      1.9900      1.3188
      2.0000      1.3215
      2.0100      1.3243
      2.0200      1.3272
      2.0300      1.3302
      2.0400      1.3334
      2.0500      1.3366
      2.0600      1.3400
      2.0700      1.3435
      2.0800      1.3471
      2.0900      1.3508
      2.1000      1.3547
      2.1100      1.3586
      2.1200      1.3626
      2.1300      1.3668
      2.1400      1.3710
      2.1500      1.3754
      2.1600      1.3799
      2.1700      1.3844
      2.1800      1.3890
      2.1900      1.3938
      2.2000      1.3986
      2.2100      1.4035
      2.2200      1.4085
      2.2300      1.4136
      2.2400      1.4188
      2.2500      1.4240
      2.2600      1.4293
      2.2700      1.4347
      2.2800      1.4402
      2.2900      1.4457
      2.3000      1.4514
      2.3100      1.4570
      2.3200      1.4628
      2.3300      1.4686
      2.3400      1.4744
      2.3500      1.4804
      2.3600      1.4863
      2.3700      1.4924
      2.3800      1.4984
      2.3900      1.5046
      2.4000      1.5107
      2.4100      1.5169
      2.4200      1.5232
      2.4300      1.5295
      2.4400      1.5358
      2.4500      1.5422
      2.4600      1.5486
      2.4700      1.5550
      2.4800      1.5615
      2.4900      1.5680
      2.5000      1.5745
      2.5100      1.5810
      2.5200      1.5875
      2.5300      1.5941
      2.5400      1.6007
      2.5500      1.6073
      2.5600      1.6139
      2.5700      1.6205
      2.5800      1.6271
      2.5900      1.6337
      2.6000      1.6403
      2.6100      1.6470
      2.6200      1.6536
      2.6300      1.6602
      2.6400      1.6668
      2.6500      1.6734
      2.6600      1.6800
      2.6700      1.6866
      2.6800      1.6932
      2.6900      1.6997
      2.7000      1.7063
      2.7100      1.7128
      2.7200      1.7193
      2.7300      1.7258
      2.7400      1.7322
      2.7500      1.7387
      2.7600      1.7451
      2.7700      1.7514
      2.7800      1.7578
      2.7900      1.7641
      2.8000      1.7703
      2.8100      1.7766
      2.8200      1.7828
      2.8300      1.7889
      2.8400      1.7950
      2.8500      1.8011
      2.8600      1.8071
      2.8700      1.8131
      2.8800      1.8191
      2.8900      1.8249
      2.9000      1.8308
      2.9100      1.8366
      2.9200      1.8423
      2.9300      1.8480
      2.9400      1.8536
      2.9500      1.8591
      2.9600      1.8647
      2.9700      1.8701
      2.9800      1.8755
      2.9900      1.8808
      3.0000      1.8861
      3.0100      1.8912
      3.0200      1.8964
      3.0300      1.9014
      3.0400      1.9064
      3.0500      1.9113
      3.0600      1.9162
      3.0700      1.9210
      3.0800      1.9257
      3.0900      1.9303
      3.1000      1.9349
      3.1100      1.9393
      3.1200      1.9437
      3.1300      1.9481
      3.1400      1.9523
      3.1500      1.9565
      3.1600      1.9606
      3.1700      1.9646
      3.1800      1.9685
      3.1900      1.9723
      3.2000      1.9761
      3.2100      1.9797
      3.2200      1.9833
      3.2300      1.9868
      3.2400      1.9902
      3.2500      1.9936
      3.2600      1.9968
      3.2700      1.9999
      3.2800      2.0030
      3.2900      2.0059
      3.3000      2.0088
      3.3100      2.0116
      3.3200      2.0143
      3.3300      2.0169
      3.3400      2.0193
      3.3500      2.0218
      3.3600      2.0241
      3.3700      2.0263
      3.3800      2.0284
      3.3900      2.0304
      3.4000      2.0323
      3.4100      2.0342
      3.4200      2.0359
      3.4300      2.0375
      3.4400      2.0391
      3.4500      2.0405
      3.4600      2.0418
      3.4700      2.0431
      3.4800      2.0442
      3.4900      2.0453
      3.5000      2.0462
      3.5100      2.0470
      3.5200      2.0478
      3.5300      2.0484
      3.5400      2.0490
      3.5500      2.0494
      3.5600      2.0497
      3.5700      2.0500
      3.5800      2.0501
      3.5900      2.0502
      3.6000      2.0501
      3.6100      2.0499
      3.6200      2.0497
      3.6300      2.0493
      3.6400      2.0488
      3.6500      2.0483
      3.6600      2.0476
      3.6700      2.0468
      3.6800      2.0460
      3.6900      2.0450
      3.7000      2.0440
      3.7100      2.0428
      3.7200      2.0415
      3.7300      2.0402
      3.7400      2.0387
      3.7500      2.0372
      3.7600      2.0355
      3.7700      2.0338
      3.7800      2.0319
      3.7900      2.0300
      3.8000      2.0279
      3.8100      2.0258
      3.8200      2.0235
      3.8300      2.0212
      3.8400      2.0188
      3.8500      2.0163
      3.8600      2.0137
      3.8700      2.0110
      3.8800      2.0082
      3.8900      2.0053
      3.9000      2.0023
      3.9100      1.9992
      3.9200      1.9961
      3.9300      1.9928
      3.9400      1.9895
      3.9500      1.9861
      3.9600      1.9826
      3.9700      1.9790
      3.9800      1.9753
      3.9900      1.9715
      4.0000      1.9677
      4.0100      1.9637
      4.0200      1.9597
      4.0300      1.9556
      4.0400      1.9514
      4.0500      1.9472
      4.0600      1.9428
      4.0700      1.9384
      4.0800      1.9339
      4.0900      1.9294
      4.1000      1.9247
      4.1100      1.9200
      4.1200      1.9152
      4.1300      1.9104
      4.1400      1.9054
      4.1500      1.9004
      4.1600      1.8954
      4.1700      1.8902
      4.1800      1.8851
      4.1900      1.8798
      4.2000      1.8745
      4.2100      1.8691
      4.2200      1.8636
      4.2300      1.8581
      4.2400      1.8526
      4.2500      1.8469
      4.2600      1.8413
      4.2700      1.8355
      4.2800      1.8297
      4.2900      1.8239
      4.3000      1.8180
      4.3100      1.8121
      4.3200      1.8061
      4.3300      1.8001
      4.3400      1.7940
      4.3500      1.7879
      4.3600      1.7817
      4.3700      1.7756
      4.3800      1.7693
      4.3900      1.7631
      4.4000      1.7568
      4.4100      1.7504
      4.4200      1.7441
      4.4300      1.7377
      4.4400      1.7313
      4.4500      1.7248
      4.4600      1.7184
      4.4700      1.7119
      4.4800      1.7054
      4.4900      1.6988
      4.5000      1.6923
      4.5100      1.6857
      4.5200      1.6791
      4.5300      1.6726
      4.5400      1.6660
      4.5500      1.6594
      4.5600      1.6528
      4.5700      1.6462
      4.5800      1.6395
      4.5900      1.6329
      4.6000      1.6263
      4.6100      1.6197
      4.6200      1.6131
      4.6300      1.6065
      4.6400      1.6000
      4.6500      1.5934
      4.6600      1.5869
      4.6700      1.5803
      4.6800      1.5738
      4.6900      1.5673
      4.7000      1.5609
      4.7100      1.5544
      4.7200      1.5480
      4.7300      1.5417
      4.7400      1.5353
      4.7500      1.5290
      4.7600      1.5227
      4.7700      1.5165
      4.7800      1.5103
      4.7900      1.5041
      4.8000      1.4980
      4.8100      1.4920
      4.8200      1.4860
      4.8300      1.4800
      4.8400      1.4741
      4.8500      1.4683
      4.8600      1.4625
      4.8700      1.4568
      4.8800      1.4511
      4.8900      1.4455
      4.9000      1.4400
      4.9100      1.4346
      4.9200      1.4292
      4.9300      1.4239
      4.9400      1.4186
      4.9500      1.4135
      4.9600      1.4084
      4.9700      1.4035
      4.9800      1.3986
      4.9900      1.3937
      5.0000      1.3890
      5.0100      1.3844
      5.0200      1.3799
      5.0300      1.3754
      5.0400      1.3711
      5.0500      1.3669
      5.0600      1.3627
      5.0700      1.3587
      5.0800      1.3548
      5.0900      1.3509
      5.1000      1.3472
      5.1100      1.3436
      5.1200      1.3402
      5.1300      1.3368
      5.1400      1.3335
      5.1500      1.3304
      5.1600      1.3274
      5.1700      1.3245
      5.1800      1.3217
      5.1900      1.3191
      5.2000      1.3165
      5.2100      1.3141
      5.2200      1.3119
      5.2300      1.3097
      5.2400      1.3077
      5.2500      1.3058
      5.2600      1.3041
      5.2700      1.3025
      5.2800      1.3010
      5.2900      1.2996
      5.3000      1.2984
      5.3100      1.2974
      5.3200      1.2964
      5.3300      1.2956
      5.3400      1.2949
      5.3500      1.2944
      5.3600      1.2940
      5.3700      1.2938
      5.3800      1.2937
      5.3900      1.2937
      5.4000      1.2938
      5.4100      1.2941
      5.4200      1.2946
      5.4300      1.2952
      5.4400      1.2959
      5.4500      1.2967
      5.4600      1.2977
      5.4700      1.2988
      5.4800      1.3001
      5.4900      1.3015
      5.5000      1.3030
      5.5100      1.3047
      5.5200      1.3065
      5.5300      1.3084
      5.5400      1.3105
      5.5500      1.3126
      5.5600      1.3150
      5.5700      1.3174
      5.5800      1.3200
      5.5900      1.3227
      5.6000      1.3255
      5.6100      1.3284
      5.6200      1.3315
      5.6300      1.3347
      5.6400      1.3380
      5.6500      1.3414
      5.6600      1.3449
      5.6700      1.3486
      5.6800      1.3523
      5.6900      1.3562
      5.7000      1.3601
      5.7100      1.3642
      5.7200      1.3684
      5.7300      1.3727
      5.7400      1.3770
      5.7500      1.3815
      5.7600      1.3861
      5.7700      1.3908
      5.7800      1.3955
      5.7900      1.4004
      5.8000      1.4053
      5.8100      1.4103
      5.8200      1.4154
      5.8300      1.4206
      5.8400      1.4259
      5.8500      1.4312
      5.8600      1.4366
      5.8700      1.4421
      5.8800      1.4477
      5.8900      1.4533
      5.9000      1.4590
      5.9100      1.4648
      5.9200      1.4706
      5.9300      1.4764
      5.9400      1.4824
      5.9500      1.4884
      5.9600      1.4944
      5.9700      1.5005
      5.9800      1.5066
      5.9900      1.5128
      6.0000      1.5190
      6.0100      1.5253
      6.0200      1.5316
      6.0300      1.5379
      6.0400      1.5443
      6.0500      1.5507
      6.0600      1.5571
      6.0700      1.5636
      6.0800      1.5701
      6.0900      1.5766
      6.1000      1.5831
      6.1100      1.5897
      6.1200      1.5963
      6.1300      1.6028
      6.1400      1.6094
      6.1500      1.6160
      6.1600      1.6226
      6.1700      1.6293
      6.1800      1.6359
      6.1900      1.6425
      6.2000      1.6491
      6.2100      1.6557
      6.2200      1.6624
      6.2300      1.6690
      6.2400      1.6756
      6.2500      1.6822
      6.2600      1.6887
      6.2700      1.6953
      6.2800      1.7019
      6.2900      1.7084
      6.3000      1.7149
      6.3100      1.7214
      6.3200      1.7279
      6.3300      1.7343
      6.3400      1.7407
      6.3500      1.7471
      6.3600      1.7535
      6.3700      1.7598
      6.3800      1.7661
      6.3900      1.7724
      6.4000      1.7786
      6.4100      1.7848
      6.4200      1.7909
      6.4300      1.7970
      6.4400      1.8031
      6.4500      1.8091
      6.4600      1.8151
      6.4700      1.8210
      6.4800      1.8268
      6.4900      1.8327
      6.5000      1.8384
      6.5100      1.8441
      6.5200      1.8498
      6.5300      1.8554
      6.5400      1.8610
      6.5500      1.8664
      6.5600      1.8719
      6.5700      1.8772
      6.5800      1.8825
      6.5900      1.8878
      6.6000      1.8929
      6.6100      1.8980
      6.6200      1.9031
      6.6300      1.9080
      6.6400      1.9129
      6.6500      1.9178
      6.6600      1.9225
      6.6700      1.9272
      6.6800      1.9318
      6.6900      1.9364
      6.7000      1.9408
      6.7100      1.9452
      6.7200      1.9495
      6.7300      1.9537
      6.7400      1.9578
      6.7500      1.9619
      6.7600      1.9659
      6.7700      1.9698
      6.7800      1.9736
      6.7900      1.9773
      6.8000      1.9809
      6.8100      1.9845
      6.8200      1.9880
      6.8300      1.9913
      6.8400      1.9946
      6.8500      1.9978
      6.8600      2.0009
      6.8700      2.0040
      6.8800      2.0069
      6.8900      2.0097
      6.9000      2.0125
      6.9100      2.0151
      6.9200      2.0177
      6.9300      2.0202
      6.9400      2.0225
      6.9500      2.0248
      6.9600      2.0270
      6.9700      2.0291
      6.9800      2.0311
      6.9900      2.0330
      7.0000      2.0347
      7.0100      2.0364
      7.0200      2.0380
      7.0300      2.0395
      7.0400      2.0409
      7.0500      2.0422
      7.0600      2.0435
      7.0700      2.0446
      7.0800      2.0456
      7.0900      2.0465
      7.1000      2.0473
      7.1100      2.0480
      7.1200      2.0486
      7.1300      2.0491
      7.1400      2.0495
      7.1500      2.0498
      7.1600      2.0500
      7.1700      2.0501
      7.1800      2.0501
      7.1900      2.0500
      7.2000      2.0498
      7.2100      2.0495
      7.2200      2.0491
      7.2300      2.0486
      7.2400      2.0480
      7.2500      2.0473
      7.2600      2.0465
      7.2700      2.0456
      7.2800      2.0446
      7.2900      2.0435
      7.3000      2.0423
      7.3100      2.0410
      7.3200      2.0396
      7.3300      2.0381
      7.3400      2.0365
      7.3500      2.0348
      7.3600      2.0331
      7.3700      2.0312
      7.3800      2.0292
      7.3900      2.0271
      7.4000      2.0249
      7.4100      2.0227
      7.4200      2.0203
      7.4300      2.0178
      7.4400      2.0153
      7.4500      2.0126
      7.4600      2.0099
      7.4700      2.0071
      7.4800      2.0042
      7.4900      2.0011
      7.5000      1.9980
      7.5100      1.9948
      7.5200      1.9916
      7.5300      1.9882
      7.5400      1.9847
      7.5500      1.9812
      7.5600      1.9776
      7.5700      1.9738
      7.5800      1.9700
      7.5900      1.9662
      7.6000      1.9622
      7.6100      1.9581
      7.6200      1.9540
      7.6300      1.9498
      7.6400      1.9455
      7.6500      1.9411
      7.6600      1.9367
      7.6700      1.9322
      7.6800      1.9276
      7.6900      1.9229
      7.7000      1.9182
      7.7100      1.9133
      7.7200      1.9085
      7.7300      1.9035
      7.7400      1.8985
      7.7500      1.8934
      7.7600      1.8882
      7.7700      1.8830
      7.7800      1.8777
      7.7900      1.8724
      7.8000      1.8670
      7.8100      1.8615
      7.8200      1.8560
      7.8300      1.8504
      7.8400      1.8447
      7.8500      1.8390
      7.8600      1.8333
      7.8700      1.8275
      7.8800      1.8216
      7.8900      1.8157
      7.9000      1.8097
      7.9100      1.8038
      7.9200      1.7977
      7.9300      1.7916
      7.9400      1.7855
      7.9500      1.7793
      7.9600      1.7731
      7.9700      1.7669
      7.9800      1.7606
      7.9900      1.7543
      8.0000      1.7480
      8.0100      1.7416
      8.0200      1.7352
