0.000000e+00 1.738168e-01
2.500000e-03 3.021228e-02
5.000000e-03 3.021220e-02
7.500000e-03 3.021206e-02
1.000000e-02 3.021186e-02
1.250000e-02 3.021161e-02
1.500000e-02 3.021130e-02
1.750000e-02 3.021094e-02
2.000000e-02 3.021052e-02
2.250000e-02 3.021004e-02
2.500000e-02 3.020951e-02
2.750000e-02 3.020892e-02
3.000000e-02 3.020827e-02
3.250000e-02 3.020757e-02
3.500000e-02 3.020681e-02
3.750000e-02 3.020600e-02
4.000000e-02 3.020513e-02
4.250000e-02 3.020420e-02
4.500000e-02 3.020322e-02
4.750000e-02 3.020218e-02
5.000000e-02 3.020109e-02
5.250000e-02 3.019993e-02
5.500000e-02 3.019873e-02
5.750000e-02 3.019746e-02
6.000000e-02 3.019614e-02
6.250000e-02 3.019477e-02
6.500000e-02 3.019334e-02
6.750000e-02 3.019185e-02
7.000000e-02 3.019031e-02
7.250000e-02 3.018871e-02
7.500000e-02 3.018705e-02
7.750000e-02 3.018534e-02
8.000000e-02 3.018357e-02
8.250000e-02 3.018174e-02
8.500000e-02 3.017986e-02
8.750000e-02 3.017792e-02
9.000000e-02 3.017593e-02
9.250000e-02 3.017388e-02
9.500000e-02 3.017177e-02
9.750000e-02 3.016961e-02
1.000000e-01 3.016739e-02
1.025000e-01 3.016512e-02
1.050000e-01 3.016279e-02
1.075000e-01 3.016040e-02
1.100000e-01 3.015796e-02
1.125000e-01 3.015546e-02
1.150000e-01 3.015290e-02
1.175000e-01 3.015029e-02
1.200000e-01 3.014762e-02
1.225000e-01 3.014490e-02
1.250000e-01 3.014212e-02
1.275000e-01 3.013928e-02
1.300000e-01 3.013639e-02
1.325000e-01 3.013344e-02
1.350000e-01 3.013043e-02
1.375000e-01 3.012737e-02
1.400000e-01 3.012425e-02
1.425000e-01 3.012108e-02
1.450000e-01 3.011784e-02
1.475000e-01 3.011456e-02
1.500000e-01 3.011121e-02
1.525000e-01 3.010781e-02
1.550000e-01 3.010436e-02
1.575000e-01 3.010084e-02
1.600000e-01 3.009728e-02
1.625000e-01 3.009365e-02
1.650000e-01 3.008997e-02
1.675000e-01 3.008623e-02
1.700000e-01 3.008243e-02
1.725000e-01 3.007858e-02
1.750000e-01 3.007468e-02
1.775000e-01 3.007071e-02
1.800000e-01 3.006669e-02
1.825000e-01 3.006262e-02
1.850000e-01 3.005848e-02
1.875000e-01 3.005429e-02
1.900000e-01 3.005005e-02
1.925000e-01 3.004574e-02
1.950000e-01 3.004139e-02
1.975000e-01 3.003697e-02
2.000000e-01 3.003250e-02
2.025000e-01 3.002797e-02
2.050000e-01 3.002339e-02
2.075000e-01 3.001874e-02
2.100000e-01 3.001405e-02
2.125000e-01 3.000929e-02
2.150000e-01 3.000448e-02
2.175000e-01 2.999961e-02
2.200000e-01 2.999469e-02
2.225000e-01 2.998971e-02
2.250000e-01 2.998467e-02
2.275000e-01 2.997958e-02
2.300000e-01 2.997443e-02
2.325000e-01 2.996922e-02
2.350000e-01 2.996396e-02
2.375000e-01 2.995864e-02
2.400000e-01 2.995326e-02
2.425000e-01 2.994783e-02
2.450000e-01 2.994234e-02
2.475000e-01 2.993679e-02
2.500000e-01 2.993119e-02
2.525000e-01 2.992553e-02
2.550000e-01 2.991981e-02
2.575000e-01 2.991404e-02
2.600000e-01 2.990821e-02
2.625000e-01 2.990232e-02
2.650000e-01 2.989638e-02
2.675000e-01 2.989038e-02
2.700000e-01 2.988432e-02
2.725000e-01 2.987821e-02
2.750000e-01 2.987204e-02
2.775000e-01 2.986581e-02
2.800000e-01 2.985953e-02
2.825000e-01 2.985318e-02
2.850000e-01 2.984679e-02
2.875000e-01 2.984033e-02
2.900000e-01 2.983382e-02
2.925000e-01 2.982725e-02
2.950000e-01 2.982063e-02
2.975000e-01 2.981394e-02
3.000000e-01 2.980720e-02
3.025000e-01 2.980041e-02
3.050000e-01 2.979356e-02
3.075000e-01 2.978665e-02
3.100000e-01 2.977968e-02
3.125000e-01 2.977265e-02
3.150000e-01 2.976557e-02
3.175000e-01 2.975844e-02
3.200000e-01 2.975124e-02
3.225000e-01 2.974399e-02
3.250000e-01 2.973668e-02
3.275000e-01 2.972931e-02
3.300000e-01 2.972189e-02
3.325000e-01 2.971441e-02
3.350000e-01 2.970687e-02
3.375000e-01 2.969928e-02
3.400000e-01 2.969163e-02
3.425000e-01 2.968392e-02
3.450000e-01 2.967615e-02
3.475000e-01 2.966833e-02
3.500000e-01 2.966045e-02
3.525000e-01 2.965251e-02
3.550000e-01 2.964452e-02
3.575000e-01 2.963646e-02
3.600000e-01 2.962835e-02
3.625000e-01 2.962019e-02
3.650000e-01 2.961196e-02
3.675000e-01 2.960368e-02
3.700000e-01 2.959534e-02
3.725000e-01 2.958695e-02
3.750000e-01 2.957849e-02
3.775000e-01 2.956998e-02
3.800000e-01 2.956142e-02
3.825000e-01 2.955279e-02
3.850000e-01 2.954411e-02
3.875000e-01 2.953537e-02
3.900000e-01 2.952657e-02
3.925000e-01 2.951771e-02
3.950000e-01 2.950880e-02
3.975000e-01 2.949983e-02
4.000000e-01 2.949080e-02
4.025000e-01 2.948172e-02
4.050000e-01 2.947257e-02
4.075000e-01 2.946337e-02
4.100000e-01 2.945412e-02
4.125000e-01 2.944480e-02
4.150000e-01 2.943543e-02
4.175000e-01 2.942600e-02
4.200000e-01 2.941651e-02
4.225000e-01 2.940696e-02
4.250000e-01 2.939736e-02
4.275000e-01 2.938769e-02
4.300000e-01 2.937797e-02
4.325000e-01 2.936820e-02
4.350000e-01 2.935836e-02
4.375000e-01 2.934847e-02
4.400000e-01 2.933852e-02
4.425000e-01 2.932851e-02
4.450000e-01 2.931844e-02
4.475000e-01 2.930832e-02
4.500000e-01 2.929814e-02
4.525000e-01 2.928790e-02
4.550000e-01 2.927760e-02
4.575000e-01 2.926724e-02
4.600000e-01 2.925683e-02
4.625000e-01 2.924636e-02
4.650000e-01 2.923583e-02
4.675000e-01 2.922524e-02
4.700000e-01 2.921459e-02
4.725000e-01 2.920389e-02
4.750000e-01 2.919312e-02
4.775000e-01 2.918230e-02
4.800000e-01 2.917142e-02
4.825000e-01 2.916049e-02
4.850000e-01 2.914949e-02
4.875000e-01 2.913844e-02
4.900000e-01 2.912733e-02
4.925000e-01 2.911616e-02
4.950000e-01 2.910493e-02
4.975000e-01 2.909364e-02
5.000000e-01 2.908230e-02
5.025000e-01 2.907089e-02
5.050000e-01 2.905943e-02
5.075000e-01 2.904791e-02
5.100000e-01 2.903633e-02
5.125000e-01 2.902470e-02
5.150000e-01 2.901300e-02
5.175000e-01 2.900125e-02
5.200000e-01 2.898944e-02
5.225000e-01 2.897757e-02
5.250000e-01 2.896564e-02
5.275000e-01 2.895365e-02
5.300000e-01 2.894160e-02
5.325000e-01 2.892950e-02
5.350000e-01 2.891733e-02
5.375000e-01 2.890511e-02
5.400000e-01 2.889283e-02
5.425000e-01 2.888049e-02
5.450000e-01 2.886809e-02
5.475000e-01 2.885563e-02
5.500000e-01 2.884312e-02
5.525000e-01 2.883054e-02
5.550000e-01 2.881791e-02
5.575000e-01 2.880522e-02
5.600000e-01 2.879246e-02
5.625000e-01 2.877965e-02
5.650000e-01 2.876678e-02
5.675000e-01 2.875386e-02
5.700000e-01 2.874087e-02
5.725000e-01 2.872782e-02
5.750000e-01 2.871472e-02
5.775000e-01 2.870155e-02
5.800000e-01 2.868833e-02
5.825000e-01 2.867504e-02
5.850000e-01 2.866170e-02
5.875000e-01 2.864830e-02
5.900000e-01 2.863484e-02
5.925000e-01 2.862132e-02
5.950000e-01 2.860774e-02
5.975000e-01 2.859411e-02
6.000000e-01 2.858041e-02
6.025000e-01 2.856665e-02
6.050000e-01 2.855284e-02
6.075000e-01 2.853896e-02
6.100000e-01 2.852503e-02
6.125000e-01 2.851103e-02
6.150000e-01 2.849698e-02
6.175000e-01 2.848286e-02
6.200000e-01 2.846869e-02
6.225000e-01 2.845446e-02
6.250000e-01 2.844017e-02
6.275000e-01 2.842582e-02
6.300000e-01 2.841141e-02
6.325000e-01 2.839694e-02
6.350000e-01 2.838241e-02
6.375000e-01 2.836782e-02
6.400000e-01 2.835317e-02
6.425000e-01 2.833846e-02
6.450000e-01 2.832369e-02
6.475000e-01 2.830886e-02
6.500000e-01 2.829397e-02
6.525000e-01 2.827902e-02
6.550000e-01 2.826401e-02
6.575000e-01 2.824894e-02
6.600000e-01 2.823382e-02
6.625000e-01 2.821863e-02
6.650000e-01 2.820338e-02
6.675000e-01 2.818807e-02
6.700000e-01 2.817270e-02
6.725000e-01 2.815727e-02
6.750000e-01 2.814179e-02
6.775000e-01 2.812624e-02
6.800000e-01 2.811063e-02
6.825000e-01 2.809496e-02
6.850000e-01 2.807923e-02
6.875000e-01 2.806344e-02
6.900000e-01 2.804759e-02
6.925000e-01 2.803168e-02
6.950000e-01 2.801571e-02
6.975000e-01 2.799968e-02
7.000000e-01 2.798359e-02
7.025000e-01 2.796743e-02
7.050000e-01 2.795122e-02
7.075000e-01 2.793495e-02
7.100000e-01 2.791862e-02
7.125000e-01 2.790222e-02
7.150000e-01 2.788577e-02
7.175000e-01 2.786925e-02
7.200000e-01 2.785268e-02
7.225000e-01 2.783604e-02
7.250000e-01 2.781934e-02
7.275000e-01 2.780259e-02
7.300000e-01 2.778577e-02
7.325000e-01 2.776889e-02
7.350000e-01 2.775195e-02
7.375000e-01 2.773495e-02
7.400000e-01 2.771788e-02
7.425000e-01 2.770076e-02
7.450000e-01 2.768358e-02
7.475000e-01 2.766633e-02
7.500000e-01 2.764903e-02
7.525000e-01 2.763166e-02
7.550000e-01 2.761423e-02
7.575000e-01 2.759674e-02
7.600000e-01 2.757919e-02
7.625000e-01 2.756158e-02
7.650000e-01 2.754391e-02
7.675000e-01 2.752618e-02
7.700000e-01 2.750838e-02
7.725000e-01 2.749053e-02
7.750000e-01 2.747261e-02
7.775000e-01 2.745463e-02
7.800000e-01 2.743659e-02
7.825000e-01 2.741849e-02
7.850000e-01 2.740033e-02
7.875000e-01 2.738210e-02
7.900000e-01 2.736382e-02
7.925000e-01 2.734547e-02
7.950000e-01 2.732706e-02
7.975000e-01 2.730859e-02
8.000000e-01 2.729006e-02
8.025000e-01 2.727146e-02
8.050000e-01 2.725281e-02
8.075000e-01 2.723409e-02
8.100000e-01 2.721531e-02
8.125000e-01 2.719647e-02
8.150000e-01 2.717757e-02
8.175000e-01 2.715861e-02
8.200000e-01 2.713958e-02
8.225000e-01 2.712049e-02
8.250000e-01 2.710134e-02
8.275000e-01 2.708213e-02
8.300000e-01 2.706286e-02
8.325000e-01 2.704352e-02
8.350000e-01 2.702412e-02
8.375000e-01 2.700466e-02
8.400000e-01 2.698514e-02
8.425000e-01 2.696556e-02
8.450000e-01 2.694591e-02
8.475000e-01 2.692620e-02
8.500000e-01 2.690643e-02
8.525000e-01 2.688660e-02
8.550000e-01 2.686670e-02
8.575000e-01 2.684675e-02
8.600000e-01 2.682673e-02
8.625000e-01 2.680664e-02
8.650000e-01 2.678650e-02
8.675000e-01 2.676629e-02
8.700000e-01 2.674602e-02
8.725000e-01 2.672569e-02
8.750000e-01 2.670530e-02
8.775000e-01 2.668484e-02
8.800000e-01 2.666432e-02
8.825000e-01 2.664374e-02
8.850000e-01 2.662309e-02
8.875000e-01 2.660238e-02
8.900000e-01 2.658161e-02
8.925000e-01 2.656078e-02
8.950000e-01 2.653988e-02
8.975000e-01 2.651893e-02
9.000000e-01 2.649790e-02
9.025000e-01 2.647682e-02
9.050000e-01 2.645567e-02
9.075000e-01 2.643446e-02
9.100000e-01 2.641319e-02
9.125000e-01 2.639185e-02
9.150000e-01 2.637046e-02
9.175000e-01 2.634899e-02
9.200000e-01 2.632747e-02
9.225000e-01 2.630588e-02
9.250000e-01 2.628423e-02
9.275000e-01 2.626251e-02
9.300000e-01 2.624074e-02
9.325000e-01 2.621890e-02
9.350000e-01 2.619699e-02
9.375000e-01 2.617503e-02
9.400000e-01 2.615299e-02
9.425000e-01 2.613090e-02
9.450000e-01 2.610874e-02
9.475000e-01 2.608652e-02
9.500000e-01 2.606424e-02
9.525000e-01 2.604189e-02
9.550000e-01 2.601948e-02
9.575000e-01 2.599701e-02
9.600000e-01 2.597447e-02
9.625000e-01 2.595187e-02
9.650000e-01 2.592920e-02
9.675000e-01 2.590648e-02
9.700000e-01 2.588368e-02
9.725000e-01 2.586083e-02
9.750000e-01 2.583791e-02
9.775000e-01 2.581493e-02
9.800000e-01 2.579188e-02
9.825000e-01 2.576877e-02
9.850000e-01 2.574560e-02
9.875000e-01 2.572236e-02
9.900000e-01 2.569906e-02
9.925000e-01 2.567569e-02
9.950000e-01 2.565226e-02
9.975000e-01 2.562877e-02
1.000000e+00 2.560521e-02
1.002500e+00 2.558159e-02
1.005000e+00 2.555791e-02
1.007500e+00 2.553416e-02
1.010000e+00 2.551034e-02
1.012500e+00 2.548647e-02
1.015000e+00 2.546253e-02
1.017500e+00 2.543852e-02
1.020000e+00 2.541445e-02
1.022500e+00 2.539032e-02
1.025000e+00 2.536612e-02
1.027500e+00 2.534186e-02
1.030000e+00 2.531754e-02
1.032500e+00 2.529315e-02
1.035000e+00 2.526869e-02
1.037500e+00 2.524418e-02
1.040000e+00 2.521959e-02
1.042500e+00 2.519495e-02
1.045000e+00 2.517024e-02
1.047500e+00 2.514546e-02
1.050000e+00 2.512062e-02
1.052500e+00 2.509572e-02
1.055000e+00 2.507075e-02
1.057500e+00 2.504572e-02
1.060000e+00 2.502062e-02
1.062500e+00 2.499546e-02
1.065000e+00 2.497023e-02
1.067500e+00 2.494494e-02
1.070000e+00 2.491959e-02
1.072500e+00 2.489417e-02
1.075000e+00 2.486869e-02
1.077500e+00 2.484314e-02
1.080000e+00 2.481753e-02
1.082500e+00 2.479185e-02
1.085000e+00 2.476611e-02
1.087500e+00 2.474030e-02
1.090000e+00 2.471443e-02
1.092500e+00 2.468849e-02
1.095000e+00 2.466249e-02
1.097500e+00 2.463643e-02
1.100000e+00 2.461030e-02
1.102500e+00 2.458411e-02
1.105000e+00 2.455785e-02
1.107500e+00 2.453153e-02
1.110000e+00 2.450514e-02
1.112500e+00 2.447869e-02
1.115000e+00 2.445217e-02
1.117500e+00 2.442559e-02
1.120000e+00 2.439894e-02
1.122500e+00 2.437223e-02
1.125000e+00 2.434545e-02
1.127500e+00 2.431861e-02
1.130000e+00 2.429171e-02
1.132500e+00 2.426474e-02
1.135000e+00 2.423770e-02
1.137500e+00 2.421060e-02
1.140000e+00 2.418344e-02
1.142500e+00 2.415621e-02
1.145000e+00 2.412892e-02
1.147500e+00 2.410156e-02
1.150000e+00 2.407413e-02
1.152500e+00 2.404665e-02
1.155000e+00 2.401909e-02
1.157500e+00 2.399148e-02
1.160000e+00 2.396379e-02
1.162500e+00 2.393605e-02
1.165000e+00 2.390824e-02
1.167500e+00 2.388036e-02
1.170000e+00 2.385242e-02
1.172500e+00 2.382441e-02
1.175000e+00 2.379634e-02
1.177500e+00 2.376821e-02
1.180000e+00 2.374000e-02
1.182500e+00 2.371174e-02
1.185000e+00 2.368341e-02
1.187500e+00 2.365502e-02
1.190000e+00 2.362656e-02
1.192500e+00 2.359803e-02
1.195000e+00 2.356944e-02
1.197500e+00 2.354079e-02
1.200000e+00 2.351207e-02
1.202500e+00 2.348329e-02
1.205000e+00 2.345444e-02
1.207500e+00 2.342553e-02
1.210000e+00 2.339655e-02
1.212500e+00 2.336751e-02
1.215000e+00 2.333841e-02
1.217500e+00 2.330924e-02
1.220000e+00 2.328000e-02
1.222500e+00 2.325070e-02
1.225000e+00 2.322134e-02
1.227500e+00 2.319191e-02
1.230000e+00 2.316242e-02
1.232500e+00 2.313286e-02
1.235000e+00 2.310324e-02
1.237500e+00 2.307355e-02
1.240000e+00 2.304380e-02
1.242500e+00 2.301398e-02
1.245000e+00 2.298410e-02
1.247500e+00 2.295416e-02
1.250000e+00 2.292415e-02
1.252500e+00 2.289408e-02
1.255000e+00 2.286394e-02
1.257500e+00 2.283374e-02
1.260000e+00 2.280347e-02
1.262500e+00 2.277314e-02
1.265000e+00 2.274275e-02
1.267500e+00 2.271229e-02
1.270000e+00 2.268177e-02
1.272500e+00 2.265118e-02
1.275000e+00 2.262053e-02
1.277500e+00 2.258982e-02
1.280000e+00 2.255904e-02
1.282500e+00 2.252819e-02
1.285000e+00 2.249729e-02
1.287500e+00 2.246632e-02
1.290000e+00 2.243528e-02
1.292500e+00 2.240419e-02
1.295000e+00 2.237302e-02
1.297500e+00 2.234180e-02
1.300000e+00 2.231051e-02
1.302500e+00 2.227916e-02
1.305000e+00 2.224774e-02
1.307500e+00 2.221626e-02
1.310000e+00 2.218472e-02
1.312500e+00 2.215311e-02
1.315000e+00 2.212144e-02
1.317500e+00 2.208970e-02
1.320000e+00 2.205791e-02
1.322500e+00 2.202605e-02
1.325000e+00 2.199412e-02
1.327500e+00 2.196214e-02
1.330000e+00 2.193009e-02
1.332500e+00 2.189797e-02
1.335000e+00 2.186580e-02
1.337500e+00 2.183356e-02
1.340000e+00 2.180126e-02
1.342500e+00 2.176889e-02
1.345000e+00 2.173646e-02
1.347500e+00 2.170397e-02
1.350000e+00 2.167142e-02
1.352500e+00 2.163881e-02
1.355000e+00 2.160613e-02
1.357500e+00 2.157339e-02
1.360000e+00 2.154059e-02
1.362500e+00 2.150772e-02
1.365000e+00 2.147479e-02
1.367500e+00 2.144180e-02
1.370000e+00 2.140875e-02
1.372500e+00 2.137564e-02
1.375000e+00 2.134246e-02
1.377500e+00 2.130923e-02
1.380000e+00 2.127593e-02
1.382500e+00 2.124257e-02
1.385000e+00 2.120915e-02
1.387500e+00 2.117566e-02
1.390000e+00 2.114212e-02
1.392500e+00 2.110851e-02
1.395000e+00 2.107484e-02
1.397500e+00 2.104111e-02
1.400000e+00 2.100732e-02
1.402500e+00 2.097347e-02
1.405000e+00 2.093956e-02
1.407500e+00 2.090559e-02
1.410000e+00 2.087155e-02
1.412500e+00 2.083746e-02
1.415000e+00 2.080330e-02
1.417500e+00 2.076909e-02
1.420000e+00 2.073481e-02
1.422500e+00 2.070047e-02
1.425000e+00 2.066608e-02
1.427500e+00 2.063162e-02
1.430000e+00 2.059711e-02
1.432500e+00 2.056253e-02
1.435000e+00 2.052789e-02
1.437500e+00 2.049320e-02
1.440000e+00 2.045844e-02
1.442500e+00 2.042363e-02
1.445000e+00 2.038876e-02
1.447500e+00 2.035382e-02
1.450000e+00 2.031883e-02
1.452500e+00 2.028378e-02
1.455000e+00 2.024867e-02
1.457500e+00 2.021350e-02
1.460000e+00 2.017827e-02
1.462500e+00 2.014299e-02
1.465000e+00 2.010764e-02
1.467500e+00 2.007224e-02
1.470000e+00 2.003678e-02
1.472500e+00 2.000127e-02
1.475000e+00 1.996569e-02
1.477500e+00 1.993006e-02
1.480000e+00 1.989437e-02
1.482500e+00 1.985862e-02
1.485000e+00 1.982281e-02
1.487500e+00 1.978695e-02
1.490000e+00 1.975103e-02
1.492500e+00 1.971505e-02
1.495000e+00 1.967902e-02
1.497500e+00 1.964293e-02
1.500000e+00 1.960678e-02
1.502500e+00 1.957058e-02
1.505000e+00 1.953432e-02
1.507500e+00 1.949801e-02
1.510000e+00 1.946164e-02
1.512500e+00 1.942521e-02
1.515000e+00 1.938873e-02
1.517500e+00 1.935220e-02
1.520000e+00 1.931560e-02
1.522500e+00 1.927896e-02
1.525000e+00 1.924226e-02
1.527500e+00 1.920550e-02
1.530000e+00 1.916869e-02
1.532500e+00 1.913183e-02
1.535000e+00 1.909491e-02
1.537500e+00 1.905794e-02
1.540000e+00 1.902091e-02
1.542500e+00 1.898383e-02
1.545000e+00 1.894670e-02
1.547500e+00 1.890951e-02
1.550000e+00 1.887227e-02
1.552500e+00 1.883498e-02
1.555000e+00 1.879763e-02
1.557500e+00 1.876024e-02
1.560000e+00 1.872279e-02
1.562500e+00 1.868529e-02
1.565000e+00 1.864773e-02
1.567500e+00 1.861013e-02
1.570000e+00 1.857247e-02
1.572500e+00 1.853476e-02
1.575000e+00 1.849701e-02
1.577500e+00 1.845920e-02
1.580000e+00 1.842134e-02
1.582500e+00 1.838343e-02
1.585000e+00 1.834547e-02
1.587500e+00 1.830746e-02
1.590000e+00 1.826940e-02
1.592500e+00 1.823129e-02
1.595000e+00 1.819313e-02
1.597500e+00 1.815492e-02
1.600000e+00 1.811666e-02
1.602500e+00 1.807836e-02
1.605000e+00 1.804000e-02
1.607500e+00 1.800160e-02
1.610000e+00 1.796315e-02
1.612500e+00 1.792465e-02
1.615000e+00 1.788611e-02
1.617500e+00 1.784752e-02
1.620000e+00 1.780888e-02
1.622500e+00 1.777019e-02
1.625000e+00 1.773146e-02
1.627500e+00 1.769268e-02
1.630000e+00 1.765385e-02
1.632500e+00 1.761498e-02
1.635000e+00 1.757607e-02
1.637500e+00 1.753711e-02
1.640000e+00 1.749810e-02
1.642500e+00 1.745905e-02
1.645000e+00 1.741996e-02
1.647500e+00 1.738082e-02
1.650000e+00 1.734164e-02
1.652500e+00 1.730241e-02
1.655000e+00 1.726314e-02
1.657500e+00 1.722383e-02
1.660000e+00 1.718447e-02
1.662500e+00 1.714507e-02
1.665000e+00 1.710563e-02
1.667500e+00 1.706615e-02
1.670000e+00 1.702663e-02
1.672500e+00 1.698706e-02
1.675000e+00 1.694746e-02
1.677500e+00 1.690781e-02
1.680000e+00 1.686812e-02
1.682500e+00 1.682840e-02
1.685000e+00 1.678863e-02
1.687500e+00 1.674882e-02
1.690000e+00 1.670898e-02
1.692500e+00 1.666909e-02
1.695000e+00 1.662917e-02
1.697500e+00 1.658921e-02
1.700000e+00 1.654921e-02
1.702500e+00 1.650917e-02
1.705000e+00 1.646909e-02
1.707500e+00 1.642898e-02
1.710000e+00 1.638883e-02
1.712500e+00 1.634865e-02
1.715000e+00 1.630843e-02
1.717500e+00 1.626817e-02
1.720000e+00 1.622788e-02
1.722500e+00 1.618755e-02
1.725000e+00 1.614719e-02
1.727500e+00 1.610680e-02
1.730000e+00 1.606637e-02
1.732500e+00 1.602590e-02
1.735000e+00 1.598541e-02
1.737500e+00 1.594488e-02
1.740000e+00 1.590431e-02
1.742500e+00 1.586372e-02
1.745000e+00 1.582309e-02
1.747500e+00 1.578244e-02
1.750000e+00 1.574175e-02
1.752500e+00 1.570103e-02
1.755000e+00 1.566028e-02
1.757500e+00 1.561950e-02
1.760000e+00 1.557869e-02
1.762500e+00 1.553785e-02
1.765000e+00 1.549698e-02
1.767500e+00 1.545608e-02
1.770000e+00 1.541515e-02
1.772500e+00 1.537420e-02
1.775000e+00 1.533322e-02
1.777500e+00 1.529221e-02
1.780000e+00 1.525118e-02
1.782500e+00 1.521012e-02
1.785000e+00 1.516903e-02
1.787500e+00 1.512792e-02
1.790000e+00 1.508678e-02
1.792500e+00 1.504562e-02
1.795000e+00 1.500444e-02
1.797500e+00 1.496323e-02
1.800000e+00 1.492199e-02
1.802500e+00 1.488074e-02
1.805000e+00 1.483946e-02
1.807500e+00 1.479816e-02
1.810000e+00 1.475684e-02
1.812500e+00 1.471549e-02
1.815000e+00 1.467413e-02
1.817500e+00 1.463274e-02
1.820000e+00 1.459134e-02
1.822500e+00 1.454991e-02
1.825000e+00 1.450847e-02
1.827500e+00 1.446700e-02
1.830000e+00 1.442552e-02
1.832500e+00 1.438402e-02
1.835000e+00 1.434251e-02
1.837500e+00 1.430097e-02
1.840000e+00 1.425942e-02
1.842500e+00 1.421785e-02
1.845000e+00 1.417627e-02
1.847500e+00 1.413467e-02
1.850000e+00 1.409306e-02
1.852500e+00 1.405144e-02
1.855000e+00 1.400979e-02
1.857500e+00 1.396814e-02
1.860000e+00 1.392647e-02
1.862500e+00 1.388479e-02
1.865000e+00 1.384310e-02
1.867500e+00 1.380140e-02
1.870000e+00 1.375968e-02
1.872500e+00 1.371796e-02
1.875000e+00 1.367622e-02
1.877500e+00 1.363448e-02
1.880000e+00 1.359273e-02
1.882500e+00 1.355096e-02
1.885000e+00 1.350919e-02
1.887500e+00 1.346741e-02
1.890000e+00 1.342563e-02
1.892500e+00 1.338384e-02
1.895000e+00 1.334204e-02
1.897500e+00 1.330023e-02
1.900000e+00 1.325842e-02
1.902500e+00 1.321661e-02
1.905000e+00 1.317479e-02
1.907500e+00 1.313296e-02
1.910000e+00 1.309114e-02
1.912500e+00 1.304931e-02
1.915000e+00 1.300748e-02
1.917500e+00 1.296564e-02
1.920000e+00 1.292381e-02
1.922500e+00 1.288197e-02
1.925000e+00 1.284014e-02
1.927500e+00 1.279830e-02
1.930000e+00 1.275647e-02
1.932500e+00 1.271463e-02
1.935000e+00 1.267280e-02
1.937500e+00 1.263097e-02
1.940000e+00 1.258915e-02
1.942500e+00 1.254732e-02
1.945000e+00 1.250551e-02
1.947500e+00 1.246369e-02
1.950000e+00 1.242188e-02
1.952500e+00 1.238008e-02
1.955000e+00 1.233828e-02
1.957500e+00 1.229649e-02
1.960000e+00 1.225470e-02
1.962500e+00 1.221293e-02
1.965000e+00 1.217116e-02
1.967500e+00 1.212940e-02
1.970000e+00 1.208765e-02
1.972500e+00 1.204590e-02
1.975000e+00 1.200417e-02
1.977500e+00 1.196245e-02
1.980000e+00 1.192074e-02
1.982500e+00 1.187905e-02
1.985000e+00 1.183736e-02
1.987500e+00 1.179569e-02
1.990000e+00 1.175404e-02
1.992500e+00 1.171239e-02
1.995000e+00 1.167076e-02
1.997500e+00 1.162915e-02
2.000000e+00 1.158755e-02
2.002500e+00 1.154597e-02
2.005000e+00 1.150441e-02
2.007500e+00 1.146286e-02
2.010000e+00 1.142133e-02
2.012500e+00 1.137982e-02
2.015000e+00 1.133833e-02
2.017500e+00 1.129686e-02
2.020000e+00 1.125541e-02
2.022500e+00 1.121398e-02
2.025000e+00 1.117257e-02
2.027500e+00 1.113118e-02
2.030000e+00 1.108982e-02
2.032500e+00 1.104848e-02
2.035000e+00 1.100716e-02
2.037500e+00 1.096587e-02
2.040000e+00 1.092460e-02
2.042500e+00 1.088336e-02
2.045000e+00 1.084214e-02
2.047500e+00 1.080095e-02
2.050000e+00 1.075979e-02
2.052500e+00 1.071865e-02
2.055000e+00 1.067754e-02
2.057500e+00 1.063646e-02
2.060000e+00 1.059542e-02
2.062500e+00 1.055440e-02
2.065000e+00 1.051341e-02
2.067500e+00 1.047245e-02
2.070000e+00 1.043152e-02
2.072500e+00 1.039063e-02
2.075000e+00 1.034977e-02
2.077500e+00 1.030894e-02
2.080000e+00 1.026815e-02
2.082500e+00 1.022739e-02
2.085000e+00 1.018667e-02
2.087500e+00 1.014598e-02
2.090000e+00 1.010533e-02
2.092500e+00 1.006472e-02
2.095000e+00 1.002414e-02
2.097500e+00 9.983603e-03
2.100000e+00 9.943103e-03
2.102500e+00 9.902643e-03
2.105000e+00 9.862222e-03
2.107500e+00 9.821841e-03
2.110000e+00 9.781502e-03
2.112500e+00 9.741204e-03
2.115000e+00 9.700948e-03
2.117500e+00 9.660735e-03
2.120000e+00 9.620566e-03
2.122500e+00 9.580440e-03
2.125000e+00 9.540358e-03
2.127500e+00 9.500322e-03
2.130000e+00 9.460331e-03
2.132500e+00 9.420386e-03
2.135000e+00 9.380488e-03
2.137500e+00 9.340637e-03
2.140000e+00 9.300834e-03
2.142500e+00 9.261080e-03
2.145000e+00 9.221375e-03
2.147500e+00 9.181719e-03
2.150000e+00 9.142113e-03
2.152500e+00 9.102558e-03
2.155000e+00 9.063055e-03
2.157500e+00 9.023603e-03
2.160000e+00 8.984204e-03
2.162500e+00 8.944857e-03
2.165000e+00 8.905565e-03
2.167500e+00 8.866326e-03
2.170000e+00 8.827142e-03
2.172500e+00 8.788013e-03
2.175000e+00 8.748941e-03
2.177500e+00 8.709924e-03
2.180000e+00 8.670965e-03
2.182500e+00 8.632063e-03
2.185000e+00 8.593219e-03
2.187500e+00 8.554433e-03
2.190000e+00 8.515707e-03
2.192500e+00 8.477041e-03
2.195000e+00 8.438434e-03
2.197500e+00 8.399889e-03
2.200000e+00 8.361405e-03
2.202500e+00 8.322983e-03
2.205000e+00 8.284623e-03
2.207500e+00 8.246327e-03
2.210000e+00 8.208094e-03
2.212500e+00 8.169925e-03
2.215000e+00 8.131820e-03
2.217500e+00 8.093781e-03
2.220000e+00 8.055808e-03
2.222500e+00 8.017901e-03
2.225000e+00 7.980060e-03
2.227500e+00 7.942287e-03
2.230000e+00 7.904582e-03
2.232500e+00 7.866945e-03
2.235000e+00 7.829377e-03
2.237500e+00 7.791878e-03
2.240000e+00 7.754449e-03
2.242500e+00 7.717091e-03
2.245000e+00 7.679804e-03
2.247500e+00 7.642588e-03
2.250000e+00 7.605444e-03
2.252500e+00 7.568373e-03
2.255000e+00 7.531374e-03
2.257500e+00 7.494449e-03
2.260000e+00 7.457599e-03
2.262500e+00 7.420822e-03
2.265000e+00 7.384121e-03
2.267500e+00 7.347495e-03
2.270000e+00 7.310946e-03
2.272500e+00 7.274472e-03
2.275000e+00 7.238076e-03
2.277500e+00 7.201757e-03
2.280000e+00 7.165517e-03
2.282500e+00 7.129354e-03
2.285000e+00 7.093271e-03
2.287500e+00 7.057267e-03
2.290000e+00 7.021343e-03
2.292500e+00 6.985499e-03
2.295000e+00 6.949736e-03
2.297500e+00 6.914055e-03
2.300000e+00 6.878455e-03
2.302500e+00 6.842937e-03
2.305000e+00 6.807502e-03
2.307500e+00 6.772150e-03
2.310000e+00 6.736882e-03
2.312500e+00 6.701698e-03
2.315000e+00 6.666598e-03
2.317500e+00 6.631583e-03
2.320000e+00 6.596653e-03
2.322500e+00 6.561809e-03
2.325000e+00 6.527052e-03
2.327500e+00 6.492381e-03
2.330000e+00 6.457797e-03
2.332500e+00 6.423301e-03
2.335000e+00 6.388892e-03
2.337500e+00 6.354572e-03
2.340000e+00 6.320341e-03
2.342500e+00 6.286199e-03
2.345000e+00 6.252146e-03
2.347500e+00 6.218183e-03
2.350000e+00 6.184311e-03
2.352500e+00 6.150529e-03
2.355000e+00 6.116839e-03
2.357500e+00 6.083240e-03
2.360000e+00 6.049733e-03
2.362500e+00 6.016319e-03
2.365000e+00 5.982997e-03
2.367500e+00 5.949768e-03
2.370000e+00 5.916633e-03
2.372500e+00 5.883591e-03
2.375000e+00 5.850644e-03
2.377500e+00 5.817791e-03
2.380000e+00 5.785033e-03
2.382500e+00 5.752371e-03
2.385000e+00 5.719804e-03
2.387500e+00 5.687332e-03
2.390000e+00 5.654958e-03
2.392500e+00 5.622679e-03
2.395000e+00 5.590498e-03
2.397500e+00 5.558414e-03
2.400000e+00 5.526428e-03
2.402500e+00 5.494540e-03
2.405000e+00 5.462749e-03
2.407500e+00 5.431058e-03
2.410000e+00 5.399465e-03
2.412500e+00 5.367972e-03
2.415000e+00 5.336578e-03
2.417500e+00 5.305284e-03
2.420000e+00 5.274090e-03
2.422500e+00 5.242996e-03
2.425000e+00 5.212003e-03
2.427500e+00 5.181111e-03
2.430000e+00 5.150320e-03
2.432500e+00 5.119631e-03
2.435000e+00 5.089043e-03
2.437500e+00 5.058558e-03
2.440000e+00 5.028175e-03
2.442500e+00 4.997894e-03
2.445000e+00 4.967716e-03
2.447500e+00 4.937641e-03
2.450000e+00 4.907670e-03
2.452500e+00 4.877802e-03
2.455000e+00 4.848038e-03
2.457500e+00 4.818378e-03
2.460000e+00 4.788822e-03
2.462500e+00 4.759371e-03
2.465000e+00 4.730024e-03
2.467500e+00 4.700782e-03
2.470000e+00 4.671646e-03
2.472500e+00 4.642614e-03
2.475000e+00 4.613689e-03
2.477500e+00 4.584869e-03
2.480000e+00 4.556155e-03
2.482500e+00 4.527547e-03
2.485000e+00 4.499045e-03
2.487500e+00 4.470650e-03
2.490000e+00 4.442361e-03
2.492500e+00 4.414179e-03
2.495000e+00 4.386104e-03
2.497500e+00 4.358137e-03
2.500000e+00 4.330277e-03
2.502500e+00 4.302524e-03
2.505000e+00 4.274878e-03
2.507500e+00 4.247341e-03
2.510000e+00 4.219911e-03
2.512500e+00 4.192590e-03
2.515000e+00 4.165377e-03
2.517500e+00 4.138271e-03
2.520000e+00 4.111275e-03
2.522500e+00 4.084387e-03
2.525000e+00 4.057607e-03
2.527500e+00 4.030937e-03
2.530000e+00 4.004375e-03
2.532500e+00 3.977922e-03
2.535000e+00 3.951578e-03
2.537500e+00 3.925343e-03
2.540000e+00 3.899218e-03
2.542500e+00 3.873202e-03
2.545000e+00 3.847295e-03
2.547500e+00 3.821498e-03
2.550000e+00 3.795811e-03
2.552500e+00 3.770233e-03
2.555000e+00 3.744764e-03
2.557500e+00 3.719406e-03
2.560000e+00 3.694157e-03
2.562500e+00 3.669018e-03
2.565000e+00 3.643989e-03
2.567500e+00 3.619070e-03
2.570000e+00 3.594260e-03
2.572500e+00 3.569561e-03
2.575000e+00 3.544972e-03
2.577500e+00 3.520493e-03
2.580000e+00 3.496124e-03
2.582500e+00 3.471865e-03
2.585000e+00 3.447715e-03
2.587500e+00 3.423677e-03
2.590000e+00 3.399748e-03
2.592500e+00 3.375929e-03
2.595000e+00 3.352220e-03
2.597500e+00 3.328621e-03
2.600000e+00 3.305133e-03
2.602500e+00 3.281754e-03
2.605000e+00 3.258486e-03
2.607500e+00 3.235327e-03
2.610000e+00 3.212278e-03
2.612500e+00 3.189339e-03
2.615000e+00 3.166510e-03
2.617500e+00 3.143791e-03
2.620000e+00 3.121181e-03
2.622500e+00 3.098682e-03
2.625000e+00 3.076291e-03
2.627500e+00 3.054011e-03
2.630000e+00 3.031840e-03
2.632500e+00 3.009778e-03
2.635000e+00 2.987826e-03
2.637500e+00 2.965983e-03
2.640000e+00 2.944249e-03
2.642500e+00 2.922624e-03
2.645000e+00 2.901108e-03
2.647500e+00 2.879701e-03
2.650000e+00 2.858403e-03
2.652500e+00 2.837214e-03
2.655000e+00 2.816134e-03
2.657500e+00 2.795161e-03
2.660000e+00 2.774298e-03
2.662500e+00 2.753542e-03
2.665000e+00 2.732895e-03
2.667500e+00 2.712355e-03
2.670000e+00 2.691924e-03
2.672500e+00 2.671600e-03
2.675000e+00 2.651384e-03
2.677500e+00 2.631276e-03
2.680000e+00 2.611274e-03
2.682500e+00 2.591380e-03
2.685000e+00 2.571593e-03
2.687500e+00 2.551913e-03
2.690000e+00 2.532340e-03
2.692500e+00 2.512873e-03
2.695000e+00 2.493513e-03
2.697500e+00 2.474258e-03
2.700000e+00 2.455110e-03
2.702500e+00 2.436068e-03
2.705000e+00 2.417131e-03
2.707500e+00 2.398300e-03
2.710000e+00 2.379574e-03
2.712500e+00 2.360954e-03
2.715000e+00 2.342438e-03
2.717500e+00 2.324027e-03
2.720000e+00 2.305721e-03
2.722500e+00 2.287518e-03
2.725000e+00 2.269421e-03
2.727500e+00 2.251426e-03
2.730000e+00 2.233536e-03
2.732500e+00 2.215749e-03
2.735000e+00 2.198066e-03
2.737500e+00 2.180485e-03
2.740000e+00 2.163008e-03
2.742500e+00 2.145632e-03
2.745000e+00 2.128360e-03
2.747500e+00 2.111189e-03
2.750000e+00 2.094120e-03
2.752500e+00 2.077153e-03
2.755000e+00 2.060288e-03
2.757500e+00 2.043523e-03
2.760000e+00 2.026860e-03
2.762500e+00 2.010297e-03
2.765000e+00 1.993834e-03
2.767500e+00 1.977472e-03
2.770000e+00 1.961210e-03
2.772500e+00 1.945047e-03
2.775000e+00 1.928983e-03
2.777500e+00 1.913019e-03
2.780000e+00 1.897154e-03
2.782500e+00 1.881387e-03
2.785000e+00 1.865718e-03
2.787500e+00 1.850147e-03
2.790000e+00 1.834674e-03
2.792500e+00 1.819299e-03
2.795000e+00 1.804021e-03
2.797500e+00 1.788839e-03
2.800000e+00 1.773754e-03
2.802500e+00 1.758765e-03
2.805000e+00 1.743873e-03
2.807500e+00 1.729076e-03
2.810000e+00 1.714374e-03
2.812500e+00 1.699768e-03
2.815000e+00 1.685256e-03
2.817500e+00 1.670839e-03
2.820000e+00 1.656516e-03
2.822500e+00 1.642287e-03
2.825000e+00 1.628151e-03
2.827500e+00 1.614109e-03
2.830000e+00 1.600159e-03
2.832500e+00 1.586302e-03
2.835000e+00 1.572538e-03
2.837500e+00 1.558865e-03
2.840000e+00 1.545284e-03
2.842500e+00 1.531795e-03
2.845000e+00 1.518396e-03
2.847500e+00 1.505088e-03
2.850000e+00 1.491870e-03
2.852500e+00 1.478743e-03
2.855000e+00 1.465705e-03
2.857500e+00 1.452756e-03
2.860000e+00 1.439897e-03
2.862500e+00 1.427126e-03
2.865000e+00 1.414443e-03
2.867500e+00 1.401848e-03
2.870000e+00 1.389341e-03
2.872500e+00 1.376922e-03
2.875000e+00 1.364589e-03
2.877500e+00 1.352343e-03
2.880000e+00 1.340183e-03
2.882500e+00 1.328109e-03
2.885000e+00 1.316120e-03
2.887500e+00 1.304217e-03
2.890000e+00 1.292398e-03
2.892500e+00 1.280665e-03
2.895000e+00 1.269015e-03
2.897500e+00 1.257449e-03
2.900000e+00 1.245966e-03
2.902500e+00 1.234567e-03
2.905000e+00 1.223250e-03
2.907500e+00 1.212015e-03
2.910000e+00 1.200863e-03
2.912500e+00 1.189792e-03
2.915000e+00 1.178803e-03
2.917500e+00 1.167894e-03
2.920000e+00 1.157066e-03
2.922500e+00 1.146318e-03
2.925000e+00 1.135650e-03
2.927500e+00 1.125061e-03
2.930000e+00 1.114551e-03
2.932500e+00 1.104120e-03
2.935000e+00 1.093768e-03
2.937500e+00 1.083493e-03
2.940000e+00 1.073296e-03
2.942500e+00 1.063176e-03
2.945000e+00 1.053133e-03
2.947500e+00 1.043166e-03
2.950000e+00 1.033276e-03
2.952500e+00 1.023461e-03
2.955000e+00 1.013722e-03
2.957500e+00 1.004057e-03
2.960000e+00 9.944676e-04
2.962500e+00 9.849521e-04
2.965000e+00 9.755104e-04
2.967500e+00 9.661422e-04
2.970000e+00 9.568471e-04
2.972500e+00 9.476247e-04
2.975000e+00 9.384747e-04
2.977500e+00 9.293967e-04
2.980000e+00 9.203903e-04
2.982500e+00 9.114551e-04
2.985000e+00 9.025908e-04
2.987500e+00 8.937969e-04
2.990000e+00 8.850731e-04
2.992500e+00 8.764191e-04
2.995000e+00 8.678344e-04
2.997500e+00 8.593187e-04
3.000000e+00 8.508716e-04
3.002500e+00 8.424927e-04
3.005000e+00 8.341816e-04
3.007500e+00 8.259380e-04
3.010000e+00 8.177615e-04
3.012500e+00 8.096517e-04
3.015000e+00 8.016083e-04
3.017500e+00 7.936308e-04
3.020000e+00 7.857189e-04
3.022500e+00 7.778722e-04
3.025000e+00 7.700904e-04
3.027500e+00 7.623730e-04
3.030000e+00 7.547197e-04
3.032500e+00 7.471302e-04
3.035000e+00 7.396039e-04
3.037500e+00 7.321407e-04
3.040000e+00 7.247400e-04
3.042500e+00 7.174016e-04
3.045000e+00 7.101251e-04
3.047500e+00 7.029100e-04
3.050000e+00 6.957560e-04
3.052500e+00 6.886628e-04
3.055000e+00 6.816299e-04
3.057500e+00 6.746571e-04
3.060000e+00 6.677439e-04
3.062500e+00 6.608900e-04
3.065000e+00 6.540949e-04
3.067500e+00 6.473585e-04
3.070000e+00 6.406801e-04
3.072500e+00 6.340596e-04
3.075000e+00 6.274966e-04
3.077500e+00 6.209906e-04
3.080000e+00 6.145413e-04
3.082500e+00 6.081484e-04
3.085000e+00 6.018115e-04
3.087500e+00 5.955302e-04
3.090000e+00 5.893041e-04
3.092500e+00 5.831330e-04
3.095000e+00 5.770165e-04
3.097500e+00 5.709541e-04
3.100000e+00 5.649456e-04
3.102500e+00 5.589906e-04
3.105000e+00 5.530887e-04
3.107500e+00 5.472396e-04
3.110000e+00 5.414429e-04
3.112500e+00 5.356982e-04
3.115000e+00 5.300053e-04
3.117500e+00 5.243638e-04
3.120000e+00 5.187733e-04
3.122500e+00 5.132335e-04
3.125000e+00 5.077440e-04
3.127500e+00 5.023045e-04
3.130000e+00 4.969146e-04
3.132500e+00 4.915740e-04
3.135000e+00 4.862824e-04
3.137500e+00 4.810394e-04
3.140000e+00 4.758446e-04
3.142500e+00 4.706978e-04
3.145000e+00 4.655985e-04
3.147500e+00 4.605466e-04
3.150000e+00 4.555415e-04
3.152500e+00 4.505830e-04
3.155000e+00 4.456708e-04
3.157500e+00 4.408045e-04
3.160000e+00 4.359838e-04
3.162500e+00 4.312083e-04
3.165000e+00 4.264778e-04
3.167500e+00 4.217918e-04
3.170000e+00 4.171502e-04
3.172500e+00 4.125524e-04
3.175000e+00 4.079983e-04
3.177500e+00 4.034875e-04
3.180000e+00 3.990197e-04
3.182500e+00 3.945946e-04
3.185000e+00 3.902118e-04
3.187500e+00 3.858710e-04
3.190000e+00 3.815719e-04
3.192500e+00 3.773142e-04
3.195000e+00 3.730976e-04
3.197500e+00 3.689217e-04
3.200000e+00 3.647863e-04
3.202500e+00 3.606911e-04
3.205000e+00 3.566357e-04
3.207500e+00 3.526198e-04
3.210000e+00 3.486431e-04
3.212500e+00 3.447054e-04
3.215000e+00 3.408062e-04
3.217500e+00 3.369454e-04
3.220000e+00 3.331226e-04
3.222500e+00 3.293376e-04
3.225000e+00 3.255899e-04
3.227500e+00 3.218794e-04
3.230000e+00 3.182057e-04
3.232500e+00 3.145685e-04
3.235000e+00 3.109676e-04
3.237500e+00 3.074026e-04
3.240000e+00 3.038733e-04
3.242500e+00 3.003794e-04
3.245000e+00 2.969205e-04
3.247500e+00 2.934965e-04
3.250000e+00 2.901070e-04
3.252500e+00 2.867517e-04
3.255000e+00 2.834304e-04
3.257500e+00 2.801428e-04
3.260000e+00 2.768886e-04
3.262500e+00 2.736675e-04
3.265000e+00 2.704793e-04
3.267500e+00 2.673237e-04
3.270000e+00 2.642003e-04
3.272500e+00 2.611091e-04
3.275000e+00 2.580496e-04
3.277500e+00 2.550215e-04
3.280000e+00 2.520248e-04
3.282500e+00 2.490590e-04
3.285000e+00 2.461239e-04
3.287500e+00 2.432193e-04
3.290000e+00 2.403449e-04
3.292500e+00 2.375004e-04
3.295000e+00 2.346856e-04
3.297500e+00 2.319002e-04
3.300000e+00 2.291440e-04
3.302500e+00 2.264167e-04
3.305000e+00 2.237180e-04
3.307500e+00 2.210478e-04
3.310000e+00 2.184058e-04
3.312500e+00 2.157916e-04
3.315000e+00 2.132052e-04
3.317500e+00 2.106462e-04
3.320000e+00 2.081144e-04
3.322500e+00 2.056095e-04
3.325000e+00 2.031314e-04
3.327500e+00 2.006797e-04
3.330000e+00 1.982543e-04
3.332500e+00 1.958548e-04
3.335000e+00 1.934812e-04
3.337500e+00 1.911331e-04
3.340000e+00 1.888103e-04
3.342500e+00 1.865126e-04
3.345000e+00 1.842397e-04
3.347500e+00 1.819915e-04
3.350000e+00 1.797677e-04
3.352500e+00 1.775681e-04
3.355000e+00 1.753924e-04
3.357500e+00 1.732405e-04
3.360000e+00 1.711121e-04
3.362500e+00 1.690070e-04
3.365000e+00 1.669250e-04
3.367500e+00 1.648659e-04
3.370000e+00 1.628295e-04
3.372500e+00 1.608155e-04
3.375000e+00 1.588238e-04
3.377500e+00 1.568541e-04
3.380000e+00 1.549062e-04
3.382500e+00 1.529800e-04
3.385000e+00 1.510751e-04
3.387500e+00 1.491915e-04
3.390000e+00 1.473290e-04
3.392500e+00 1.454872e-04
3.395000e+00 1.436661e-04
3.397500e+00 1.418654e-04
3.400000e+00 1.400849e-04
3.402500e+00 1.383245e-04
3.405000e+00 1.365839e-04
3.407500e+00 1.348629e-04
3.410000e+00 1.331615e-04
3.412500e+00 1.314792e-04
3.415000e+00 1.298161e-04
3.417500e+00 1.281719e-04
3.420000e+00 1.265464e-04
3.422500e+00 1.249395e-04
3.425000e+00 1.233509e-04
3.427500e+00 1.217804e-04
3.430000e+00 1.202280e-04
3.432500e+00 1.186934e-04
3.435000e+00 1.171764e-04
3.437500e+00 1.156769e-04
3.440000e+00 1.141947e-04
3.442500e+00 1.127296e-04
3.445000e+00 1.112815e-04
3.447500e+00 1.098501e-04
3.450000e+00 1.084354e-04
3.452500e+00 1.070371e-04
3.455000e+00 1.056551e-04
3.457500e+00 1.042892e-04
3.460000e+00 1.029393e-04
3.462500e+00 1.016051e-04
3.465000e+00 1.002866e-04
3.467500e+00 9.898360e-05
3.470000e+00 9.769589e-05
3.472500e+00 9.642334e-05
3.475000e+00 9.516579e-05
3.477500e+00 9.392310e-05
3.480000e+00 9.269511e-05
3.482500e+00 9.148166e-05
3.485000e+00 9.028262e-05
3.487500e+00 8.909782e-05
3.490000e+00 8.792712e-05
3.492500e+00 8.677038e-05
3.495000e+00 8.562745e-05
3.497500e+00 8.449818e-05
3.500000e+00 8.338244e-05
3.502500e+00 8.228008e-05
3.505000e+00 8.119096e-05
3.507500e+00 8.011494e-05
3.510000e+00 7.905189e-05
3.512500e+00 7.800166e-05
3.515000e+00 7.696412e-05
3.517500e+00 7.593914e-05
3.520000e+00 7.492659e-05
3.522500e+00 7.392632e-05
3.525000e+00 7.293822e-05
3.527500e+00 7.196215e-05
3.530000e+00 7.099797e-05
3.532500e+00 7.004558e-05
3.535000e+00 6.910482e-05
3.537500e+00 6.817559e-05
3.540000e+00 6.725776e-05
3.542500e+00 6.635120e-05
3.545000e+00 6.545580e-05
3.547500e+00 6.457142e-05
3.550000e+00 6.369796e-05
3.552500e+00 6.283528e-05
3.555000e+00 6.198328e-05
3.557500e+00 6.114184e-05
3.560000e+00 6.031084e-05
3.562500e+00 5.949017e-05
3.565000e+00 5.867971e-05
3.567500e+00 5.787935e-05
3.570000e+00 5.708899e-05
3.572500e+00 5.630849e-05
3.575000e+00 5.553777e-05
3.577500e+00 5.477671e-05
3.580000e+00 5.402521e-05
3.582500e+00 5.328315e-05
3.585000e+00 5.255043e-05
3.587500e+00 5.182694e-05
3.590000e+00 5.111259e-05
3.592500e+00 5.040727e-05
3.595000e+00 4.971088e-05
3.597500e+00 4.902332e-05
3.600000e+00 4.834449e-05
3.602500e+00 4.767428e-05
3.605000e+00 4.701261e-05
3.607500e+00 4.635937e-05
3.610000e+00 4.571447e-05
3.612500e+00 4.507782e-05
3.615000e+00 4.444931e-05
3.617500e+00 4.382886e-05
3.620000e+00 4.321638e-05
3.622500e+00 4.261177e-05
3.625000e+00 4.201494e-05
3.627500e+00 4.142580e-05
3.630000e+00 4.084427e-05
3.632500e+00 4.027025e-05
3.635000e+00 3.970366e-05
3.637500e+00 3.914442e-05
3.640000e+00 3.859243e-05
3.642500e+00 3.804762e-05
3.645000e+00 3.750989e-05
3.647500e+00 3.697917e-05
3.650000e+00 3.645538e-05
3.652500e+00 3.593843e-05
3.655000e+00 3.542824e-05
3.657500e+00 3.492473e-05
3.660000e+00 3.442783e-05
3.662500e+00 3.393746e-05
3.665000e+00 3.345353e-05
3.667500e+00 3.297598e-05
3.670000e+00 3.250473e-05
3.672500e+00 3.203969e-05
3.675000e+00 3.158081e-05
3.677500e+00 3.112800e-05
3.680000e+00 3.068120e-05
3.682500e+00 3.024032e-05
3.685000e+00 2.980531e-05
3.687500e+00 2.937608e-05
3.690000e+00 2.895258e-05
3.692500e+00 2.853472e-05
3.695000e+00 2.812245e-05
3.697500e+00 2.771570e-05
3.700000e+00 2.731439e-05
3.702500e+00 2.691846e-05
3.705000e+00 2.652785e-05
3.707500e+00 2.614250e-05
3.710000e+00 2.576233e-05
3.712500e+00 2.538729e-05
3.715000e+00 2.501731e-05
3.717500e+00 2.465233e-05
3.720000e+00 2.429229e-05
3.722500e+00 2.393713e-05
3.725000e+00 2.358679e-05
3.727500e+00 2.324121e-05
3.730000e+00 2.290032e-05
3.732500e+00 2.256408e-05
3.735000e+00 2.223243e-05
3.737500e+00 2.190530e-05
3.740000e+00 2.158265e-05
3.742500e+00 2.126441e-05
3.745000e+00 2.095053e-05
3.747500e+00 2.064096e-05
3.750000e+00 2.033564e-05
3.752500e+00 2.003452e-05
3.755000e+00 1.973755e-05
3.757500e+00 1.944468e-05
3.760000e+00 1.915585e-05
3.762500e+00 1.887101e-05
3.765000e+00 1.859011e-05
3.767500e+00 1.831311e-05
3.770000e+00 1.803995e-05
3.772500e+00 1.777058e-05
3.775000e+00 1.750496e-05
3.777500e+00 1.724304e-05
3.780000e+00 1.698477e-05
3.782500e+00 1.673011e-05
3.785000e+00 1.647901e-05
3.787500e+00 1.623142e-05
3.790000e+00 1.598730e-05
3.792500e+00 1.574660e-05
3.795000e+00 1.550929e-05
3.797500e+00 1.527531e-05
3.800000e+00 1.504462e-05
3.802500e+00 1.481719e-05
3.805000e+00 1.459296e-05
3.807500e+00 1.437191e-05
3.810000e+00 1.415398e-05
3.812500e+00 1.393914e-05
3.815000e+00 1.372734e-05
3.817500e+00 1.351855e-05
3.820000e+00 1.331273e-05
3.822500e+00 1.310983e-05
3.825000e+00 1.290983e-05
3.827500e+00 1.271268e-05
3.830000e+00 1.251834e-05
3.832500e+00 1.232679e-05
3.835000e+00 1.213797e-05
3.837500e+00 1.195186e-05
3.840000e+00 1.176842e-05
3.842500e+00 1.158762e-05
3.845000e+00 1.140941e-05
3.847500e+00 1.123378e-05
3.850000e+00 1.106067e-05
3.852500e+00 1.089006e-05
3.855000e+00 1.072191e-05
3.857500e+00 1.055620e-05
3.860000e+00 1.039289e-05
3.862500e+00 1.023194e-05
3.865000e+00 1.007333e-05
3.867500e+00 9.917029e-06
3.870000e+00 9.762997e-06
3.872500e+00 9.611209e-06
3.875000e+00 9.461634e-06
3.877500e+00 9.314242e-06
3.880000e+00 9.169004e-06
3.882500e+00 9.025891e-06
3.885000e+00 8.884873e-06
3.887500e+00 8.745924e-06
3.890000e+00 8.609014e-06
3.892500e+00 8.474116e-06
3.895000e+00 8.341203e-06
3.897500e+00 8.210247e-06
3.900000e+00 8.081223e-06
3.902500e+00 7.954103e-06
3.905000e+00 7.828861e-06
3.907500e+00 7.705473e-06
3.910000e+00 7.583912e-06
3.912500e+00 7.464154e-06
3.915000e+00 7.346173e-06
3.917500e+00 7.229945e-06
3.920000e+00 7.115447e-06
3.922500e+00 7.002654e-06
3.925000e+00 6.891543e-06
3.927500e+00 6.782090e-06
3.930000e+00 6.674272e-06
3.932500e+00 6.568068e-06
3.935000e+00 6.463454e-06
3.937500e+00 6.360408e-06
3.940000e+00 6.258909e-06
3.942500e+00 6.158934e-06
3.945000e+00 6.060464e-06
3.947500e+00 5.963476e-06
3.950000e+00 5.867950e-06
3.952500e+00 5.773866e-06
3.955000e+00 5.681202e-06
3.957500e+00 5.589940e-06
3.960000e+00 5.500060e-06
3.962500e+00 5.411542e-06
3.965000e+00 5.324367e-06
3.967500e+00 5.238515e-06
3.970000e+00 5.153969e-06
3.972500e+00 5.070710e-06
3.975000e+00 4.988720e-06
3.977500e+00 4.907980e-06
3.980000e+00 4.828472e-06
3.982500e+00 4.750180e-06
3.985000e+00 4.673086e-06
3.987500e+00 4.597173e-06
3.990000e+00 4.522424e-06
3.992500e+00 4.448822e-06
3.995000e+00 4.376352e-06
3.997500e+00 4.304996e-06
4.000000e+00 4.234739e-06
4.002500e+00 4.165564e-06
4.005000e+00 4.097458e-06
4.007500e+00 4.030403e-06
4.010000e+00 3.964385e-06
4.012500e+00 3.899389e-06
4.015000e+00 3.835400e-06
4.017500e+00 3.772404e-06
4.020000e+00 3.710386e-06
4.022500e+00 3.649331e-06
4.025000e+00 3.589227e-06
4.027500e+00 3.530059e-06
4.030000e+00 3.471814e-06
4.032500e+00 3.414477e-06
4.035000e+00 3.358037e-06
4.037500e+00 3.302479e-06
4.040000e+00 3.247791e-06
4.042500e+00 3.193960e-06
4.045000e+00 3.140974e-06
4.047500e+00 3.088819e-06
4.050000e+00 3.037485e-06
4.052500e+00 2.986958e-06
4.055000e+00 2.937228e-06
4.057500e+00 2.888281e-06
4.060000e+00 2.840107e-06
4.062500e+00 2.792694e-06
4.065000e+00 2.746031e-06
4.067500e+00 2.700107e-06
4.070000e+00 2.654911e-06
4.072500e+00 2.610431e-06
4.075000e+00 2.566658e-06
4.077500e+00 2.523581e-06
4.080000e+00 2.481189e-06
4.082500e+00 2.439473e-06
4.085000e+00 2.398421e-06
4.087500e+00 2.358025e-06
4.090000e+00 2.318274e-06
4.092500e+00 2.279159e-06
4.095000e+00 2.240670e-06
4.097500e+00 2.202797e-06
4.100000e+00 2.165532e-06
4.102500e+00 2.128866e-06
4.105000e+00 2.092788e-06
4.107500e+00 2.057291e-06
4.110000e+00 2.022365e-06
4.112500e+00 1.988003e-06
4.115000e+00 1.954195e-06
4.117500e+00 1.920933e-06
4.120000e+00 1.888208e-06
4.122500e+00 1.856013e-06
4.125000e+00 1.824340e-06
4.127500e+00 1.793180e-06
4.130000e+00 1.762526e-06
4.132500e+00 1.732369e-06
4.135000e+00 1.702704e-06
4.137500e+00 1.673521e-06
4.140000e+00 1.644813e-06
4.142500e+00 1.616573e-06
4.145000e+00 1.588795e-06
4.147500e+00 1.561470e-06
4.150000e+00 1.534593e-06
4.152500e+00 1.508155e-06
4.155000e+00 1.482151e-06
4.157500e+00 1.456573e-06
4.160000e+00 1.431415e-06
4.162500e+00 1.406670e-06
4.165000e+00 1.382333e-06
4.167500e+00 1.358396e-06
4.170000e+00 1.334853e-06
4.172500e+00 1.311699e-06
4.175000e+00 1.288928e-06
4.177500e+00 1.266533e-06
4.180000e+00 1.244508e-06
4.182500e+00 1.222848e-06
4.185000e+00 1.201547e-06
4.187500e+00 1.180599e-06
4.190000e+00 1.159999e-06
4.192500e+00 1.139742e-06
4.195000e+00 1.119821e-06
4.197500e+00 1.100233e-06
4.200000e+00 1.080971e-06
4.202500e+00 1.062030e-06
4.205000e+00 1.043405e-06
4.207500e+00 1.025092e-06
4.210000e+00 1.007085e-06
4.212500e+00 9.893801e-07
4.215000e+00 9.719716e-07
4.217500e+00 9.548552e-07
4.220000e+00 9.380263e-07
4.222500e+00 9.214802e-07
4.225000e+00 9.052125e-07
4.227500e+00 8.892188e-07
4.230000e+00 8.734946e-07
4.232500e+00 8.580357e-07
4.235000e+00 8.428378e-07
4.237500e+00 8.278968e-07
4.240000e+00 8.132086e-07
4.242500e+00 7.987691e-07
4.245000e+00 7.845743e-07
4.247500e+00 7.706203e-07
4.250000e+00 7.569032e-07
4.252500e+00 7.434193e-07
4.255000e+00 7.301647e-07
4.257500e+00 7.171358e-07
4.260000e+00 7.043289e-07
4.262500e+00 6.917405e-07
4.265000e+00 6.793669e-07
4.267500e+00 6.672048e-07
4.270000e+00 6.552507e-07
4.272500e+00 6.435013e-07
4.275000e+00 6.319531e-07
4.277500e+00 6.206030e-07
4.280000e+00 6.094477e-07
4.282500e+00 5.984841e-07
4.285000e+00 5.877090e-07
4.287500e+00 5.771193e-07
4.290000e+00 5.667121e-07
4.292500e+00 5.564843e-07
4.295000e+00 5.464330e-07
4.297500e+00 5.365553e-07
4.300000e+00 5.268484e-07
4.302500e+00 5.173094e-07
4.305000e+00 5.079356e-07
4.307500e+00 4.987244e-07
4.310000e+00 4.896729e-07
4.312500e+00 4.807786e-07
4.315000e+00 4.720389e-07
4.317500e+00 4.634512e-07
4.320000e+00 4.550130e-07
4.322500e+00 4.467219e-07
4.325000e+00 4.385753e-07
4.327500e+00 4.305710e-07
4.330000e+00 4.227066e-07
4.332500e+00 4.149796e-07
4.335000e+00 4.073879e-07
4.337500e+00 3.999292e-07
4.340000e+00 3.926013e-07
4.342500e+00 3.854019e-07
4.345000e+00 3.783290e-07
4.347500e+00 3.713805e-07
4.350000e+00 3.645542e-07
4.352500e+00 3.578480e-07
4.355000e+00 3.512601e-07
4.357500e+00 3.447884e-07
4.360000e+00 3.384310e-07
4.362500e+00 3.321859e-07
4.365000e+00 3.260512e-07
4.367500e+00 3.200251e-07
4.370000e+00 3.141058e-07
4.372500e+00 3.082915e-07
4.375000e+00 3.025803e-07
4.377500e+00 2.969706e-07
4.380000e+00 2.914605e-07
4.382500e+00 2.860486e-07
4.385000e+00 2.807330e-07
4.387500e+00 2.755121e-07
4.390000e+00 2.703843e-07
4.392500e+00 2.653481e-07
4.395000e+00 2.604019e-07
4.397500e+00 2.555442e-07
4.400000e+00 2.507733e-07
4.402500e+00 2.460880e-07
4.405000e+00 2.414866e-07
4.407500e+00 2.369679e-07
4.410000e+00 2.325302e-07
4.412500e+00 2.281723e-07
4.415000e+00 2.238929e-07
4.417500e+00 2.196904e-07
4.420000e+00 2.155637e-07
4.422500e+00 2.115114e-07
4.425000e+00 2.075323e-07
4.427500e+00 2.036250e-07
4.430000e+00 1.997884e-07
4.432500e+00 1.960212e-07
4.435000e+00 1.923222e-07
4.437500e+00 1.886903e-07
4.440000e+00 1.851243e-07
4.442500e+00 1.816230e-07
4.445000e+00 1.781853e-07
4.447500e+00 1.748101e-07
4.450000e+00 1.714964e-07
4.452500e+00 1.682430e-07
4.455000e+00 1.650489e-07
4.457500e+00 1.619131e-07
4.460000e+00 1.588346e-07
4.462500e+00 1.558123e-07
4.465000e+00 1.528453e-07
4.467500e+00 1.499326e-07
4.470000e+00 1.470733e-07
4.472500e+00 1.442664e-07
4.475000e+00 1.415110e-07
4.477500e+00 1.388063e-07
4.480000e+00 1.361512e-07
4.482500e+00 1.335450e-07
4.485000e+00 1.309868e-07
4.487500e+00 1.284757e-07
4.490000e+00 1.260109e-07
4.492500e+00 1.235916e-07
4.495000e+00 1.212169e-07
4.497500e+00 1.188862e-07
4.500000e+00 1.165986e-07
4.502500e+00 1.143534e-07
4.505000e+00 1.121497e-07
4.507500e+00 1.099869e-07
4.510000e+00 1.078643e-07
4.512500e+00 1.057811e-07
4.515000e+00 1.037366e-07
4.517500e+00 1.017302e-07
4.520000e+00 9.976110e-08
4.522500e+00 9.782872e-08
4.525000e+00 9.593237e-08
4.527500e+00 9.407142e-08
4.530000e+00 9.224523e-08
4.532500e+00 9.045318e-08
4.535000e+00 8.869465e-08
4.537500e+00 8.696906e-08
4.540000e+00 8.527580e-08
4.542500e+00 8.361430e-08
4.545000e+00 8.198398e-08
4.547500e+00 8.038429e-08
4.550000e+00 7.881467e-08
4.552500e+00 7.727458e-08
4.555000e+00 7.576348e-08
4.557500e+00 7.428086e-08
4.560000e+00 7.282620e-08
4.562500e+00 7.139900e-08
4.565000e+00 6.999875e-08
4.567500e+00 6.862497e-08
4.570000e+00 6.727718e-08
4.572500e+00 6.595491e-08
4.575000e+00 6.465769e-08
4.577500e+00 6.338507e-08
4.580000e+00 6.213660e-08
4.582500e+00 6.091184e-08
4.585000e+00 5.971036e-08
4.587500e+00 5.853173e-08
4.590000e+00 5.737554e-08
4.592500e+00 5.624137e-08
4.595000e+00 5.512883e-08
4.597500e+00 5.403752e-08
4.600000e+00 5.296705e-08
4.602500e+00 5.191703e-08
4.605000e+00 5.088710e-08
4.607500e+00 4.987688e-08
4.610000e+00 4.888601e-08
4.612500e+00 4.791413e-08
4.615000e+00 4.696090e-08
4.617500e+00 4.602597e-08
4.620000e+00 4.510900e-08
4.622500e+00 4.420967e-08
4.625000e+00 4.332764e-08
4.627500e+00 4.246260e-08
4.630000e+00 4.161422e-08
4.632500e+00 4.078222e-08
4.635000e+00 3.996627e-08
4.637500e+00 3.916608e-08
4.640000e+00 3.838136e-08
4.642500e+00 3.761182e-08
4.645000e+00 3.685719e-08
4.647500e+00 3.611717e-08
4.650000e+00 3.539150e-08
4.652500e+00 3.467992e-08
4.655000e+00 3.398215e-08
4.657500e+00 3.329795e-08
4.660000e+00 3.262705e-08
4.662500e+00 3.196921e-08
4.665000e+00 3.132418e-08
4.667500e+00 3.069173e-08
4.670000e+00 3.007162e-08
4.672500e+00 2.946361e-08
4.675000e+00 2.886748e-08
4.677500e+00 2.828301e-08
4.680000e+00 2.770997e-08
4.682500e+00 2.714815e-08
4.685000e+00 2.659735e-08
4.687500e+00 2.605734e-08
4.690000e+00 2.552794e-08
4.692500e+00 2.500893e-08
4.695000e+00 2.450012e-08
4.697500e+00 2.400132e-08
4.700000e+00 2.351233e-08
4.702500e+00 2.303298e-08
4.705000e+00 2.256308e-08
4.707500e+00 2.210245e-08
4.710000e+00 2.165092e-08
4.712500e+00 2.120830e-08
4.715000e+00 2.077444e-08
4.717500e+00 2.034916e-08
4.720000e+00 1.993230e-08
4.722500e+00 1.952370e-08
4.725000e+00 1.912320e-08
4.727500e+00 1.873065e-08
4.730000e+00 1.834590e-08
4.732500e+00 1.796880e-08
4.735000e+00 1.759919e-08
4.737500e+00 1.723694e-08
4.740000e+00 1.688191e-08
4.742500e+00 1.653395e-08
4.745000e+00 1.619293e-08
4.747500e+00 1.585872e-08
4.750000e+00 1.553119e-08
4.752500e+00 1.521020e-08
4.755000e+00 1.489563e-08
4.757500e+00 1.458737e-08
4.760000e+00 1.428527e-08
4.762500e+00 1.398924e-08
4.765000e+00 1.369914e-08
4.767500e+00 1.341487e-08
4.770000e+00 1.313631e-08
4.772500e+00 1.286335e-08
4.775000e+00 1.259588e-08
4.777500e+00 1.233380e-08
4.780000e+00 1.207700e-08
4.782500e+00 1.182538e-08
4.785000e+00 1.157884e-08
4.787500e+00 1.133727e-08
4.790000e+00 1.110059e-08
4.792500e+00 1.086869e-08
4.795000e+00 1.064149e-08
4.797500e+00 1.041888e-08
4.800000e+00 1.020079e-08
4.802500e+00 9.987123e-09
4.805000e+00 9.777791e-09
4.807500e+00 9.572710e-09
4.810000e+00 9.371797e-09
4.812500e+00 9.174971e-09
4.815000e+00 8.982151e-09
4.817500e+00 8.793258e-09
4.820000e+00 8.608215e-09
4.822500e+00 8.426946e-09
4.825000e+00 8.249378e-09
4.827500e+00 8.075436e-09
4.830000e+00 7.905049e-09
4.832500e+00 7.738148e-09
4.835000e+00 7.574663e-09
4.837500e+00 7.414526e-09
4.840000e+00 7.257672e-09
4.842500e+00 7.104036e-09
4.845000e+00 6.953553e-09
4.847500e+00 6.806161e-09
4.850000e+00 6.661799e-09
4.852500e+00 6.520407e-09
4.855000e+00 6.381924e-09
4.857500e+00 6.246295e-09
4.860000e+00 6.113461e-09
4.862500e+00 5.983367e-09
4.865000e+00 5.855959e-09
4.867500e+00 5.731182e-09
4.870000e+00 5.608985e-09
4.872500e+00 5.489315e-09
4.875000e+00 5.372122e-09
4.877500e+00 5.257357e-09
4.880000e+00 5.144971e-09
4.882500e+00 5.034916e-09
4.885000e+00 4.927145e-09
4.887500e+00 4.821613e-09
4.890000e+00 4.718275e-09
4.892500e+00 4.617086e-09
4.895000e+00 4.518003e-09
4.897500e+00 4.420984e-09
4.900000e+00 4.325987e-09
4.902500e+00 4.232971e-09
4.905000e+00 4.141897e-09
4.907500e+00 4.052725e-09
4.910000e+00 3.965417e-09
4.912500e+00 3.879935e-09
4.915000e+00 3.796242e-09
4.917500e+00 3.714302e-09
4.920000e+00 3.634079e-09
4.922500e+00 3.555539e-09
4.925000e+00 3.478647e-09
4.927500e+00 3.403369e-09
4.930000e+00 3.329674e-09
4.932500e+00 3.257529e-09
4.935000e+00 3.186901e-09
4.937500e+00 3.117761e-09
4.940000e+00 3.050078e-09
4.942500e+00 2.983822e-09
4.945000e+00 2.918965e-09
4.947500e+00 2.855476e-09
4.950000e+00 2.793330e-09
4.952500e+00 2.732497e-09
4.955000e+00 2.672951e-09
4.957500e+00 2.614666e-09
4.960000e+00 2.557616e-09
4.962500e+00 2.501776e-09
4.965000e+00 2.447120e-09
4.967500e+00 2.393625e-09
4.970000e+00 2.341266e-09
4.972500e+00 2.290020e-09
4.975000e+00 2.239864e-09
4.977500e+00 2.190776e-09
4.980000e+00 2.142733e-09
4.982500e+00 2.095715e-09
4.985000e+00 2.049699e-09
4.987500e+00 2.004666e-09
4.990000e+00 1.960594e-09
4.992500e+00 1.917465e-09
4.995000e+00 1.875257e-09
4.997500e+00 1.833953e-09
5.000000e+00 1.793534e-09
5.002500e+00 1.753981e-09
5.005000e+00 1.715275e-09
5.007500e+00 1.677401e-09
5.010000e+00 1.640339e-09
5.012500e+00 1.604074e-09
5.015000e+00 1.568589e-09
5.017500e+00 1.533867e-09
5.020000e+00 1.499893e-09
5.022500e+00 1.466650e-09
5.025000e+00 1.434124e-09
5.027500e+00 1.402300e-09
5.030000e+00 1.371163e-09
5.032500e+00 1.340698e-09
5.035000e+00 1.310892e-09
5.037500e+00 1.281730e-09
5.040000e+00 1.253200e-09
5.042500e+00 1.225287e-09
5.045000e+00 1.197980e-09
5.047500e+00 1.171264e-09
5.050000e+00 1.145128e-09
5.052500e+00 1.119560e-09
5.055000e+00 1.094547e-09
5.057500e+00 1.070078e-09
5.060000e+00 1.046142e-09
5.062500e+00 1.022726e-09
5.065000e+00 9.998207e-10
5.067500e+00 9.774146e-10
5.070000e+00 9.554972e-10
5.072500e+00 9.340582e-10
5.075000e+00 9.130875e-10
5.077500e+00 8.925750e-10
5.080000e+00 8.725112e-10
5.082500e+00 8.528864e-10
5.085000e+00 8.336914e-10
5.087500e+00 8.149170e-10
5.090000e+00 7.965542e-10
5.092500e+00 7.785942e-10
5.095000e+00 7.610286e-10
5.097500e+00 7.438489e-10
5.100000e+00 7.270468e-10
5.102500e+00 7.106143e-10
5.105000e+00 6.945435e-10
5.107500e+00 6.788266e-10
5.110000e+00 6.634561e-10
5.112500e+00 6.484246e-10
5.115000e+00 6.337248e-10
5.117500e+00 6.193496e-10
5.120000e+00 6.052920e-10
5.122500e+00 5.915452e-10
5.125000e+00 5.781025e-10
5.127500e+00 5.649574e-10
5.130000e+00 5.521035e-10
5.132500e+00 5.395345e-10
5.135000e+00 5.272443e-10
5.137500e+00 5.152269e-10
5.140000e+00 5.034763e-10
5.142500e+00 4.919869e-10
5.145000e+00 4.807529e-10
5.147500e+00 4.697689e-10
5.150000e+00 4.590295e-10
5.152500e+00 4.485293e-10
5.155000e+00 4.382632e-10
5.157500e+00 4.282261e-10
5.160000e+00 4.184130e-10
5.162500e+00 4.088191e-10
5.165000e+00 3.994396e-10
5.167500e+00 3.902698e-10
5.170000e+00 3.813053e-10
5.172500e+00 3.725414e-10
5.175000e+00 3.639740e-10
5.177500e+00 3.555986e-10
5.180000e+00 3.474110e-10
5.182500e+00 3.394073e-10
5.185000e+00 3.315833e-10
5.187500e+00 3.239352e-10
5.190000e+00 3.164591e-10
5.192500e+00 3.091512e-10
5.195000e+00 3.020079e-10
5.197500e+00 2.950255e-10
5.200000e+00 2.882005e-10
5.202500e+00 2.815296e-10
5.205000e+00 2.750091e-10
5.207500e+00 2.686360e-10
5.210000e+00 2.624069e-10
5.212500e+00 2.563187e-10
5.215000e+00 2.503683e-10
5.217500e+00 2.445526e-10
5.220000e+00 2.388686e-10
5.222500e+00 2.333135e-10
5.225000e+00 2.278845e-10
5.227500e+00 2.225787e-10
5.230000e+00 2.173934e-10
5.232500e+00 2.123259e-10
5.235000e+00 2.073737e-10
5.237500e+00 2.025341e-10
5.240000e+00 1.978048e-10
5.242500e+00 1.931832e-10
5.245000e+00 1.886670e-10
5.247500e+00 1.842538e-10
5.250000e+00 1.799413e-10
5.252500e+00 1.757273e-10
5.255000e+00 1.716097e-10
5.257500e+00 1.675861e-10
5.260000e+00 1.636547e-10
5.262500e+00 1.598132e-10
5.265000e+00 1.560598e-10
5.267500e+00 1.523924e-10
5.270000e+00 1.488091e-10
5.272500e+00 1.453081e-10
5.275000e+00 1.418874e-10
5.277500e+00 1.385454e-10
5.280000e+00 1.352802e-10
5.282500e+00 1.320901e-10
5.285000e+00 1.289735e-10
5.287500e+00 1.259286e-10
5.290000e+00 1.229539e-10
5.292500e+00 1.200479e-10
5.295000e+00 1.172089e-10
5.297500e+00 1.144354e-10
5.300000e+00 1.117261e-10
5.302500e+00 1.090793e-10
5.305000e+00 1.064938e-10
5.307500e+00 1.039681e-10
5.310000e+00 1.015010e-10
5.312500e+00 9.909096e-11
5.315000e+00 9.673684e-11
5.317500e+00 9.443734e-11
5.320000e+00 9.219123e-11
5.322500e+00 8.999729e-11
5.325000e+00 8.785435e-11
5.327500e+00 8.576124e-11
5.330000e+00 8.371684e-11
5.332500e+00 8.172005e-11
5.335000e+00 7.976978e-11
5.337500e+00 7.786498e-11
5.340000e+00 7.600461e-11
5.342500e+00 7.418767e-11
5.345000e+00 7.241315e-11
5.347500e+00 7.068011e-11
5.350000e+00 6.898758e-11
5.352500e+00 6.733466e-11
5.355000e+00 6.572043e-11
5.357500e+00 6.414401e-11
5.360000e+00 6.260454e-11
5.362500e+00 6.110117e-11
5.365000e+00 5.963308e-11
5.367500e+00 5.819947e-11
5.370000e+00 5.679953e-11
5.372500e+00 5.543250e-11
5.375000e+00 5.409762e-11
5.377500e+00 5.279416e-11
5.380000e+00 5.152139e-11
5.382500e+00 5.027862e-11
5.385000e+00 4.906514e-11
5.387500e+00 4.788029e-11
5.390000e+00 4.672341e-11
5.392500e+00 4.559385e-11
5.395000e+00 4.449099e-11
5.397500e+00 4.341420e-11
5.400000e+00 4.236289e-11
5.402500e+00 4.133646e-11
5.405000e+00 4.033435e-11
5.407500e+00 3.935599e-11
5.410000e+00 3.840084e-11
5.412500e+00 3.746834e-11
5.415000e+00 3.655799e-11
5.417500e+00 3.566927e-11
5.420000e+00 3.480166e-11
5.422500e+00 3.395470e-11
5.425000e+00 3.312789e-11
5.427500e+00 3.232077e-11
5.430000e+00 3.153287e-11
5.432500e+00 3.076376e-11
5.435000e+00 3.001300e-11
5.437500e+00 2.928015e-11
5.440000e+00 2.856481e-11
5.442500e+00 2.786656e-11
5.445000e+00 2.718500e-11
5.447500e+00 2.651974e-11
5.450000e+00 2.587041e-11
5.452500e+00 2.523663e-11
5.455000e+00 2.461804e-11
5.457500e+00 2.401428e-11
5.460000e+00 2.342501e-11
5.462500e+00 2.284988e-11
5.465000e+00 2.228856e-11
5.467500e+00 2.174074e-11
5.470000e+00 2.120608e-11
5.472500e+00 2.068430e-11
5.475000e+00 2.017507e-11
5.477500e+00 1.967811e-11
5.480000e+00 1.919312e-11
5.482500e+00 1.871983e-11
5.485000e+00 1.825797e-11
5.487500e+00 1.780725e-11
5.490000e+00 1.736742e-11
5.492500e+00 1.693822e-11
5.495000e+00 1.651940e-11
5.497500e+00 1.611071e-11
5.500000e+00 1.571192e-11
5.502500e+00 1.532279e-11
5.505000e+00 1.494309e-11
5.507500e+00 1.457260e-11
5.510000e+00 1.421111e-11
5.512500e+00 1.385838e-11
5.515000e+00 1.351423e-11
5.517500e+00 1.317844e-11
5.520000e+00 1.285082e-11
5.522500e+00 1.253118e-11
5.525000e+00 1.221931e-11
5.527500e+00 1.191505e-11
5.530000e+00 1.161820e-11
5.532500e+00 1.132859e-11
5.535000e+00 1.104604e-11
5.537500e+00 1.077040e-11
5.540000e+00 1.050149e-11
5.542500e+00 1.023916e-11
5.545000e+00 9.983238e-12
5.547500e+00 9.733582e-12
5.550000e+00 9.490039e-12
5.552500e+00 9.252463e-12
5.555000e+00 9.020711e-12
5.557500e+00 8.794643e-12
5.560000e+00 8.574123e-12
5.562500e+00 8.359017e-12
5.565000e+00 8.149197e-12
5.567500e+00 7.944534e-12
5.570000e+00 7.744905e-12
5.572500e+00 7.550189e-12
5.575000e+00 7.360268e-12
5.577500e+00 7.175025e-12
5.580000e+00 6.994349e-12
5.582500e+00 6.818129e-12
5.585000e+00 6.646258e-12
5.587500e+00 6.478631e-12
5.590000e+00 6.315144e-12
5.592500e+00 6.155700e-12
5.595000e+00 6.000198e-12
5.597500e+00 5.848545e-12
5.600000e+00 5.700647e-12
5.602500e+00 5.556412e-12
5.605000e+00 5.415753e-12
5.607500e+00 5.278582e-12
5.610000e+00 5.144816e-12
5.612500e+00 5.014370e-12
5.615000e+00 4.887165e-12
5.617500e+00 4.763122e-12
5.620000e+00 4.642163e-12
5.622500e+00 4.524215e-12
5.625000e+00 4.409203e-12
5.627500e+00 4.297056e-12
5.630000e+00 4.187704e-12
5.632500e+00 4.081079e-12
5.635000e+00 3.977115e-12
5.637500e+00 3.875746e-12
5.640000e+00 3.776909e-12
5.642500e+00 3.680542e-12
5.645000e+00 3.586585e-12
5.647500e+00 3.494979e-12
5.650000e+00 3.405666e-12
5.652500e+00 3.318590e-12
5.655000e+00 3.233696e-12
5.657500e+00 3.150931e-12
5.660000e+00 3.070242e-12
5.662500e+00 2.991579e-12
5.665000e+00 2.914891e-12
5.667500e+00 2.840130e-12
5.670000e+00 2.767249e-12
5.672500e+00 2.696201e-12
5.675000e+00 2.626942e-12
5.677500e+00 2.559427e-12
5.680000e+00 2.493613e-12
5.682500e+00 2.429458e-12
5.685000e+00 2.366921e-12
5.687500e+00 2.305963e-12
5.690000e+00 2.246544e-12
5.692500e+00 2.188626e-12
5.695000e+00 2.132172e-12
5.697500e+00 2.077147e-12
5.700000e+00 2.023513e-12
5.702500e+00 1.971238e-12
5.705000e+00 1.920286e-12
5.707500e+00 1.870627e-12
5.710000e+00 1.822226e-12
5.712500e+00 1.775054e-12
5.715000e+00 1.729079e-12
5.717500e+00 1.684272e-12
5.720000e+00 1.640604e-12
5.722500e+00 1.598047e-12
5.725000e+00 1.556572e-12
5.727500e+00 1.516152e-12
5.730000e+00 1.476762e-12
5.732500e+00 1.438376e-12
5.735000e+00 1.400969e-12
5.737500e+00 1.364516e-12
5.740000e+00 1.328993e-12
5.742500e+00 1.294378e-12
5.745000e+00 1.260647e-12
5.747500e+00 1.227778e-12
5.750000e+00 1.195750e-12
5.752500e+00 1.164541e-12
5.755000e+00 1.134132e-12
5.757500e+00 1.104501e-12
5.760000e+00 1.075630e-12
5.762500e+00 1.047500e-12
5.765000e+00 1.020091e-12
5.767500e+00 9.933861e-13
5.770000e+00 9.673670e-13
5.772500e+00 9.420166e-13
5.775000e+00 9.173180e-13
5.777500e+00 8.932548e-13
5.780000e+00 8.698111e-13
5.782500e+00 8.469710e-13
5.785000e+00 8.247196e-13
5.787500e+00 8.030417e-13
5.790000e+00 7.819231e-13
5.792500e+00 7.613495e-13
5.795000e+00 7.413071e-13
5.797500e+00 7.217825e-13
5.800000e+00 7.027626e-13
5.802500e+00 6.842346e-13
5.805000e+00 6.661860e-13
5.807500e+00 6.486047e-13
5.810000e+00 6.314788e-13
5.812500e+00 6.147968e-13
5.815000e+00 5.985473e-13
5.817500e+00 5.827193e-13
5.820000e+00 5.673022e-13
5.822500e+00 5.522855e-13
5.825000e+00 5.376590e-13
5.827500e+00 5.234127e-13
5.830000e+00 5.095370e-13
5.832500e+00 4.960225e-13
5.835000e+00 4.828598e-13
5.837500e+00 4.700400e-13
5.840000e+00 4.575543e-13
5.842500e+00 4.453943e-13
5.845000e+00 4.335515e-13
5.847500e+00 4.220179e-13
5.850000e+00 4.107856e-13
5.852500e+00 3.998468e-13
5.855000e+00 3.891940e-13
5.857500e+00 3.788198e-13
5.860000e+00 3.687172e-13
5.862500e+00 3.588792e-13
5.865000e+00 3.492989e-13
5.867500e+00 3.399697e-13
5.870000e+00 3.308852e-13
5.872500e+00 3.220391e-13
5.875000e+00 3.134252e-13
5.877500e+00 3.050376e-13
5.880000e+00 2.968705e-13
5.882500e+00 2.889181e-13
5.885000e+00 2.811749e-13
5.887500e+00 2.736355e-13
5.890000e+00 2.662946e-13
5.892500e+00 2.591472e-13
5.895000e+00 2.521882e-13
5.897500e+00 2.454128e-13
5.900000e+00 2.388161e-13
5.902500e+00 2.323936e-13
5.905000e+00 2.261408e-13
5.907500e+00 2.200532e-13
5.910000e+00 2.141266e-13
5.912500e+00 2.083568e-13
5.915000e+00 2.027397e-13
5.917500e+00 1.972714e-13
5.920000e+00 1.919480e-13
5.922500e+00 1.867657e-13
5.925000e+00 1.817208e-13
5.927500e+00 1.768098e-13
5.930000e+00 1.720293e-13
5.932500e+00 1.673757e-13
5.935000e+00 1.628457e-13
5.937500e+00 1.584363e-13
5.940000e+00 1.541441e-13
5.942500e+00 1.499662e-13
5.945000e+00 1.458996e-13
5.947500e+00 1.419413e-13
5.950000e+00 1.380885e-13
5.952500e+00 1.343385e-13
5.955000e+00 1.306886e-13
5.957500e+00 1.271361e-13
5.960000e+00 1.236785e-13
5.962500e+00 1.203133e-13
5.965000e+00 1.170381e-13
5.967500e+00 1.138505e-13
5.970000e+00 1.107482e-13
5.972500e+00 1.077290e-13
5.975000e+00 1.047907e-13
5.977500e+00 1.019312e-13
5.980000e+00 9.914830e-14
5.982500e+00 9.644012e-14
5.985000e+00 9.380464e-14
5.987500e+00 9.123995e-14
5.990000e+00 8.874419e-14
5.992500e+00 8.631552e-14
5.995000e+00 8.395218e-14
5.997500e+00 8.165245e-14
6.000000e+00 7.941465e-14
6.002500e+00 7.723713e-14
6.005000e+00 7.511830e-14
6.007500e+00 7.305661e-14
6.010000e+00 7.105054e-14
6.012500e+00 6.909863e-14
6.015000e+00 6.719943e-14
6.017500e+00 6.535155e-14
6.020000e+00 6.355363e-14
6.022500e+00 6.180433e-14
6.025000e+00 6.010237e-14
6.027500e+00 5.844649e-14
6.030000e+00 5.683546e-14
6.032500e+00 5.526810e-14
6.035000e+00 5.374323e-14
6.037500e+00 5.225973e-14
6.040000e+00 5.081649e-14
6.042500e+00 4.941244e-14
6.045000e+00 4.804654e-14
6.047500e+00 4.671777e-14
6.050000e+00 4.542513e-14
6.052500e+00 4.416766e-14
6.055000e+00 4.294442e-14
6.057500e+00 4.175449e-14
6.060000e+00 4.059699e-14
6.062500e+00 3.947104e-14
6.065000e+00 3.837581e-14
6.067500e+00 3.731046e-14
6.070000e+00 3.627420e-14
6.072500e+00 3.526624e-14
6.075000e+00 3.428583e-14
6.077500e+00 3.333222e-14
6.080000e+00 3.240470e-14
6.082500e+00 3.150257e-14
6.085000e+00 3.062514e-14
6.087500e+00 2.977174e-14
6.090000e+00 2.894174e-14
6.092500e+00 2.813449e-14
6.095000e+00 2.734940e-14
6.097500e+00 2.658585e-14
6.100000e+00 2.584327e-14
6.102500e+00 2.512110e-14
6.105000e+00 2.441877e-14
6.107500e+00 2.373576e-14
6.110000e+00 2.307155e-14
6.112500e+00 2.242562e-14
6.115000e+00 2.179748e-14
6.117500e+00 2.118665e-14
6.120000e+00 2.059266e-14
6.122500e+00 2.001505e-14
6.125000e+00 1.945338e-14
6.127500e+00 1.890722e-14
6.130000e+00 1.837615e-14
6.132500e+00 1.785975e-14
6.135000e+00 1.735763e-14
6.137500e+00 1.686940e-14
6.140000e+00 1.639468e-14
6.142500e+00 1.593311e-14
6.145000e+00 1.548432e-14
6.147500e+00 1.504797e-14
6.150000e+00 1.462372e-14
6.152500e+00 1.421124e-14
6.155000e+00 1.381021e-14
6.157500e+00 1.342032e-14
6.160000e+00 1.304126e-14
6.162500e+00 1.267273e-14
6.165000e+00 1.231445e-14
6.167500e+00 1.196614e-14
6.170000e+00 1.162753e-14
6.172500e+00 1.129834e-14
6.175000e+00 1.097833e-14
6.177500e+00 1.066724e-14
6.180000e+00 1.036482e-14
6.182500e+00 1.007084e-14
6.185000e+00 9.785073e-15
6.187500e+00 9.507283e-15
6.190000e+00 9.237255e-15
6.192500e+00 8.974776e-15
6.195000e+00 8.719638e-15
6.197500e+00 8.471639e-15
6.200000e+00 8.230583e-15
6.202500e+00 7.996279e-15
6.205000e+00 7.768540e-15
6.207500e+00 7.547186e-15
6.210000e+00 7.332041e-15
6.212500e+00 7.122933e-15
6.215000e+00 6.919696e-15
6.217500e+00 6.722167e-15
6.220000e+00 6.530189e-15
6.222500e+00 6.343609e-15
6.225000e+00 6.162277e-15
6.227500e+00 5.986048e-15
6.230000e+00 5.814781e-15
6.232500e+00 5.648337e-15
6.235000e+00 5.486585e-15
6.237500e+00 5.329393e-15
6.240000e+00 5.176635e-15
6.242500e+00 5.028188e-15
6.245000e+00 4.883933e-15
6.247500e+00 4.743752e-15
6.250000e+00 4.607534e-15
6.252500e+00 4.475166e-15
6.255000e+00 4.346543e-15
6.257500e+00 4.221560e-15
6.260000e+00 4.100116e-15
6.262500e+00 3.982113e-15
6.265000e+00 3.867453e-15
6.267500e+00 3.756045e-15
6.270000e+00 3.647797e-15
6.272500e+00 3.542621e-15
6.275000e+00 3.440431e-15
6.277500e+00 3.341144e-15
6.280000e+00 3.244680e-15
6.282500e+00 3.150958e-15
6.285000e+00 3.059902e-15
6.287500e+00 2.971437e-15
6.290000e+00 2.885492e-15
6.292500e+00 2.801994e-15
6.295000e+00 2.720877e-15
6.297500e+00 2.642072e-15
6.300000e+00 2.565515e-15
6.302500e+00 2.491144e-15
6.305000e+00 2.418895e-15
6.307500e+00 2.348711e-15
6.310000e+00 2.280533e-15
6.312500e+00 2.214304e-15
6.315000e+00 2.149969e-15
6.317500e+00 2.087476e-15
6.320000e+00 2.026772e-15
6.322500e+00 1.967807e-15
6.325000e+00 1.910531e-15
6.327500e+00 1.854898e-15
6.330000e+00 1.800861e-15
6.332500e+00 1.748375e-15
6.335000e+00 1.697395e-15
6.337500e+00 1.647880e-15
6.340000e+00 1.599788e-15
6.342500e+00 1.553079e-15
6.345000e+00 1.507713e-15
6.347500e+00 1.463653e-15
6.350000e+00 1.420862e-15
6.352500e+00 1.379303e-15
6.355000e+00 1.338941e-15
6.357500e+00 1.299744e-15
6.360000e+00 1.261676e-15
6.362500e+00 1.224708e-15
6.365000e+00 1.188807e-15
6.367500e+00 1.153942e-15
6.370000e+00 1.120085e-15
6.372500e+00 1.087207e-15
6.375000e+00 1.055280e-15
6.377500e+00 1.024277e-15
6.380000e+00 9.941716e-16
6.382500e+00 9.649379e-16
6.385000e+00 9.365513e-16
6.387500e+00 9.089876e-16
6.390000e+00 8.822233e-16
6.392500e+00 8.562356e-16
6.395000e+00 8.310024e-16
6.397500e+00 8.065019e-16
6.400000e+00 7.827134e-16
6.402500e+00 7.596163e-16
6.405000e+00 7.371910e-16
6.407500e+00 7.154181e-16
6.410000e+00 6.942790e-16
6.412500e+00 6.737555e-16
6.415000e+00 6.538300e-16
6.417500e+00 6.344852e-16
6.420000e+00 6.157046e-16
6.422500e+00 5.974719e-16
6.425000e+00 5.797713e-16
6.427500e+00 5.625876e-16
6.430000e+00 5.459060e-16
6.432500e+00 5.297119e-16
6.435000e+00 5.139913e-16
6.437500e+00 4.987306e-16
6.440000e+00 4.839165e-16
6.442500e+00 4.695362e-16
6.445000e+00 4.555771e-16
6.447500e+00 4.420271e-16
6.450000e+00 4.288744e-16
6.452500e+00 4.161075e-16
6.455000e+00 4.037153e-16
6.457500e+00 3.916868e-16
6.460000e+00 3.800117e-16
6.462500e+00 3.686797e-16
6.465000e+00 3.576808e-16
6.467500e+00 3.470054e-16
6.470000e+00 3.366441e-16
6.472500e+00 3.265878e-16
6.475000e+00 3.168278e-16
6.477500e+00 3.073552e-16
6.480000e+00 2.981620e-16
6.482500e+00 2.892398e-16
6.485000e+00 2.805809e-16
6.487500e+00 2.721775e-16
6.490000e+00 2.640223e-16
6.492500e+00 2.561081e-16
6.495000e+00 2.484277e-16
6.497500e+00 2.409745e-16
6.500000e+00 2.337418e-16
6.502500e+00 2.267231e-16
6.505000e+00 2.199122e-16
6.507500e+00 2.133031e-16
6.510000e+00 2.068899e-16
6.512500e+00 2.006668e-16
6.515000e+00 1.946283e-16
6.517500e+00 1.887689e-16
6.520000e+00 1.830836e-16
6.522500e+00 1.775671e-16
6.525000e+00 1.722145e-16
6.527500e+00 1.670210e-16
6.530000e+00 1.619820e-16
6.532500e+00 1.570929e-16
6.535000e+00 1.523494e-16
6.537500e+00 1.477471e-16
6.540000e+00 1.432820e-16
6.542500e+00 1.389499e-16
6.545000e+00 1.347470e-16
6.547500e+00 1.306695e-16
6.550000e+00 1.267137e-16
6.552500e+00 1.228760e-16
6.555000e+00 1.191530e-16
6.557500e+00 1.155412e-16
6.560000e+00 1.120374e-16
6.562500e+00 1.086384e-16
6.565000e+00 1.053411e-16
6.567500e+00 1.021425e-16
6.570000e+00 9.903975e-17
6.572500e+00 9.602996e-17
6.575000e+00 9.311039e-17
6.577500e+00 9.027838e-17
6.580000e+00 8.753133e-17
6.582500e+00 8.486675e-17
6.585000e+00 8.228218e-17
6.587500e+00 7.977526e-17
6.590000e+00 7.734369e-17
6.592500e+00 7.498523e-17
6.595000e+00 7.269772e-17
6.597500e+00 7.047906e-17
6.600000e+00 6.832719e-17
6.602500e+00 6.624015e-17
6.605000e+00 6.421599e-17
6.607500e+00 6.225286e-17
6.610000e+00 6.034894e-17
6.612500e+00 5.850247e-17
6.615000e+00 5.671173e-17
6.617500e+00 5.497508e-17
6.620000e+00 5.329090e-17
6.622500e+00 5.165762e-17
6.625000e+00 5.007374e-17
6.627500e+00 4.853777e-17
6.630000e+00 4.704829e-17
6.632500e+00 4.560391e-17
6.635000e+00 4.420328e-17
6.637500e+00 4.284510e-17
6.640000e+00 4.152809e-17
6.642500e+00 4.025103e-17
6.645000e+00 3.901273e-17
6.647500e+00 3.781201e-17
6.650000e+00 3.664776e-17
6.652500e+00 3.551889e-17
6.655000e+00 3.442433e-17
6.657500e+00 3.336305e-17
6.660000e+00 3.233407e-17
6.662500e+00 3.133640e-17
6.665000e+00 3.036911e-17
6.667500e+00 2.943128e-17
6.670000e+00 2.852204e-17
6.672500e+00 2.764051e-17
6.675000e+00 2.678588e-17
6.677500e+00 2.595732e-17
6.680000e+00 2.515406e-17
6.682500e+00 2.437533e-17
6.685000e+00 2.362039e-17
6.687500e+00 2.288853e-17
6.690000e+00 2.217905e-17
6.692500e+00 2.149127e-17
6.695000e+00 2.082455e-17
6.697500e+00 2.017824e-17
6.700000e+00 1.955172e-17
6.702500e+00 1.894441e-17
6.705000e+00 1.835571e-17
6.707500e+00 1.778508e-17
6.710000e+00 1.723195e-17
6.712500e+00 1.669580e-17
6.715000e+00 1.617612e-17
6.717500e+00 1.567240e-17
6.720000e+00 1.518417e-17
6.722500e+00 1.471095e-17
6.725000e+00 1.425229e-17
6.727500e+00 1.380774e-17
6.730000e+00 1.337688e-17
6.732500e+00 1.295929e-17
6.735000e+00 1.255457e-17
6.737500e+00 1.216233e-17
6.740000e+00 1.178218e-17
6.742500e+00 1.141377e-17
6.745000e+00 1.105672e-17
6.747500e+00 1.071070e-17
6.750000e+00 1.037537e-17
6.752500e+00 1.005041e-17
6.755000e+00 9.735490e-18
6.757500e+00 9.430314e-18
6.760000e+00 9.134582e-18
6.762500e+00 8.848006e-18
6.765000e+00 8.570305e-18
6.767500e+00 8.301209e-18
6.770000e+00 8.040454e-18
6.772500e+00 7.787786e-18
6.775000e+00 7.542956e-18
6.777500e+00 7.305726e-18
6.780000e+00 7.075861e-18
6.782500e+00 6.853137e-18
6.785000e+00 6.637334e-18
6.787500e+00 6.428240e-18
6.790000e+00 6.225650e-18
6.792500e+00 6.029363e-18
6.795000e+00 5.839187e-18
6.797500e+00 5.654933e-18
6.800000e+00 5.476419e-18
6.802500e+00 5.303469e-18
6.805000e+00 5.135912e-18
6.807500e+00 4.973582e-18
6.810000e+00 4.816317e-18
6.812500e+00 4.663962e-18
6.815000e+00 4.516366e-18
6.817500e+00 4.373381e-18
6.820000e+00 4.234866e-18
6.822500e+00 4.100683e-18
6.825000e+00 3.970697e-18
6.827500e+00 3.844780e-18
6.830000e+00 3.722806e-18
6.832500e+00 3.604652e-18
6.835000e+00 3.490201e-18
6.837500e+00 3.379337e-18
6.840000e+00 3.271951e-18
6.842500e+00 3.167935e-18
6.845000e+00 3.067183e-18
6.847500e+00 2.969595e-18
6.850000e+00 2.875073e-18
6.852500e+00 2.783521e-18
6.855000e+00 2.694848e-18
6.857500e+00 2.608964e-18
6.860000e+00 2.525783e-18
6.862500e+00 2.445220e-18
6.865000e+00 2.367195e-18
6.867500e+00 2.291628e-18
6.870000e+00 2.218442e-18
6.872500e+00 2.147565e-18
6.875000e+00 2.078923e-18
6.877500e+00 2.012447e-18
6.880000e+00 1.948071e-18
6.882500e+00 1.885727e-18
6.885000e+00 1.825354e-18
6.887500e+00 1.766889e-18
6.890000e+00 1.710272e-18
6.892500e+00 1.655447e-18
6.895000e+00 1.602357e-18
6.897500e+00 1.550948e-18
6.900000e+00 1.501168e-18
6.902500e+00 1.452965e-18
6.905000e+00 1.406290e-18
6.907500e+00 1.361096e-18
6.910000e+00 1.317335e-18
6.912500e+00 1.274963e-18
6.915000e+00 1.233937e-18
6.917500e+00 1.194214e-18
6.920000e+00 1.155754e-18
6.922500e+00 1.118516e-18
6.925000e+00 1.082463e-18
6.927500e+00 1.047556e-18
6.930000e+00 1.013761e-18
6.932500e+00 9.810425e-19
6.935000e+00 9.493660e-19
6.937500e+00 9.186991e-19
6.940000e+00 8.890100e-19
6.942500e+00 8.602678e-19
6.945000e+00 8.324429e-19
6.947500e+00 8.055062e-19
6.950000e+00 7.794297e-19
6.952500e+00 7.541864e-19
6.955000e+00 7.297499e-19
6.957500e+00 7.060948e-19
6.960000e+00 6.831963e-19
6.962500e+00 6.610307e-19
6.965000e+00 6.395747e-19
6.967500e+00 6.188058e-19
6.970000e+00 5.987024e-19
6.972500e+00 5.792434e-19
6.975000e+00 5.604083e-19
6.977500e+00 5.421775e-19
6.980000e+00 5.245317e-19
6.982500e+00 5.074525e-19
6.985000e+00 4.909218e-19
6.987500e+00 4.749223e-19
6.990000e+00 4.594371e-19
6.992500e+00 4.444499e-19
6.995000e+00 4.299448e-19
6.997500e+00 4.159066e-19
7.000000e+00 4.023203e-19
7.002500e+00 3.891716e-19
7.005000e+00 3.764467e-19
7.007500e+00 3.641319e-19
7.010000e+00 3.522143e-19
7.012500e+00 3.406812e-19
7.015000e+00 3.295203e-19
7.017500e+00 3.187197e-19
7.020000e+00 3.082681e-19
7.022500e+00 2.981542e-19
7.025000e+00 2.883672e-19
7.027500e+00 2.788968e-19
7.030000e+00 2.697327e-19
7.032500e+00 2.608653e-19
7.035000e+00 2.522850e-19
7.037500e+00 2.439826e-19
7.040000e+00 2.359493e-19
7.042500e+00 2.281764e-19
7.045000e+00 2.206556e-19
7.047500e+00 2.133788e-19
7.050000e+00 2.063383e-19
7.052500e+00 1.995263e-19
7.055000e+00 1.929356e-19
7.057500e+00 1.865591e-19
7.060000e+00 1.803899e-19
7.062500e+00 1.744214e-19
7.065000e+00 1.686471e-19
7.067500e+00 1.630607e-19
7.070000e+00 1.576562e-19
7.072500e+00 1.524278e-19
7.075000e+00 1.473698e-19
7.077500e+00 1.424767e-19
7.080000e+00 1.377432e-19
7.082500e+00 1.331641e-19
7.085000e+00 1.287346e-19
7.087500e+00 1.244496e-19
7.090000e+00 1.203047e-19
7.092500e+00 1.162952e-19
7.095000e+00 1.124168e-19
7.097500e+00 1.086653e-19
7.100000e+00 1.050366e-19
7.102500e+00 1.015266e-19
7.105000e+00 9.813156e-20
7.107500e+00 9.484777e-20
7.110000e+00 9.167161e-20
7.112500e+00 8.859959e-20
7.115000e+00 8.562834e-20
7.117500e+00 8.275460e-20
7.120000e+00 7.997520e-20
7.122500e+00 7.728709e-20
7.125000e+00 7.468730e-20
7.127500e+00 7.217296e-20
7.130000e+00 6.974131e-20
7.132500e+00 6.738964e-20
7.135000e+00 6.511538e-20
7.137500e+00 6.291599e-20
7.140000e+00 6.078905e-20
7.142500e+00 5.873219e-20
7.145000e+00 5.674314e-20
7.147500e+00 5.481968e-20
7.150000e+00 5.295969e-20
7.152500e+00 5.116108e-20
7.155000e+00 4.942187e-20
7.157500e+00 4.774012e-20
7.160000e+00 4.611394e-20
7.162500e+00 4.454153e-20
7.165000e+00 4.302112e-20
7.167500e+00 4.155103e-20
7.170000e+00 4.012961e-20
7.172500e+00 3.875526e-20
7.175000e+00 3.742645e-20
7.177500e+00 3.614169e-20
7.180000e+00 3.489953e-20
7.182500e+00 3.369858e-20
7.185000e+00 3.253749e-20
7.187500e+00 3.141496e-20
7.190000e+00 3.032972e-20
7.192500e+00 2.928055e-20
7.195000e+00 2.826626e-20
7.197500e+00 2.728571e-20
7.200000e+00 2.633780e-20
7.202500e+00 2.542145e-20
7.205000e+00 2.453562e-20
7.207500e+00 2.367931e-20
7.210000e+00 2.285156e-20
7.212500e+00 2.205142e-20
7.215000e+00 2.127798e-20
7.217500e+00 2.053037e-20
7.220000e+00 1.980773e-20
7.222500e+00 1.910924e-20
7.225000e+00 1.843412e-20
7.227500e+00 1.778158e-20
7.230000e+00 1.715088e-20
7.232500e+00 1.654130e-20
7.235000e+00 1.595215e-20
7.237500e+00 1.538276e-20
7.240000e+00 1.483246e-20
7.242500e+00 1.430063e-20
7.245000e+00 1.378666e-20
7.247500e+00 1.328997e-20
7.250000e+00 1.280997e-20
7.252500e+00 1.234612e-20
7.255000e+00 1.189788e-20
7.257500e+00 1.146473e-20
7.260000e+00 1.104619e-20
7.262500e+00 1.064176e-20
7.265000e+00 1.025098e-20
7.267500e+00 9.873394e-21
7.270000e+00 9.508568e-21
7.272500e+00 9.156078e-21
7.275000e+00 8.815516e-21
7.277500e+00 8.486488e-21
7.280000e+00 8.168611e-21
7.282500e+00 7.861515e-21
7.285000e+00 7.564844e-21
7.287500e+00 7.278253e-21
7.290000e+00 7.001406e-21
7.292500e+00 6.733982e-21
7.295000e+00 6.475669e-21
7.297500e+00 6.226163e-21
7.300000e+00 5.985174e-21
7.302500e+00 5.752420e-21
7.305000e+00 5.527627e-21
7.307500e+00 5.310532e-21
7.310000e+00 5.100881e-21
7.312500e+00 4.898426e-21
7.315000e+00 4.702930e-21
7.317500e+00 4.514162e-21
7.320000e+00 4.331901e-21
7.322500e+00 4.155931e-21
7.325000e+00 3.986043e-21
7.327500e+00 3.822039e-21
7.330000e+00 3.663722e-21
7.332500e+00 3.510907e-21
7.335000e+00 3.363411e-21
7.337500e+00 3.221060e-21
7.340000e+00 3.083684e-21
7.342500e+00 2.951120e-21
7.345000e+00 2.823211e-21
7.347500e+00 2.699803e-21
7.350000e+00 2.580750e-21
7.352500e+00 2.465909e-21
7.355000e+00 2.355142e-21
7.357500e+00 2.248319e-21
7.360000e+00 2.145309e-21
7.362500e+00 2.045990e-21
7.365000e+00 1.950242e-21
7.367500e+00 1.857951e-21
7.370000e+00 1.769004e-21
7.372500e+00 1.683295e-21
7.375000e+00 1.600720e-21
7.377500e+00 1.521180e-21
7.380000e+00 1.444577e-21
7.382500e+00 1.370820e-21
7.385000e+00 1.299818e-21
7.387500e+00 1.231485e-21
7.390000e+00 1.165739e-21
7.392500e+00 1.102498e-21
7.395000e+00 1.041687e-21
7.397500e+00 9.832290e-22
7.400000e+00 9.270542e-22
7.402500e+00 8.730932e-22
7.405000e+00 8.212796e-22
7.407500e+00 7.715496e-22
7.410000e+00 7.238420e-22
7.412500e+00 6.780977e-22
7.415000e+00 6.342602e-22
7.417500e+00 5.922750e-22
7.420000e+00 5.520900e-22
7.422500e+00 5.136550e-22
7.425000e+00 4.769221e-22
7.427500e+00 4.418452e-22
7.430000e+00 4.083804e-22
7.432500e+00 3.764856e-22
7.435000e+00 3.461205e-22
7.437500e+00 3.172467e-22
7.440000e+00 2.898275e-22
7.442500e+00 2.638280e-22
7.445000e+00 2.392150e-22
7.447500e+00 2.159569e-22
7.450000e+00 1.940237e-22
7.452500e+00 1.733870e-22
7.455000e+00 1.540201e-22
7.457500e+00 1.358975e-22
7.460000e+00 1.189954e-22
7.462500e+00 1.032915e-22
7.465000e+00 8.876487e-23
7.467500e+00 7.539592e-23
7.470000e+00 6.316652e-23
7.472500e+00 5.205990e-23
7.475000e+00 4.206064e-23
7.477500e+00 3.315464e-23
7.480000e+00 2.532912e-23
7.482500e+00 1.857259e-23
7.485000e+00 1.287486e-23
7.487500e+00 8.226999e-24
7.490000e+00 4.621360e-24
7.492500e+00 2.051541e-24
7.495000e+00 5.123893e-25
7.497500e+00 1.512366e-209
