4.000000e-02 1.304293e+00
8.000000e-02 1.303176e+00
1.200000e-01 1.301408e+00
1.600000e-01 1.298996e+00
2.000000e-01 1.295952e+00
2.400000e-01 1.292292e+00
2.800000e-01 1.288034e+00
3.200000e-01 1.283199e+00
3.600000e-01 1.277810e+00
4.000000e-01 1.271897e+00
4.400000e-01 1.265489e+00
4.800000e-01 1.258621e+00
5.200000e-01 1.251328e+00
5.600000e-01 1.243650e+00
6.000000e-01 1.235630e+00
6.400000e-01 1.227312e+00
6.800000e-01 1.218744e+00
7.200000e-01 1.209976e+00
7.600000e-01 1.201060e+00
8.000000e-01 1.192050e+00
8.400000e-01 1.183001e+00
8.800000e-01 1.173973e+00
9.200000e-01 1.165023e+00
9.600000e-01 1.156211e+00
1.000000e+00 1.147596e+00
1.040000e+00 1.139240e+00
1.080000e+00 1.131202e+00
1.120000e+00 1.123539e+00
1.160000e+00 1.116311e+00
1.200000e+00 1.109570e+00
1.240000e+00 1.103371e+00
1.280000e+00 1.097761e+00
1.320000e+00 1.092787e+00
1.360000e+00 1.088488e+00
1.400000e+00 1.084900e+00
1.440000e+00 1.082055e+00
1.480000e+00 1.079974e+00
1.520000e+00 1.078677e+00
1.560000e+00 1.078175e+00
1.600000e+00 1.078471e+00
1.640000e+00 1.079564e+00
1.680000e+00 1.081444e+00
1.720000e+00 1.084094e+00
1.760000e+00 1.087494e+00
1.800000e+00 1.091613e+00
1.840000e+00 1.096418e+00
1.880000e+00 1.101869e+00
1.920000e+00 1.107922e+00
1.960000e+00 1.114530e+00
2.000000e+00 1.121640e+00
2.040000e+00 1.129198e+00
2.080000e+00 1.137148e+00
2.120000e+00 1.145431e+00
2.160000e+00 1.153987e+00
2.200000e+00 1.162757e+00
2.240000e+00 1.171681e+00
2.280000e+00 1.180698e+00
2.320000e+00 1.189749e+00
2.360000e+00 1.198777e+00
2.400000e+00 1.207726e+00
2.440000e+00 1.216540e+00
2.480000e+00 1.225167e+00
2.520000e+00 1.233555e+00
2.560000e+00 1.241658e+00
2.600000e+00 1.249429e+00
2.640000e+00 1.256826e+00
2.680000e+00 1.263808e+00
2.720000e+00 1.270337e+00
2.760000e+00 1.276381e+00
2.800000e+00 1.281906e+00
2.840000e+00 1.286884e+00
2.880000e+00 1.291292e+00
2.920000e+00 1.295105e+00
2.960000e+00 1.298307e+00
3.000000e+00 1.300879e+00
3.040000e+00 1.302811e+00
3.080000e+00 1.304092e+00
3.120000e+00 1.304717e+00
3.160000e+00 1.304682e+00
3.200000e+00 1.303988e+00
3.240000e+00 1.302637e+00
3.280000e+00 1.300638e+00
3.320000e+00 1.297998e+00
3.360000e+00 1.294732e+00
3.400000e+00 1.290856e+00
3.440000e+00 1.286388e+00
3.480000e+00 1.281352e+00
3.520000e+00 1.275773e+00
3.560000e+00 1.269679e+00
3.600000e+00 1.263103e+00
3.640000e+00 1.256078e+00
3.680000e+00 1.248644e+00
3.720000e+00 1.240839e+00
3.760000e+00 1.232707e+00
3.800000e+00 1.224295e+00
3.840000e+00 1.215649e+00
3.880000e+00 1.206822e+00
3.920000e+00 1.197867e+00
3.960000e+00 1.188836e+00
4.000000e+00 1.179789e+00
4.040000e+00 1.170781e+00
4.080000e+00 1.161873e+00
4.120000e+00 1.153125e+00
4.160000e+00 1.144595e+00
4.200000e+00 1.136344e+00
4.240000e+00 1.128432e+00
4.280000e+00 1.120917e+00
4.320000e+00 1.113854e+00
4.360000e+00 1.107299e+00
4.400000e+00 1.101302e+00
4.440000e+00 1.095911e+00
4.480000e+00 1.091170e+00
4.520000e+00 1.087118e+00
4.560000e+00 1.083788e+00
4.600000e+00 1.081209e+00
4.640000e+00 1.079402e+00
4.680000e+00 1.078383e+00
4.720000e+00 1.078161e+00
4.760000e+00 1.078737e+00
4.800000e+00 1.080108e+00
4.840000e+00 1.082261e+00
4.880000e+00 1.085177e+00
4.920000e+00 1.088833e+00
4.960000e+00 1.093198e+00
5.000000e+00 1.098235e+00
5.040000e+00 1.103905e+00
5.080000e+00 1.110160e+00
5.120000e+00 1.116952e+00
5.160000e+00 1.124228e+00
5.200000e+00 1.131933e+00
5.240000e+00 1.140010e+00
5.280000e+00 1.148399e+00
5.320000e+00 1.157041e+00
5.360000e+00 1.165876e+00
5.400000e+00 1.174843e+00
5.440000e+00 1.183883e+00
5.480000e+00 1.192938e+00
5.520000e+00 1.201949e+00
5.560000e+00 1.210861e+00
5.600000e+00 1.219620e+00
5.640000e+00 1.228173e+00
5.680000e+00 1.236471e+00
5.720000e+00 1.244467e+00
5.760000e+00 1.252115e+00
5.800000e+00 1.259374e+00
5.840000e+00 1.266204e+00
5.880000e+00 1.272569e+00
5.920000e+00 1.278435e+00
5.960000e+00 1.283773e+00
6.000000e+00 1.288555e+00
6.040000e+00 1.292757e+00
6.080000e+00 1.296358e+00
6.120000e+00 1.299339e+00
6.160000e+00 1.301687e+00
6.200000e+00 1.303390e+00
6.240000e+00 1.304439e+00
6.280000e+00 1.304830e+00
6.320000e+00 1.304560e+00
6.360000e+00 1.303632e+00
6.400000e+00 1.302049e+00
6.440000e+00 1.299820e+00
6.480000e+00 1.296955e+00
6.520000e+00 1.293468e+00
6.560000e+00 1.289378e+00
6.600000e+00 1.284703e+00
6.640000e+00 1.279469e+00
6.680000e+00 1.273702e+00
6.720000e+00 1.267430e+00
6.760000e+00 1.260688e+00
6.800000e+00 1.253511e+00
6.840000e+00 1.245938e+00
6.880000e+00 1.238010e+00
6.920000e+00 1.229771e+00
6.960000e+00 1.221267e+00
7.000000e+00 1.212549e+00
7.040000e+00 1.203668e+00
7.080000e+00 1.194677e+00
7.120000e+00 1.185632e+00
7.160000e+00 1.176589e+00
7.200000e+00 1.167608e+00
7.240000e+00 1.158747e+00
7.280000e+00 1.150066e+00
7.320000e+00 1.141626e+00
7.360000e+00 1.133487e+00
7.400000e+00 1.125706e+00
7.440000e+00 1.118342e+00
7.480000e+00 1.111451e+00
7.520000e+00 1.105085e+00
7.560000e+00 1.099295e+00
7.600000e+00 1.094127e+00
7.640000e+00 1.089623e+00
7.680000e+00 1.085820e+00
7.720000e+00 1.082750e+00
7.760000e+00 1.080439e+00
7.800000e+00 1.078907e+00
7.840000e+00 1.078167e+00
7.880000e+00 1.078224e+00
7.920000e+00 1.079080e+00
7.960000e+00 1.080726e+00
8.000000e+00 1.083149e+00
8.040000e+00 1.086328e+00
8.080000e+00 1.090236e+00
8.120000e+00 1.094841e+00
8.160000e+00 1.100106e+00
8.200000e+00 1.105986e+00
8.240000e+00 1.112437e+00
8.280000e+00 1.119406e+00
8.320000e+00 1.126841e+00
8.360000e+00 1.134686e+00
8.400000e+00 1.142881e+00
8.440000e+00 1.151369e+00
8.480000e+00 1.160090e+00
8.520000e+00 1.168982e+00
8.560000e+00 1.177986e+00
8.600000e+00 1.187043e+00
8.640000e+00 1.196094e+00
8.680000e+00 1.205083e+00
8.720000e+00 1.213953e+00
8.760000e+00 1.222652e+00
8.800000e+00 1.231127e+00
8.840000e+00 1.239330e+00
8.880000e+00 1.247215e+00
8.920000e+00 1.254737e+00
8.960000e+00 1.261856e+00
9.000000e+00 1.268532e+00
9.040000e+00 1.274731e+00
9.080000e+00 1.280421e+00
9.120000e+00 1.285571e+00
9.160000e+00 1.290155e+00
9.200000e+00 1.294152e+00
9.240000e+00 1.297540e+00
9.280000e+00 1.300303e+00
9.320000e+00 1.302427e+00
9.360000e+00 1.303902e+00
9.400000e+00 1.304721e+00
9.440000e+00 1.304880e+00
9.480000e+00 1.304378e+00
9.520000e+00 1.303218e+00
9.560000e+00 1.301405e+00
9.600000e+00 1.298949e+00
9.640000e+00 1.295862e+00
9.680000e+00 1.292158e+00
9.720000e+00 1.287857e+00
9.760000e+00 1.282980e+00
9.800000e+00 1.277551e+00
9.840000e+00 1.271599e+00
9.880000e+00 1.265154e+00
9.920000e+00 1.258251e+00
9.960000e+00 1.250926e+00
1.000000e+01 1.243219e+00
