-6.000000e+00 0.000000e+00
-5.900000e+00 6.445187e-13
-5.800000e+00 1.510436e-12
-5.700000e+00 2.854996e-12
-5.600000e+00 5.052026e-12
-5.500000e+00 8.698866e-12
-5.400000e+00 1.479322e-11
-5.300000e+00 2.499853e-11
-5.200000e+00 4.200360e-11
-5.100000e+00 7.009692e-11
-5.000000e+00 1.166085e-10
-4.900000e+00 1.970835e-10
-4.800000e+00 3.537965e-10
-4.700000e+00 7.075635e-10
-4.600000e+00 1.566404e-09
-4.500000e+00 3.640779e-09
-4.400000e+00 8.510173e-09
-4.300000e+00 1.962115e-08
-4.200000e+00 4.434451e-08
-4.100000e+00 9.811256e-08
-4.000000e+00 2.125540e-07
-3.900000e+00 4.511232e-07
-3.800000e+00 9.384219e-07
-3.700000e+00 1.913891e-06
-3.600000e+00 3.827687e-06
-3.500000e+00 7.507529e-06
-3.400000e+00 1.444134e-05
-3.300000e+00 2.724287e-05
-3.200000e+00 5.039667e-05
-3.100000e+00 9.141369e-05
-3.000000e+00 1.625660e-04
-2.900000e+00 2.834002e-04
-2.800000e+00 4.842398e-04
-2.700000e+00 8.108575e-04
-2.600000e+00 1.330400e-03
-2.500000e+00 2.138450e-03
-2.400000e+00 3.366784e-03
-2.300000e+00 5.190928e-03
-2.200000e+00 7.836026e-03
-2.100000e+00 1.157890e-02
-2.000000e+00 1.674367e-02
-1.900000e+00 2.368809e-02
-1.800000e+00 3.277810e-02
-1.700000e+00 4.434977e-02
-1.600000e+00 5.866009e-02
-1.500000e+00 7.583216e-02
-1.400000e+00 9.580437e-02
-1.300000e+00 1.182963e-01
-1.200000e+00 1.428035e-01
-1.100000e+00 1.686289e-01
-1.000000e+00 1.949476e-01
-9.000000e-01 2.208935e-01
-8.000000e-01 2.456470e-01
-7.000000e-01 2.685048e-01
-6.000000e-01 2.889200e-01
-5.000000e-01 3.065095e-01
-4.000000e-01 3.210361e-01
-3.000000e-01 3.323753e-01
-2.000000e-01 3.404779e-01
-1.000000e-01 3.453352e-01
0.000000e+00 3.469530e-01
1.000000e-01 3.453352e-01
2.000000e-01 3.404779e-01
3.000000e-01 3.323753e-01
4.000000e-01 3.210361e-01
5.000000e-01 3.065095e-01
6.000000e-01 2.889200e-01
7.000000e-01 2.685048e-01
8.000000e-01 2.456470e-01
9.000000e-01 2.208935e-01
1.000000e+00 1.949476e-01
1.100000e+00 1.686289e-01
1.200000e+00 1.428035e-01
1.300000e+00 1.182963e-01
1.400000e+00 9.580437e-02
1.500000e+00 7.583216e-02
1.600000e+00 5.866009e-02
1.700000e+00 4.434977e-02
1.800000e+00 3.277810e-02
1.900000e+00 2.368809e-02
2.000000e+00 1.674367e-02
2.100000e+00 1.157890e-02
2.200000e+00 7.836026e-03
2.300000e+00 5.190928e-03
2.400000e+00 3.366784e-03
2.500000e+00 2.138450e-03
2.600000e+00 1.330400e-03
2.700000e+00 8.108575e-04
2.800000e+00 4.842398e-04
2.900000e+00 2.834002e-04
3.000000e+00 1.625660e-04
3.100000e+00 9.141369e-05
3.200000e+00 5.039667e-05
3.300000e+00 2.724287e-05
3.400000e+00 1.444134e-05
3.500000e+00 7.507529e-06
3.600000e+00 3.827687e-06
3.700000e+00 1.913891e-06
3.800000e+00 9.384222e-07
3.900000e+00 4.511234e-07
4.000000e+00 2.125541e-07
4.100000e+00 9.811239e-08
4.200000e+00 4.434417e-08
4.300000e+00 1.962077e-08
4.400000e+00 8.509908e-09
4.500000e+00 3.640715e-09
4.600000e+00 1.566529e-09
4.700000e+00 7.077941e-10
4.800000e+00 3.540543e-10
4.900000e+00 1.973588e-10
5.000000e+00 1.169272e-10
5.100000e+00 7.046077e-11
5.200000e+00 4.238291e-11
5.300000e+00 2.534562e-11
5.400000e+00 1.505800e-11
5.500000e+00 8.848116e-12
5.600000e+00 5.068470e-12
5.700000e+00 2.716829e-12
5.800000e+00 1.170116e-12
5.900000e+00 0.000000e+00
