-6.000000e+00 0.000000e+00
-5.900000e+00 2.050348e-09
-5.800000e+00 4.899261e-09
-5.700000e+00 9.395358e-09
-5.600000e+00 1.648689e-08
-5.500000e+00 2.711275e-08
-5.400000e+00 4.197075e-08
-5.300000e+00 6.120915e-08
-5.200000e+00 8.413481e-08
-5.100000e+00 1.090772e-07
-5.000000e+00 1.335375e-07
-4.900000e+00 1.546830e-07
-4.800000e+00 1.702444e-07
-4.700000e+00 1.801766e-07
-4.600000e+00 1.902027e-07
-4.500000e+00 2.175525e-07
-4.400000e+00 2.903659e-07
-4.300000e+00 4.343853e-07
-4.200000e+00 6.728704e-07
-4.100000e+00 1.041747e-06
-4.000000e+00 1.600626e-06
-3.900000e+00 2.443994e-06
-3.800000e+00 3.738261e-06
-3.700000e+00 5.839457e-06
-3.600000e+00 9.553480e-06
-3.500000e+00 1.651638e-05
-3.400000e+00 2.959894e-05
-3.300000e+00 5.339373e-05
-3.200000e+00 9.494817e-05
-3.100000e+00 1.648004e-04
-3.000000e+00 2.783458e-04
-2.900000e+00 4.576327e-04
-2.800000e+00 7.337731e-04
-2.700000e+00 1.150236e-03
-2.600000e+00 1.767365e-03
-2.500000e+00 2.668446e-03
-2.400000e+00 3.967469e-03
-2.300000e+00 5.818258e-03
-2.200000e+00 8.423850e-03
-2.100000e+00 1.204404e-02
-2.000000e+00 1.699798e-02
-1.900000e+00 2.365806e-02
-1.800000e+00 3.243130e-02
-1.700000e+00 4.372546e-02
-1.600000e+00 5.789953e-02
-1.500000e+00 7.520211e-02
-1.400000e+00 9.570618e-02
-1.300000e+00 1.192537e-01
-1.200000e+00 1.454254e-01
-1.100000e+00 1.735494e-01
-1.000000e+00 2.027530e-01
-9.000000e-01 2.320502e-01
-8.000000e-01 2.604455e-01
-7.000000e-01 2.870307e-01
-6.000000e-01 3.110533e-01
-5.000000e-01 3.319483e-01
-4.000000e-01 3.493333e-01
-3.000000e-01 3.629788e-01
-2.000000e-01 3.727671e-01
-1.000000e-01 3.786492e-01
0.000000e+00 3.806107e-01
1.000000e-01 3.786492e-01
2.000000e-01 3.727671e-01
3.000000e-01 3.629788e-01
4.000000e-01 3.493333e-01
5.000000e-01 3.319483e-01
6.000000e-01 3.110533e-01
7.000000e-01 2.870307e-01
8.000000e-01 2.604455e-01
9.000000e-01 2.320502e-01
1.000000e+00 2.027530e-01
1.100000e+00 1.735494e-01
1.200000e+00 1.454254e-01
1.300000e+00 1.192537e-01
1.400000e+00 9.570618e-02
1.500000e+00 7.520211e-02
1.600000e+00 5.789953e-02
1.700000e+00 4.372546e-02
1.800000e+00 3.243130e-02
1.900000e+00 2.365806e-02
2.000000e+00 1.699798e-02
2.100000e+00 1.204404e-02
2.200000e+00 8.423850e-03
2.300000e+00 5.818257e-03
2.400000e+00 3.967469e-03
2.500000e+00 2.668446e-03
2.600000e+00 1.767365e-03
2.700000e+00 1.150236e-03
2.800000e+00 7.337724e-04
2.900000e+00 4.576324e-04
3.000000e+00 2.783462e-04
3.100000e+00 1.648012e-04
3.200000e+00 9.494832e-05
3.300000e+00 5.339306e-05
3.400000e+00 2.959815e-05
3.500000e+00 1.651635e-05
3.600000e+00 9.554311e-06
3.700000e+00 5.840326e-06
3.800000e+00 3.738331e-06
3.900000e+00 2.443216e-06
4.000000e+00 1.599657e-06
4.100000e+00 1.041284e-06
4.200000e+00 6.730417e-07
4.300000e+00 4.347721e-07
4.400000e+00 2.906391e-07
4.500000e+00 2.179046e-07
4.600000e+00 1.908355e-07
4.700000e+00 1.808406e-07
4.800000e+00 1.706290e-07
4.900000e+00 1.547113e-07
5.000000e+00 1.333283e-07
5.100000e+00 1.088111e-07
5.200000e+00 8.395663e-08
5.300000e+00 6.118837e-08
5.400000e+00 4.209509e-08
5.500000e+00 2.729303e-08
5.600000e+00 1.656166e-08
5.700000e+00 9.130680e-09
5.800000e+00 3.975109e-09
5.900000e+00 0.000000e+00
