0.000000e+00 4.237759e-01
2.500000e-03 4.237759e-01
5.000000e-03 4.237719e-01
7.500000e-03 4.237653e-01
1.000000e-02 4.237560e-01
1.250000e-02 4.237441e-01
1.500000e-02 4.237295e-01
1.750000e-02 4.237123e-01
2.000000e-02 4.236925e-01
2.250000e-02 4.236700e-01
2.500000e-02 4.236448e-01
2.750000e-02 4.236170e-01
3.000000e-02 4.235866e-01
3.250000e-02 4.235535e-01
3.500000e-02 4.235177e-01
3.750000e-02 4.234793e-01
4.000000e-02 4.234383e-01
4.250000e-02 4.233947e-01
4.500000e-02 4.233484e-01
4.750000e-02 4.232994e-01
5.000000e-02 4.232478e-01
5.250000e-02 4.231936e-01
5.500000e-02 4.231367e-01
5.750000e-02 4.230772e-01
6.000000e-02 4.230151e-01
6.250000e-02 4.229503e-01
6.500000e-02 4.228829e-01
6.750000e-02 4.228129e-01
7.000000e-02 4.227402e-01
7.250000e-02 4.226649e-01
7.500000e-02 4.225870e-01
7.750000e-02 4.225065e-01
8.000000e-02 4.224233e-01
8.250000e-02 4.223375e-01
8.500000e-02 4.222491e-01
8.750000e-02 4.221580e-01
9.000000e-02 4.220644e-01
9.250000e-02 4.219681e-01
9.500000e-02 4.218692e-01
9.750000e-02 4.217677e-01
1.000000e-01 4.216636e-01
1.025000e-01 4.215569e-01
1.050000e-01 4.214476e-01
1.075000e-01 4.213356e-01
1.100000e-01 4.212211e-01
1.125000e-01 4.211040e-01
1.150000e-01 4.209842e-01
1.175000e-01 4.208619e-01
1.200000e-01 4.207370e-01
1.225000e-01 4.206095e-01
1.250000e-01 4.204793e-01
1.275000e-01 4.203467e-01
1.300000e-01 4.202114e-01
1.325000e-01 4.200735e-01
1.350000e-01 4.199331e-01
1.375000e-01 4.197901e-01
1.400000e-01 4.196445e-01
1.425000e-01 4.194963e-01
1.450000e-01 4.193456e-01
1.475000e-01 4.191923e-01
1.500000e-01 4.190364e-01
1.525000e-01 4.188780e-01
1.550000e-01 4.187170e-01
1.575000e-01 4.185535e-01
1.600000e-01 4.183874e-01
1.625000e-01 4.182188e-01
1.650000e-01 4.180476e-01
1.675000e-01 4.178739e-01
1.700000e-01 4.176977e-01
1.725000e-01 4.175189e-01
1.750000e-01 4.173375e-01
1.775000e-01 4.171537e-01
1.800000e-01 4.169673e-01
1.825000e-01 4.167784e-01
1.850000e-01 4.165870e-01
1.875000e-01 4.163931e-01
1.900000e-01 4.161966e-01
1.925000e-01 4.159977e-01
1.950000e-01 4.157963e-01
1.975000e-01 4.155923e-01
2.000000e-01 4.153859e-01
2.025000e-01 4.151769e-01
2.050000e-01 4.149655e-01
2.075000e-01 4.147516e-01
2.100000e-01 4.145352e-01
2.125000e-01 4.143163e-01
2.150000e-01 4.140950e-01
2.175000e-01 4.138712e-01
2.200000e-01 4.136449e-01
2.225000e-01 4.134162e-01
2.250000e-01 4.131850e-01
2.275000e-01 4.129513e-01
2.300000e-01 4.127152e-01
2.325000e-01 4.124767e-01
2.350000e-01 4.122357e-01
2.375000e-01 4.119923e-01
2.400000e-01 4.117465e-01
2.425000e-01 4.114982e-01
2.450000e-01 4.112476e-01
2.475000e-01 4.109945e-01
2.500000e-01 4.107390e-01
2.525000e-01 4.104810e-01
2.550000e-01 4.102207e-01
2.575000e-01 4.099580e-01
2.600000e-01 4.096929e-01
2.625000e-01 4.094254e-01
2.650000e-01 4.091555e-01
2.675000e-01 4.088833e-01
2.700000e-01 4.086087e-01
2.725000e-01 4.083317e-01
2.750000e-01 4.080523e-01
2.775000e-01 4.077706e-01
2.800000e-01 4.074865e-01
2.825000e-01 4.072001e-01
2.850000e-01 4.069114e-01
2.875000e-01 4.066203e-01
2.900000e-01 4.063268e-01
2.925000e-01 4.060311e-01
2.950000e-01 4.057330e-01
2.975000e-01 4.054326e-01
3.000000e-01 4.051299e-01
3.025000e-01 4.048249e-01
3.050000e-01 4.045176e-01
3.075000e-01 4.042081e-01
3.100000e-01 4.038962e-01
3.125000e-01 4.035820e-01
3.150000e-01 4.032656e-01
3.175000e-01 4.029469e-01
3.200000e-01 4.026259e-01
3.225000e-01 4.023027e-01
3.250000e-01 4.019772e-01
3.275000e-01 4.016495e-01
3.300000e-01 4.013195e-01
3.325000e-01 4.009873e-01
3.350000e-01 4.006529e-01
3.375000e-01 4.003162e-01
3.400000e-01 3.999773e-01
3.425000e-01 3.996362e-01
3.450000e-01 3.992930e-01
3.475000e-01 3.989475e-01
3.500000e-01 3.985998e-01
3.525000e-01 3.982499e-01
3.550000e-01 3.978979e-01
3.575000e-01 3.975437e-01
3.600000e-01 3.971873e-01
3.625000e-01 3.968287e-01
3.650000e-01 3.964680e-01
3.675000e-01 3.961052e-01
3.700000e-01 3.957402e-01
3.725000e-01 3.953730e-01
3.750000e-01 3.950038e-01
3.775000e-01 3.946324e-01
3.800000e-01 3.942589e-01
3.825000e-01 3.938833e-01
3.850000e-01 3.935056e-01
3.875000e-01 3.931258e-01
3.900000e-01 3.927439e-01
3.925000e-01 3.923600e-01
3.950000e-01 3.919739e-01
3.975000e-01 3.915858e-01
4.000000e-01 3.911957e-01
4.025000e-01 3.908034e-01
4.050000e-01 3.904092e-01
4.075000e-01 3.900129e-01
4.100000e-01 3.896145e-01
4.125000e-01 3.892142e-01
4.150000e-01 3.888118e-01
4.175000e-01 3.884074e-01
4.200000e-01 3.880010e-01
4.225000e-01 3.875926e-01
4.250000e-01 3.871822e-01
4.275000e-01 3.867698e-01
4.300000e-01 3.863555e-01
4.325000e-01 3.859392e-01
4.350000e-01 3.855209e-01
4.375000e-01 3.851007e-01
4.400000e-01 3.846785e-01
4.425000e-01 3.842544e-01
4.450000e-01 3.838283e-01
4.475000e-01 3.834003e-01
4.500000e-01 3.829705e-01
4.525000e-01 3.825387e-01
4.550000e-01 3.821050e-01
4.575000e-01 3.816694e-01
4.600000e-01 3.812319e-01
4.625000e-01 3.807926e-01
4.650000e-01 3.803513e-01
4.675000e-01 3.799082e-01
4.700000e-01 3.794633e-01
4.725000e-01 3.790165e-01
4.750000e-01 3.785679e-01
4.775000e-01 3.781174e-01
4.800000e-01 3.776651e-01
4.825000e-01 3.772110e-01
4.850000e-01 3.767551e-01
4.875000e-01 3.762974e-01
4.900000e-01 3.758379e-01
4.925000e-01 3.753766e-01
4.950000e-01 3.749135e-01
4.975000e-01 3.744487e-01
5.000000e-01 3.739821e-01
5.025000e-01 3.735137e-01
5.050000e-01 3.730436e-01
5.075000e-01 3.725718e-01
5.100000e-01 3.720982e-01
5.125000e-01 3.716229e-01
5.150000e-01 3.711459e-01
5.175000e-01 3.706672e-01
5.200000e-01 3.701868e-01
5.225000e-01 3.697048e-01
5.250000e-01 3.692210e-01
5.275000e-01 3.687356e-01
5.300000e-01 3.682485e-01
5.325000e-01 3.677597e-01
5.350000e-01 3.672693e-01
5.375000e-01 3.667773e-01
5.400000e-01 3.662836e-01
5.425000e-01 3.657883e-01
5.450000e-01 3.652914e-01
5.475000e-01 3.647929e-01
5.500000e-01 3.642928e-01
5.525000e-01 3.637911e-01
5.550000e-01 3.632878e-01
5.575000e-01 3.627830e-01
5.600000e-01 3.622765e-01
5.625000e-01 3.617686e-01
5.650000e-01 3.612591e-01
5.675000e-01 3.607480e-01
5.700000e-01 3.602355e-01
5.725000e-01 3.597214e-01
5.750000e-01 3.592058e-01
5.775000e-01 3.586886e-01
5.800000e-01 3.581700e-01
5.825000e-01 3.576500e-01
5.850000e-01 3.571284e-01
5.875000e-01 3.566054e-01
5.900000e-01 3.560809e-01
5.925000e-01 3.555549e-01
5.950000e-01 3.550275e-01
5.975000e-01 3.544987e-01
6.000000e-01 3.539685e-01
6.025000e-01 3.534368e-01
6.050000e-01 3.529038e-01
6.075000e-01 3.523693e-01
6.100000e-01 3.518334e-01
6.125000e-01 3.512962e-01
6.150000e-01 3.507576e-01
6.175000e-01 3.502176e-01
6.200000e-01 3.496763e-01
6.225000e-01 3.491336e-01
6.250000e-01 3.485896e-01
6.275000e-01 3.480443e-01
6.300000e-01 3.474976e-01
6.325000e-01 3.469497e-01
6.350000e-01 3.464004e-01
6.375000e-01 3.458499e-01
6.400000e-01 3.452980e-01
6.425000e-01 3.447449e-01
6.450000e-01 3.441905e-01
6.475000e-01 3.436349e-01
6.500000e-01 3.430780e-01
6.525000e-01 3.425199e-01
6.550000e-01 3.419605e-01
6.575000e-01 3.414000e-01
6.600000e-01 3.408382e-01
6.625000e-01 3.402752e-01
6.650000e-01 3.397110e-01
6.675000e-01 3.391457e-01
6.700000e-01 3.385791e-01
6.725000e-01 3.380114e-01
6.750000e-01 3.374426e-01
6.775000e-01 3.368726e-01
6.800000e-01 3.363014e-01
6.825000e-01 3.357292e-01
6.850000e-01 3.351558e-01
6.875000e-01 3.345812e-01
6.900000e-01 3.340056e-01
6.925000e-01 3.334289e-01
6.950000e-01 3.328511e-01
6.975000e-01 3.322723e-01
7.000000e-01 3.316923e-01
7.025000e-01 3.311114e-01
7.050000e-01 3.305293e-01
7.075000e-01 3.299462e-01
7.100000e-01 3.293621e-01
7.125000e-01 3.287770e-01
7.150000e-01 3.281909e-01
7.175000e-01 3.276037e-01
7.200000e-01 3.270156e-01
7.225000e-01 3.264265e-01
7.250000e-01 3.258364e-01
7.275000e-01 3.252453e-01
7.300000e-01 3.246533e-01
7.325000e-01 3.240603e-01
7.350000e-01 3.234664e-01
7.375000e-01 3.228716e-01
7.400000e-01 3.222759e-01
7.425000e-01 3.216792e-01
7.450000e-01 3.210816e-01
7.475000e-01 3.204832e-01
7.500000e-01 3.198838e-01
7.525000e-01 3.192836e-01
7.550000e-01 3.186825e-01
7.575000e-01 3.180806e-01
7.600000e-01 3.174778e-01
7.625000e-01 3.168742e-01
7.650000e-01 3.162697e-01
7.675000e-01 3.156644e-01
7.700000e-01 3.150584e-01
7.725000e-01 3.144515e-01
7.750000e-01 3.138438e-01
7.775000e-01 3.132353e-01
7.800000e-01 3.126261e-01
7.825000e-01 3.120161e-01
7.850000e-01 3.114053e-01
7.875000e-01 3.107938e-01
7.900000e-01 3.101816e-01
7.925000e-01 3.095686e-01
7.950000e-01 3.089549e-01
7.975000e-01 3.083405e-01
8.000000e-01 3.077254e-01
8.025000e-01 3.071096e-01
8.050000e-01 3.064931e-01
8.075000e-01 3.058760e-01
8.100000e-01 3.052582e-01
8.125000e-01 3.046397e-01
8.150000e-01 3.040206e-01
8.175000e-01 3.034008e-01
8.200000e-01 3.027804e-01
8.225000e-01 3.021594e-01
8.250000e-01 3.015378e-01
8.275000e-01 3.009156e-01
8.300000e-01 3.002928e-01
8.325000e-01 2.996694e-01
8.350000e-01 2.990454e-01
8.375000e-01 2.984209e-01
8.400000e-01 2.977958e-01
8.425000e-01 2.971701e-01
8.450000e-01 2.965439e-01
8.475000e-01 2.959172e-01
8.500000e-01 2.952900e-01
8.525000e-01 2.946622e-01
8.550000e-01 2.940340e-01
8.575000e-01 2.934052e-01
8.600000e-01 2.927760e-01
8.625000e-01 2.921463e-01
8.650000e-01 2.915161e-01
8.675000e-01 2.908855e-01
8.700000e-01 2.902544e-01
8.725000e-01 2.896229e-01
8.750000e-01 2.889909e-01
8.775000e-01 2.883586e-01
8.800000e-01 2.877258e-01
8.825000e-01 2.870926e-01
8.850000e-01 2.864590e-01
8.875000e-01 2.858250e-01
8.900000e-01 2.851906e-01
8.925000e-01 2.845559e-01
8.950000e-01 2.839208e-01
8.975000e-01 2.832854e-01
9.000000e-01 2.826496e-01
9.025000e-01 2.820134e-01
9.050000e-01 2.813770e-01
9.075000e-01 2.807402e-01
9.100000e-01 2.801031e-01
9.125000e-01 2.794657e-01
9.150000e-01 2.788281e-01
9.175000e-01 2.781901e-01
9.200000e-01 2.775519e-01
9.225000e-01 2.769134e-01
9.250000e-01 2.762746e-01
9.275000e-01 2.756356e-01
9.300000e-01 2.749964e-01
9.325000e-01 2.743569e-01
9.350000e-01 2.737172e-01
9.375000e-01 2.730773e-01
9.400000e-01 2.724371e-01
9.425000e-01 2.717968e-01
9.450000e-01 2.711563e-01
9.475000e-01 2.705156e-01
9.500000e-01 2.698747e-01
9.525000e-01 2.692337e-01
9.550000e-01 2.685925e-01
9.575000e-01 2.679512e-01
9.600000e-01 2.673097e-01
9.625000e-01 2.666681e-01
9.650000e-01 2.660264e-01
9.675000e-01 2.653845e-01
9.700000e-01 2.647426e-01
9.725000e-01 2.641005e-01
9.750000e-01 2.634584e-01
9.775000e-01 2.628162e-01
9.800000e-01 2.621739e-01
9.825000e-01 2.615315e-01
9.850000e-01 2.608891e-01
9.875000e-01 2.602466e-01
9.900000e-01 2.596041e-01
9.925000e-01 2.589616e-01
9.950000e-01 2.583190e-01
9.975000e-01 2.576765e-01
1.000000e+00 2.570339e-01
1.002500e+00 2.563913e-01
1.005000e+00 2.557487e-01
1.007500e+00 2.551062e-01
1.010000e+00 2.544636e-01
1.012500e+00 2.538211e-01
1.015000e+00 2.531786e-01
1.017500e+00 2.525362e-01
1.020000e+00 2.518939e-01
1.022500e+00 2.512516e-01
1.025000e+00 2.506094e-01
1.027500e+00 2.499672e-01
1.030000e+00 2.493251e-01
1.032500e+00 2.486832e-01
1.035000e+00 2.480413e-01
1.037500e+00 2.473996e-01
1.040000e+00 2.467579e-01
1.042500e+00 2.461164e-01
1.045000e+00 2.454751e-01
1.047500e+00 2.448338e-01
1.050000e+00 2.441927e-01
1.052500e+00 2.435518e-01
1.055000e+00 2.429111e-01
1.057500e+00 2.422705e-01
1.060000e+00 2.416301e-01
1.062500e+00 2.409898e-01
1.065000e+00 2.403498e-01
1.067500e+00 2.397100e-01
1.070000e+00 2.390704e-01
1.072500e+00 2.384309e-01
1.075000e+00 2.377918e-01
1.077500e+00 2.371528e-01
1.080000e+00 2.365141e-01
1.082500e+00 2.358756e-01
1.085000e+00 2.352374e-01
1.087500e+00 2.345995e-01
1.090000e+00 2.339618e-01
1.092500e+00 2.333244e-01
1.095000e+00 2.326873e-01
1.097500e+00 2.320504e-01
1.100000e+00 2.314139e-01
1.102500e+00 2.307777e-01
1.105000e+00 2.301417e-01
1.107500e+00 2.295061e-01
1.110000e+00 2.288708e-01
1.112500e+00 2.282359e-01
1.115000e+00 2.276013e-01
1.117500e+00 2.269670e-01
1.120000e+00 2.263331e-01
1.122500e+00 2.256996e-01
1.125000e+00 2.250664e-01
1.127500e+00 2.244336e-01
1.130000e+00 2.238011e-01
1.132500e+00 2.231691e-01
1.135000e+00 2.225374e-01
1.137500e+00 2.219062e-01
1.140000e+00 2.212754e-01
1.142500e+00 2.206449e-01
1.145000e+00 2.200149e-01
1.147500e+00 2.193853e-01
1.150000e+00 2.187562e-01
1.152500e+00 2.181275e-01
1.155000e+00 2.174992e-01
1.157500e+00 2.168714e-01
1.160000e+00 2.162441e-01
1.162500e+00 2.156172e-01
1.165000e+00 2.149908e-01
1.167500e+00 2.143649e-01
1.170000e+00 2.137395e-01
1.172500e+00 2.131145e-01
1.175000e+00 2.124901e-01
1.177500e+00 2.118662e-01
1.180000e+00 2.112427e-01
1.182500e+00 2.106198e-01
1.185000e+00 2.099974e-01
1.187500e+00 2.093756e-01
1.190000e+00 2.087543e-01
1.192500e+00 2.081335e-01
1.195000e+00 2.075133e-01
1.197500e+00 2.068936e-01
1.200000e+00 2.062745e-01
1.202500e+00 2.056560e-01
1.205000e+00 2.050380e-01
1.207500e+00 2.044206e-01
1.210000e+00 2.038038e-01
1.212500e+00 2.031876e-01
1.215000e+00 2.025720e-01
1.217500e+00 2.019570e-01
1.220000e+00 2.013426e-01
1.222500e+00 2.007288e-01
1.225000e+00 2.001156e-01
1.227500e+00 1.995031e-01
1.230000e+00 1.988912e-01
1.232500e+00 1.982799e-01
1.235000e+00 1.976693e-01
1.237500e+00 1.970593e-01
1.240000e+00 1.964500e-01
1.242500e+00 1.958413e-01
1.245000e+00 1.952333e-01
1.247500e+00 1.946260e-01
1.250000e+00 1.940193e-01
1.252500e+00 1.934134e-01
1.255000e+00 1.928081e-01
1.257500e+00 1.922035e-01
1.260000e+00 1.915996e-01
1.262500e+00 1.909964e-01
1.265000e+00 1.903940e-01
1.267500e+00 1.897922e-01
1.270000e+00 1.891911e-01
1.272500e+00 1.885908e-01
1.275000e+00 1.879912e-01
1.277500e+00 1.873924e-01
1.280000e+00 1.867943e-01
1.282500e+00 1.861969e-01
1.285000e+00 1.856003e-01
1.287500e+00 1.850044e-01
1.290000e+00 1.844093e-01
1.292500e+00 1.838150e-01
1.295000e+00 1.832214e-01
1.297500e+00 1.826286e-01
1.300000e+00 1.820366e-01
1.302500e+00 1.814454e-01
1.305000e+00 1.808550e-01
1.307500e+00 1.802653e-01
1.310000e+00 1.796765e-01
1.312500e+00 1.790884e-01
1.315000e+00 1.785012e-01
1.317500e+00 1.779148e-01
1.320000e+00 1.773292e-01
1.322500e+00 1.767444e-01
1.325000e+00 1.761605e-01
1.327500e+00 1.755774e-01
1.330000e+00 1.749951e-01
1.332500e+00 1.744136e-01
1.335000e+00 1.738331e-01
1.337500e+00 1.732533e-01
1.340000e+00 1.726744e-01
1.342500e+00 1.720964e-01
1.345000e+00 1.715192e-01
1.347500e+00 1.709429e-01
1.350000e+00 1.703675e-01
1.352500e+00 1.697929e-01
1.355000e+00 1.692193e-01
1.357500e+00 1.686465e-01
1.360000e+00 1.680746e-01
1.362500e+00 1.675036e-01
1.365000e+00 1.669335e-01
1.367500e+00 1.663643e-01
1.370000e+00 1.657960e-01
1.372500e+00 1.652286e-01
1.375000e+00 1.646621e-01
1.377500e+00 1.640965e-01
1.380000e+00 1.635319e-01
1.382500e+00 1.629681e-01
1.385000e+00 1.624053e-01
1.387500e+00 1.618435e-01
1.390000e+00 1.612826e-01
1.392500e+00 1.607226e-01
1.395000e+00 1.601635e-01
1.397500e+00 1.596054e-01
1.400000e+00 1.590483e-01
1.402500e+00 1.584921e-01
1.405000e+00 1.579369e-01
1.407500e+00 1.573826e-01
1.410000e+00 1.568293e-01
1.412500e+00 1.562769e-01
1.415000e+00 1.557256e-01
1.417500e+00 1.551752e-01
1.420000e+00 1.546258e-01
1.422500e+00 1.540773e-01
1.425000e+00 1.535299e-01
1.427500e+00 1.529834e-01
1.430000e+00 1.524380e-01
1.432500e+00 1.518935e-01
1.435000e+00 1.513500e-01
1.437500e+00 1.508076e-01
1.440000e+00 1.502661e-01
1.442500e+00 1.497257e-01
1.445000e+00 1.491862e-01
1.447500e+00 1.486478e-01
1.450000e+00 1.481104e-01
1.452500e+00 1.475740e-01
1.455000e+00 1.470386e-01
1.457500e+00 1.465043e-01
1.460000e+00 1.459710e-01
1.462500e+00 1.454387e-01
1.465000e+00 1.449075e-01
1.467500e+00 1.443773e-01
1.470000e+00 1.438481e-01
1.472500e+00 1.433200e-01
1.475000e+00 1.427929e-01
1.477500e+00 1.422669e-01
1.480000e+00 1.417419e-01
1.482500e+00 1.412180e-01
1.485000e+00 1.406951e-01
1.487500e+00 1.401733e-01
1.490000e+00 1.396526e-01
1.492500e+00 1.391329e-01
1.495000e+00 1.386143e-01
1.497500e+00 1.380968e-01
1.500000e+00 1.375803e-01
1.502500e+00 1.370649e-01
1.505000e+00 1.365506e-01
1.507500e+00 1.360374e-01
1.510000e+00 1.355252e-01
1.512500e+00 1.350142e-01
1.515000e+00 1.345042e-01
1.517500e+00 1.339953e-01
1.520000e+00 1.334875e-01
1.522500e+00 1.329808e-01
1.525000e+00 1.324752e-01
1.527500e+00 1.319707e-01
1.530000e+00 1.314673e-01
1.532500e+00 1.309650e-01
1.535000e+00 1.304637e-01
1.537500e+00 1.299636e-01
1.540000e+00 1.294646e-01
1.542500e+00 1.289668e-01
1.545000e+00 1.284700e-01
1.547500e+00 1.279743e-01
1.550000e+00 1.274798e-01
1.552500e+00 1.269864e-01
1.555000e+00 1.264941e-01
1.557500e+00 1.260029e-01
1.560000e+00 1.255128e-01
1.562500e+00 1.250239e-01
1.565000e+00 1.245361e-01
1.567500e+00 1.240494e-01
1.570000e+00 1.235638e-01
1.572500e+00 1.230794e-01
1.575000e+00 1.225961e-01
1.577500e+00 1.221140e-01
1.580000e+00 1.216329e-01
1.582500e+00 1.211531e-01
1.585000e+00 1.206743e-01
1.587500e+00 1.201967e-01
1.590000e+00 1.197203e-01
1.592500e+00 1.192449e-01
1.595000e+00 1.187708e-01
1.597500e+00 1.182977e-01
1.600000e+00 1.178259e-01
1.602500e+00 1.173551e-01
1.605000e+00 1.168856e-01
1.607500e+00 1.164171e-01
1.610000e+00 1.159499e-01
1.612500e+00 1.154837e-01
1.615000e+00 1.150188e-01
1.617500e+00 1.145550e-01
1.620000e+00 1.140923e-01
1.622500e+00 1.136308e-01
1.625000e+00 1.131705e-01
1.627500e+00 1.127113e-01
1.630000e+00 1.122533e-01
1.632500e+00 1.117964e-01
1.635000e+00 1.113408e-01
1.637500e+00 1.108862e-01
1.640000e+00 1.104329e-01
1.642500e+00 1.099807e-01
1.645000e+00 1.095297e-01
1.647500e+00 1.090798e-01
1.650000e+00 1.086311e-01
1.652500e+00 1.081836e-01
1.655000e+00 1.077372e-01
1.657500e+00 1.072921e-01
1.660000e+00 1.068481e-01
1.662500e+00 1.064052e-01
1.665000e+00 1.059636e-01
1.667500e+00 1.055231e-01
1.670000e+00 1.050838e-01
1.672500e+00 1.046456e-01
1.675000e+00 1.042087e-01
1.677500e+00 1.037729e-01
1.680000e+00 1.033383e-01
1.682500e+00 1.029048e-01
1.685000e+00 1.024726e-01
1.687500e+00 1.020415e-01
1.690000e+00 1.016116e-01
1.692500e+00 1.011829e-01
1.695000e+00 1.007554e-01
1.697500e+00 1.003290e-01
1.700000e+00 9.990381e-02
1.702500e+00 9.947981e-02
1.705000e+00 9.905699e-02
1.707500e+00 9.863535e-02
1.710000e+00 9.821489e-02
1.712500e+00 9.779561e-02
1.715000e+00 9.737752e-02
1.717500e+00 9.696060e-02
1.720000e+00 9.654487e-02
1.722500e+00 9.613032e-02
1.725000e+00 9.571695e-02
1.727500e+00 9.530476e-02
1.730000e+00 9.489375e-02
1.732500e+00 9.448393e-02
1.735000e+00 9.407528e-02
1.737500e+00 9.366782e-02
1.740000e+00 9.326155e-02
1.742500e+00 9.285645e-02
1.745000e+00 9.245253e-02
1.747500e+00 9.204980e-02
1.750000e+00 9.164825e-02
1.752500e+00 9.124788e-02
1.755000e+00 9.084869e-02
1.757500e+00 9.045068e-02
1.760000e+00 9.005385e-02
1.762500e+00 8.965821e-02
1.765000e+00 8.926374e-02
1.767500e+00 8.887045e-02
1.770000e+00 8.847835e-02
1.772500e+00 8.808742e-02
1.775000e+00 8.769767e-02
1.777500e+00 8.730910e-02
1.780000e+00 8.692171e-02
1.782500e+00 8.653550e-02
1.785000e+00 8.615047e-02
1.787500e+00 8.576661e-02
1.790000e+00 8.538393e-02
1.792500e+00 8.500242e-02
1.795000e+00 8.462209e-02
1.797500e+00 8.424294e-02
1.800000e+00 8.386496e-02
1.802500e+00 8.348815e-02
1.805000e+00 8.311252e-02
1.807500e+00 8.273806e-02
1.810000e+00 8.236478e-02
1.812500e+00 8.199266e-02
1.815000e+00 8.162172e-02
1.817500e+00 8.125194e-02
1.820000e+00 8.088334e-02
1.822500e+00 8.051590e-02
1.825000e+00 8.014964e-02
1.827500e+00 7.978454e-02
1.830000e+00 7.942061e-02
1.832500e+00 7.905784e-02
1.835000e+00 7.869624e-02
1.837500e+00 7.833580e-02
1.840000e+00 7.797653e-02
1.842500e+00 7.761842e-02
1.845000e+00 7.726147e-02
1.847500e+00 7.690568e-02
1.850000e+00 7.655105e-02
1.852500e+00 7.619758e-02
1.855000e+00 7.584527e-02
1.857500e+00 7.549412e-02
1.860000e+00 7.514412e-02
1.862500e+00 7.479528e-02
1.865000e+00 7.444759e-02
1.867500e+00 7.410105e-02
1.870000e+00 7.375567e-02
1.872500e+00 7.341144e-02
1.875000e+00 7.306835e-02
1.877500e+00 7.272642e-02
1.880000e+00 7.238563e-02
1.882500e+00 7.204600e-02
1.885000e+00 7.170750e-02
1.887500e+00 7.137015e-02
1.890000e+00 7.103395e-02
1.892500e+00 7.069888e-02
1.895000e+00 7.036496e-02
1.897500e+00 7.003217e-02
1.900000e+00 6.970053e-02
1.902500e+00 6.937002e-02
1.905000e+00 6.904064e-02
1.907500e+00 6.871240e-02
1.910000e+00 6.838530e-02
1.912500e+00 6.805932e-02
1.915000e+00 6.773448e-02
1.917500e+00 6.741077e-02
1.920000e+00 6.708818e-02
1.922500e+00 6.676672e-02
1.925000e+00 6.644638e-02
1.927500e+00 6.612717e-02
1.930000e+00 6.580908e-02
1.932500e+00 6.549211e-02
1.935000e+00 6.517626e-02
1.937500e+00 6.486153e-02
1.940000e+00 6.454792e-02
1.942500e+00 6.423542e-02
1.945000e+00 6.392403e-02
1.947500e+00 6.361376e-02
1.950000e+00 6.330459e-02
1.952500e+00 6.299654e-02
1.955000e+00 6.268959e-02
1.957500e+00 6.238374e-02
1.960000e+00 6.207901e-02
1.962500e+00 6.177537e-02
1.965000e+00 6.147283e-02
1.967500e+00 6.117140e-02
1.970000e+00 6.087106e-02
1.972500e+00 6.057182e-02
1.975000e+00 6.027367e-02
1.977500e+00 5.997662e-02
1.980000e+00 5.968065e-02
1.982500e+00 5.938578e-02
1.985000e+00 5.909199e-02
1.987500e+00 5.879929e-02
1.990000e+00 5.850767e-02
1.992500e+00 5.821714e-02
1.995000e+00 5.792768e-02
1.997500e+00 5.763931e-02
2.000000e+00 5.735201e-02
2.002500e+00 5.706579e-02
2.005000e+00 5.678064e-02
2.007500e+00 5.649656e-02
2.010000e+00 5.621355e-02
2.012500e+00 5.593161e-02
2.015000e+00 5.565074e-02
2.017500e+00 5.537093e-02
2.020000e+00 5.509218e-02
2.022500e+00 5.481450e-02
2.025000e+00 5.453787e-02
2.027500e+00 5.426230e-02
2.030000e+00 5.398779e-02
2.032500e+00 5.371433e-02
2.035000e+00 5.344192e-02
2.037500e+00 5.317055e-02
2.040000e+00 5.290024e-02
2.042500e+00 5.263097e-02
2.045000e+00 5.236274e-02
2.047500e+00 5.209556e-02
2.050000e+00 5.182942e-02
2.052500e+00 5.156431e-02
2.055000e+00 5.130024e-02
2.057500e+00 5.103720e-02
2.060000e+00 5.077519e-02
2.062500e+00 5.051421e-02
2.065000e+00 5.025426e-02
2.067500e+00 4.999534e-02
2.070000e+00 4.973743e-02
2.072500e+00 4.948055e-02
2.075000e+00 4.922469e-02
2.077500e+00 4.896985e-02
2.080000e+00 4.871602e-02
2.082500e+00 4.846320e-02
2.085000e+00 4.821139e-02
2.087500e+00 4.796060e-02
2.090000e+00 4.771080e-02
2.092500e+00 4.746202e-02
2.095000e+00 4.721423e-02
2.097500e+00 4.696745e-02
2.100000e+00 4.672166e-02
2.102500e+00 4.647687e-02
2.105000e+00 4.623307e-02
2.107500e+00 4.599026e-02
2.110000e+00 4.574845e-02
2.112500e+00 4.550762e-02
2.115000e+00 4.526777e-02
2.117500e+00 4.502891e-02
2.120000e+00 4.479103e-02
2.122500e+00 4.455412e-02
2.125000e+00 4.431820e-02
2.127500e+00 4.408324e-02
2.130000e+00 4.384926e-02
2.132500e+00 4.361625e-02
2.135000e+00 4.338420e-02
2.137500e+00 4.315312e-02
2.140000e+00 4.292300e-02
2.142500e+00 4.269384e-02
2.145000e+00 4.246564e-02
2.147500e+00 4.223840e-02
2.150000e+00 4.201211e-02
2.152500e+00 4.178677e-02
2.155000e+00 4.156238e-02
2.157500e+00 4.133893e-02
2.160000e+00 4.111643e-02
2.162500e+00 4.089487e-02
2.165000e+00 4.067426e-02
2.167500e+00 4.045457e-02
2.170000e+00 4.023583e-02
2.172500e+00 4.001802e-02
2.175000e+00 3.980113e-02
2.177500e+00 3.958518e-02
2.180000e+00 3.937015e-02
2.182500e+00 3.915604e-02
2.185000e+00 3.894286e-02
2.187500e+00 3.873059e-02
2.190000e+00 3.851924e-02
2.192500e+00 3.830880e-02
2.195000e+00 3.809928e-02
2.197500e+00 3.789066e-02
2.200000e+00 3.768295e-02
2.202500e+00 3.747615e-02
2.205000e+00 3.727025e-02
2.207500e+00 3.706525e-02
2.210000e+00 3.686114e-02
2.212500e+00 3.665793e-02
2.215000e+00 3.645561e-02
2.217500e+00 3.625418e-02
2.220000e+00 3.605364e-02
2.222500e+00 3.585399e-02
2.225000e+00 3.565521e-02
2.227500e+00 3.545732e-02
2.230000e+00 3.526031e-02
2.232500e+00 3.506417e-02
2.235000e+00 3.486890e-02
2.237500e+00 3.467451e-02
2.240000e+00 3.448098e-02
2.242500e+00 3.428832e-02
2.245000e+00 3.409652e-02
2.247500e+00 3.390558e-02
2.250000e+00 3.371551e-02
2.252500e+00 3.352628e-02
2.255000e+00 3.333792e-02
2.257500e+00 3.315040e-02
2.260000e+00 3.296373e-02
2.262500e+00 3.277791e-02
2.265000e+00 3.259293e-02
2.267500e+00 3.240879e-02
2.270000e+00 3.222549e-02
2.272500e+00 3.204303e-02
2.275000e+00 3.186140e-02
2.277500e+00 3.168061e-02
2.280000e+00 3.150064e-02
2.282500e+00 3.132150e-02
2.285000e+00 3.114318e-02
2.287500e+00 3.096569e-02
2.290000e+00 3.078901e-02
2.292500e+00 3.061315e-02
2.295000e+00 3.043811e-02
2.297500e+00 3.026387e-02
2.300000e+00 3.009045e-02
2.302500e+00 2.991783e-02
2.305000e+00 2.974602e-02
2.307500e+00 2.957501e-02
2.310000e+00 2.940480e-02
2.312500e+00 2.923538e-02
2.315000e+00 2.906676e-02
2.317500e+00 2.889893e-02
2.320000e+00 2.873190e-02
2.322500e+00 2.856564e-02
2.325000e+00 2.840018e-02
2.327500e+00 2.823549e-02
2.330000e+00 2.807159e-02
2.332500e+00 2.790846e-02
2.335000e+00 2.774610e-02
2.337500e+00 2.758452e-02
2.340000e+00 2.742371e-02
2.342500e+00 2.726366e-02
2.345000e+00 2.710438e-02
2.347500e+00 2.694586e-02
2.350000e+00 2.678810e-02
2.352500e+00 2.663110e-02
2.355000e+00 2.647485e-02
2.357500e+00 2.631936e-02
2.360000e+00 2.616461e-02
2.362500e+00 2.601062e-02
2.365000e+00 2.585736e-02
2.367500e+00 2.570485e-02
2.370000e+00 2.555308e-02
2.372500e+00 2.540205e-02
2.375000e+00 2.525175e-02
2.377500e+00 2.510218e-02
2.380000e+00 2.495334e-02
2.382500e+00 2.480524e-02
2.385000e+00 2.465785e-02
2.387500e+00 2.451119e-02
2.390000e+00 2.436525e-02
2.392500e+00 2.422002e-02
2.395000e+00 2.407552e-02
2.397500e+00 2.393172e-02
2.400000e+00 2.378863e-02
2.402500e+00 2.364625e-02
2.405000e+00 2.350458e-02
2.407500e+00 2.336361e-02
2.410000e+00 2.322334e-02
2.412500e+00 2.308377e-02
2.415000e+00 2.294489e-02
2.417500e+00 2.280671e-02
2.420000e+00 2.266922e-02
2.422500e+00 2.253241e-02
2.425000e+00 2.239629e-02
2.427500e+00 2.226085e-02
2.430000e+00 2.212610e-02
2.432500e+00 2.199202e-02
2.435000e+00 2.185862e-02
2.437500e+00 2.172589e-02
2.440000e+00 2.159384e-02
2.442500e+00 2.146245e-02
2.445000e+00 2.133172e-02
2.447500e+00 2.120167e-02
2.450000e+00 2.107227e-02
2.452500e+00 2.094353e-02
2.455000e+00 2.081545e-02
2.457500e+00 2.068802e-02
2.460000e+00 2.056124e-02
2.462500e+00 2.043511e-02
2.465000e+00 2.030963e-02
2.467500e+00 2.018480e-02
2.470000e+00 2.006060e-02
2.472500e+00 1.993705e-02
2.475000e+00 1.981413e-02
2.477500e+00 1.969185e-02
2.480000e+00 1.957020e-02
2.482500e+00 1.944918e-02
2.485000e+00 1.932878e-02
2.487500e+00 1.920902e-02
2.490000e+00 1.908987e-02
2.492500e+00 1.897135e-02
2.495000e+00 1.885344e-02
2.497500e+00 1.873615e-02
2.500000e+00 1.861947e-02
2.502500e+00 1.850340e-02
2.505000e+00 1.838795e-02
2.507500e+00 1.827309e-02
2.510000e+00 1.815885e-02
2.512500e+00 1.804520e-02
2.515000e+00 1.793215e-02
2.517500e+00 1.781970e-02
2.520000e+00 1.770785e-02
2.522500e+00 1.759658e-02
2.525000e+00 1.748591e-02
2.527500e+00 1.737582e-02
2.530000e+00 1.726632e-02
2.532500e+00 1.715740e-02
2.535000e+00 1.704907e-02
2.537500e+00 1.694131e-02
2.540000e+00 1.683412e-02
2.542500e+00 1.672751e-02
2.545000e+00 1.662147e-02
2.547500e+00 1.651600e-02
2.550000e+00 1.641110e-02
2.552500e+00 1.630676e-02
2.555000e+00 1.620298e-02
2.557500e+00 1.609977e-02
2.560000e+00 1.599711e-02
2.562500e+00 1.589500e-02
2.565000e+00 1.579345e-02
2.567500e+00 1.569245e-02
2.570000e+00 1.559200e-02
2.572500e+00 1.549209e-02
2.575000e+00 1.539273e-02
2.577500e+00 1.529391e-02
2.580000e+00 1.519563e-02
2.582500e+00 1.509789e-02
2.585000e+00 1.500068e-02
2.587500e+00 1.490400e-02
2.590000e+00 1.480786e-02
2.592500e+00 1.471224e-02
2.595000e+00 1.461715e-02
2.597500e+00 1.452258e-02
2.600000e+00 1.442854e-02
2.602500e+00 1.433501e-02
2.605000e+00 1.424200e-02
2.607500e+00 1.414951e-02
2.610000e+00 1.405753e-02
2.612500e+00 1.396605e-02
2.615000e+00 1.387509e-02
2.617500e+00 1.378464e-02
2.620000e+00 1.369469e-02
2.622500e+00 1.360524e-02
2.625000e+00 1.351629e-02
2.627500e+00 1.342783e-02
2.630000e+00 1.333988e-02
2.632500e+00 1.325241e-02
2.635000e+00 1.316544e-02
2.637500e+00 1.307896e-02
2.640000e+00 1.299296e-02
2.642500e+00 1.290745e-02
2.645000e+00 1.282242e-02
2.647500e+00 1.273787e-02
2.650000e+00 1.265380e-02
2.652500e+00 1.257021e-02
2.655000e+00 1.248709e-02
2.657500e+00 1.240444e-02
2.660000e+00 1.232227e-02
2.662500e+00 1.224056e-02
2.665000e+00 1.215931e-02
2.667500e+00 1.207853e-02
2.670000e+00 1.199821e-02
2.672500e+00 1.191836e-02
2.675000e+00 1.183895e-02
2.677500e+00 1.176001e-02
2.680000e+00 1.168152e-02
2.682500e+00 1.160348e-02
2.685000e+00 1.152588e-02
2.687500e+00 1.144874e-02
2.690000e+00 1.137204e-02
2.692500e+00 1.129579e-02
2.695000e+00 1.121997e-02
2.697500e+00 1.114460e-02
2.700000e+00 1.106966e-02
2.702500e+00 1.099516e-02
2.705000e+00 1.092109e-02
2.707500e+00 1.084745e-02
2.710000e+00 1.077424e-02
2.712500e+00 1.070146e-02
2.715000e+00 1.062910e-02
2.717500e+00 1.055716e-02
2.720000e+00 1.048565e-02
2.722500e+00 1.041456e-02
2.725000e+00 1.034388e-02
2.727500e+00 1.027362e-02
2.730000e+00 1.020378e-02
2.732500e+00 1.013434e-02
2.735000e+00 1.006532e-02
2.737500e+00 9.996697e-03
2.740000e+00 9.928485e-03
2.742500e+00 9.860676e-03
2.745000e+00 9.793270e-03
2.747500e+00 9.726263e-03
2.750000e+00 9.659654e-03
2.752500e+00 9.593442e-03
2.755000e+00 9.527624e-03
2.757500e+00 9.462198e-03
2.760000e+00 9.397163e-03
2.762500e+00 9.332517e-03
2.765000e+00 9.268257e-03
2.767500e+00 9.204383e-03
2.770000e+00 9.140891e-03
2.772500e+00 9.077781e-03
2.775000e+00 9.015050e-03
2.777500e+00 8.952696e-03
2.780000e+00 8.890718e-03
2.782500e+00 8.829115e-03
2.785000e+00 8.767883e-03
2.787500e+00 8.707021e-03
2.790000e+00 8.646528e-03
2.792500e+00 8.586402e-03
2.795000e+00 8.526640e-03
2.797500e+00 8.467241e-03
2.800000e+00 8.408204e-03
2.802500e+00 8.349526e-03
2.805000e+00 8.291205e-03
2.807500e+00 8.233241e-03
2.810000e+00 8.175631e-03
2.812500e+00 8.118373e-03
2.815000e+00 8.061466e-03
2.817500e+00 8.004907e-03
2.820000e+00 7.948696e-03
2.822500e+00 7.892830e-03
2.825000e+00 7.837308e-03
2.827500e+00 7.782127e-03
2.830000e+00 7.727287e-03
2.832500e+00 7.672786e-03
2.835000e+00 7.618621e-03
2.837500e+00 7.564791e-03
2.840000e+00 7.511295e-03
2.842500e+00 7.458130e-03
2.845000e+00 7.405296e-03
2.847500e+00 7.352789e-03
2.850000e+00 7.300610e-03
2.852500e+00 7.248755e-03
2.855000e+00 7.197224e-03
2.857500e+00 7.146014e-03
2.860000e+00 7.095125e-03
2.862500e+00 7.044553e-03
2.865000e+00 6.994299e-03
2.867500e+00 6.944359e-03
2.870000e+00 6.894734e-03
2.872500e+00 6.845419e-03
2.875000e+00 6.796416e-03
2.877500e+00 6.747720e-03
2.880000e+00 6.699332e-03
2.882500e+00 6.651250e-03
2.885000e+00 6.603471e-03
2.887500e+00 6.555994e-03
2.890000e+00 6.508818e-03
2.892500e+00 6.461941e-03
2.895000e+00 6.415362e-03
2.897500e+00 6.369078e-03
2.900000e+00 6.323089e-03
2.902500e+00 6.277393e-03
2.905000e+00 6.231988e-03
2.907500e+00 6.186873e-03
2.910000e+00 6.142046e-03
2.912500e+00 6.097505e-03
2.915000e+00 6.053250e-03
2.917500e+00 6.009279e-03
2.920000e+00 5.965589e-03
2.922500e+00 5.922181e-03
2.925000e+00 5.879051e-03
2.927500e+00 5.836199e-03
2.930000e+00 5.793623e-03
2.932500e+00 5.751322e-03
2.935000e+00 5.709294e-03
2.937500e+00 5.667538e-03
2.940000e+00 5.626052e-03
2.942500e+00 5.584834e-03
2.945000e+00 5.543884e-03
2.947500e+00 5.503200e-03
2.950000e+00 5.462780e-03
2.952500e+00 5.422624e-03
2.955000e+00 5.382728e-03
2.957500e+00 5.343093e-03
2.960000e+00 5.303717e-03
2.962500e+00 5.264598e-03
2.965000e+00 5.225735e-03
2.967500e+00 5.187126e-03
2.970000e+00 5.148770e-03
2.972500e+00 5.110666e-03
2.975000e+00 5.072812e-03
2.977500e+00 5.035208e-03
2.980000e+00 4.997850e-03
2.982500e+00 4.960739e-03
2.985000e+00 4.923873e-03
2.987500e+00 4.887250e-03
2.990000e+00 4.850869e-03
2.992500e+00 4.814729e-03
2.995000e+00 4.778828e-03
2.997500e+00 4.743165e-03
3.000000e+00 4.707740e-03
3.002500e+00 4.672549e-03
3.005000e+00 4.637592e-03
3.007500e+00 4.602869e-03
3.010000e+00 4.568376e-03
3.012500e+00 4.534114e-03
3.015000e+00 4.500081e-03
3.017500e+00 4.466275e-03
3.020000e+00 4.432696e-03
3.022500e+00 4.399341e-03
3.025000e+00 4.366210e-03
3.027500e+00 4.333302e-03
3.030000e+00 4.300614e-03
3.032500e+00 4.268147e-03
3.035000e+00 4.235898e-03
3.037500e+00 4.203867e-03
3.040000e+00 4.172051e-03
3.042500e+00 4.140451e-03
3.045000e+00 4.109064e-03
3.047500e+00 4.077890e-03
3.050000e+00 4.046927e-03
3.052500e+00 4.016174e-03
3.055000e+00 3.985630e-03
3.057500e+00 3.955293e-03
3.060000e+00 3.925163e-03
3.062500e+00 3.895238e-03
3.065000e+00 3.865517e-03
3.067500e+00 3.835998e-03
3.070000e+00 3.806682e-03
3.072500e+00 3.777565e-03
3.075000e+00 3.748648e-03
3.077500e+00 3.719930e-03
3.080000e+00 3.691408e-03
3.082500e+00 3.663082e-03
3.085000e+00 3.634950e-03
3.087500e+00 3.607012e-03
3.090000e+00 3.579266e-03
3.092500e+00 3.551712e-03
3.095000e+00 3.524348e-03
3.097500e+00 3.497172e-03
3.100000e+00 3.470185e-03
3.102500e+00 3.443384e-03
3.105000e+00 3.416769e-03
3.107500e+00 3.390338e-03
3.110000e+00 3.364091e-03
3.112500e+00 3.338026e-03
3.115000e+00 3.312143e-03
3.117500e+00 3.286439e-03
3.120000e+00 3.260915e-03
3.122500e+00 3.235569e-03
3.125000e+00 3.210399e-03
3.127500e+00 3.185406e-03
3.130000e+00 3.160587e-03
3.132500e+00 3.135942e-03
3.135000e+00 3.111470e-03
3.137500e+00 3.087170e-03
3.140000e+00 3.063040e-03
3.142500e+00 3.039080e-03
3.145000e+00 3.015288e-03
3.147500e+00 2.991664e-03
3.150000e+00 2.968206e-03
3.152500e+00 2.944914e-03
3.155000e+00 2.921787e-03
3.157500e+00 2.898823e-03
3.160000e+00 2.876021e-03
3.162500e+00 2.853381e-03
3.165000e+00 2.830902e-03
3.167500e+00 2.808582e-03
3.170000e+00 2.786421e-03
3.172500e+00 2.764417e-03
3.175000e+00 2.742570e-03
3.177500e+00 2.720878e-03
3.180000e+00 2.699342e-03
3.182500e+00 2.677958e-03
3.185000e+00 2.656728e-03
3.187500e+00 2.635650e-03
3.190000e+00 2.614722e-03
3.192500e+00 2.593945e-03
3.195000e+00 2.573316e-03
3.197500e+00 2.552836e-03
3.200000e+00 2.532502e-03
3.202500e+00 2.512315e-03
3.205000e+00 2.492274e-03
3.207500e+00 2.472376e-03
3.210000e+00 2.452623e-03
3.212500e+00 2.433011e-03
3.215000e+00 2.413542e-03
3.217500e+00 2.394213e-03
3.220000e+00 2.375025e-03
3.222500e+00 2.355975e-03
3.225000e+00 2.337064e-03
3.227500e+00 2.318290e-03
3.230000e+00 2.299652e-03
3.232500e+00 2.281150e-03
3.235000e+00 2.262783e-03
3.237500e+00 2.244549e-03
3.240000e+00 2.226449e-03
3.242500e+00 2.208481e-03
3.245000e+00 2.190644e-03
3.247500e+00 2.172937e-03
3.250000e+00 2.155360e-03
3.252500e+00 2.137912e-03
3.255000e+00 2.120592e-03
3.257500e+00 2.103399e-03
3.260000e+00 2.086333e-03
3.262500e+00 2.069392e-03
3.265000e+00 2.052576e-03
3.267500e+00 2.035883e-03
3.270000e+00 2.019314e-03
3.272500e+00 2.002867e-03
3.275000e+00 1.986542e-03
3.277500e+00 1.970337e-03
3.280000e+00 1.954253e-03
3.282500e+00 1.938287e-03
3.285000e+00 1.922440e-03
3.287500e+00 1.906711e-03
3.290000e+00 1.891098e-03
3.292500e+00 1.875602e-03
3.295000e+00 1.860221e-03
3.297500e+00 1.844955e-03
3.300000e+00 1.829802e-03
3.302500e+00 1.814763e-03
3.305000e+00 1.799836e-03
3.307500e+00 1.785020e-03
3.310000e+00 1.770316e-03
3.312500e+00 1.755721e-03
3.315000e+00 1.741236e-03
3.317500e+00 1.726860e-03
3.320000e+00 1.712592e-03
3.322500e+00 1.698431e-03
3.325000e+00 1.684376e-03
3.327500e+00 1.670428e-03
3.330000e+00 1.656584e-03
3.332500e+00 1.642845e-03
3.335000e+00 1.629210e-03
3.337500e+00 1.615678e-03
3.340000e+00 1.602248e-03
3.342500e+00 1.588920e-03
3.345000e+00 1.575693e-03
3.347500e+00 1.562567e-03
3.350000e+00 1.549540e-03
3.352500e+00 1.536612e-03
3.355000e+00 1.523782e-03
3.357500e+00 1.511050e-03
3.360000e+00 1.498415e-03
3.362500e+00 1.485876e-03
3.365000e+00 1.473433e-03
3.367500e+00 1.461086e-03
3.370000e+00 1.448832e-03
3.372500e+00 1.436673e-03
3.375000e+00 1.424606e-03
3.377500e+00 1.412632e-03
3.380000e+00 1.400750e-03
3.382500e+00 1.388959e-03
3.385000e+00 1.377259e-03
3.387500e+00 1.365649e-03
3.390000e+00 1.354128e-03
3.392500e+00 1.342696e-03
3.395000e+00 1.331353e-03
3.397500e+00 1.320096e-03
3.400000e+00 1.308927e-03
3.402500e+00 1.297844e-03
3.405000e+00 1.286847e-03
3.407500e+00 1.275936e-03
3.410000e+00 1.265108e-03
3.412500e+00 1.254365e-03
3.415000e+00 1.243706e-03
3.417500e+00 1.233129e-03
3.420000e+00 1.222634e-03
3.422500e+00 1.212222e-03
3.425000e+00 1.201890e-03
3.427500e+00 1.191639e-03
3.430000e+00 1.181468e-03
3.432500e+00 1.171377e-03
3.435000e+00 1.161364e-03
3.437500e+00 1.151430e-03
3.440000e+00 1.141574e-03
3.442500e+00 1.131795e-03
3.445000e+00 1.122093e-03
3.447500e+00 1.112467e-03
3.450000e+00 1.102916e-03
3.452500e+00 1.093441e-03
3.455000e+00 1.084041e-03
3.457500e+00 1.074714e-03
3.460000e+00 1.065461e-03
3.462500e+00 1.056282e-03
3.465000e+00 1.047174e-03
3.467500e+00 1.038139e-03
3.470000e+00 1.029175e-03
3.472500e+00 1.020283e-03
3.475000e+00 1.011461e-03
3.477500e+00 1.002708e-03
3.480000e+00 9.940258e-04
3.482500e+00 9.854122e-04
3.485000e+00 9.768671e-04
3.487500e+00 9.683901e-04
3.490000e+00 9.599807e-04
3.492500e+00 9.516383e-04
3.495000e+00 9.433625e-04
3.497500e+00 9.351529e-04
3.500000e+00 9.270089e-04
3.502500e+00 9.189301e-04
3.505000e+00 9.109160e-04
3.507500e+00 9.029661e-04
3.510000e+00 8.950800e-04
3.512500e+00 8.872573e-04
3.515000e+00 8.794974e-04
3.517500e+00 8.718000e-04
3.520000e+00 8.641645e-04
3.522500e+00 8.565905e-04
3.525000e+00 8.490777e-04
3.527500e+00 8.416254e-04
3.530000e+00 8.342333e-04
3.532500e+00 8.269010e-04
3.535000e+00 8.196281e-04
3.537500e+00 8.124140e-04
3.540000e+00 8.052583e-04
3.542500e+00 7.981608e-04
3.545000e+00 7.911208e-04
3.547500e+00 7.841380e-04
3.550000e+00 7.772120e-04
3.552500e+00 7.703423e-04
3.555000e+00 7.635286e-04
3.557500e+00 7.567705e-04
3.560000e+00 7.500675e-04
3.562500e+00 7.434192e-04
3.565000e+00 7.368252e-04
3.567500e+00 7.302851e-04
3.570000e+00 7.237986e-04
3.572500e+00 7.173652e-04
3.575000e+00 7.109845e-04
3.577500e+00 7.046562e-04
3.580000e+00 6.983798e-04
3.582500e+00 6.921551e-04
3.585000e+00 6.859815e-04
3.587500e+00 6.798587e-04
3.590000e+00 6.737864e-04
3.592500e+00 6.677641e-04
3.595000e+00 6.617916e-04
3.597500e+00 6.558683e-04
3.600000e+00 6.499940e-04
3.602500e+00 6.441683e-04
3.605000e+00 6.383908e-04
3.607500e+00 6.326612e-04
3.610000e+00 6.269791e-04
3.612500e+00 6.213441e-04
3.615000e+00 6.157559e-04
3.617500e+00 6.102142e-04
3.620000e+00 6.047186e-04
3.622500e+00 5.992687e-04
3.625000e+00 5.938642e-04
3.627500e+00 5.885048e-04
3.630000e+00 5.831901e-04
3.632500e+00 5.779198e-04
3.635000e+00 5.726935e-04
3.637500e+00 5.675109e-04
3.640000e+00 5.623718e-04
3.642500e+00 5.572757e-04
3.645000e+00 5.522223e-04
3.647500e+00 5.472113e-04
3.650000e+00 5.422424e-04
3.652500e+00 5.373153e-04
3.655000e+00 5.324296e-04
3.657500e+00 5.275850e-04
3.660000e+00 5.227813e-04
3.662500e+00 5.180180e-04
3.665000e+00 5.132950e-04
3.667500e+00 5.086118e-04
3.670000e+00 5.039682e-04
3.672500e+00 4.993639e-04
3.675000e+00 4.947985e-04
3.677500e+00 4.902718e-04
3.680000e+00 4.857835e-04
3.682500e+00 4.813333e-04
3.685000e+00 4.769209e-04
3.687500e+00 4.725460e-04
3.690000e+00 4.682082e-04
3.692500e+00 4.639074e-04
3.695000e+00 4.596432e-04
3.697500e+00 4.554154e-04
3.700000e+00 4.512237e-04
3.702500e+00 4.470677e-04
3.705000e+00 4.429472e-04
3.707500e+00 4.388620e-04
3.710000e+00 4.348117e-04
3.712500e+00 4.307962e-04
3.715000e+00 4.268150e-04
3.717500e+00 4.228680e-04
3.720000e+00 4.189548e-04
3.722500e+00 4.150753e-04
3.725000e+00 4.112292e-04
3.727500e+00 4.074161e-04
3.730000e+00 4.036359e-04
3.732500e+00 3.998882e-04
3.735000e+00 3.961729e-04
3.737500e+00 3.924896e-04
3.740000e+00 3.888381e-04
3.742500e+00 3.852182e-04
3.745000e+00 3.816297e-04
3.747500e+00 3.780721e-04
3.750000e+00 3.745454e-04
3.752500e+00 3.710493e-04
3.755000e+00 3.675836e-04
3.757500e+00 3.641479e-04
3.760000e+00 3.607420e-04
3.762500e+00 3.573658e-04
3.765000e+00 3.540190e-04
3.767500e+00 3.507014e-04
3.770000e+00 3.474126e-04
3.772500e+00 3.441526e-04
3.775000e+00 3.409210e-04
3.777500e+00 3.377176e-04
3.780000e+00 3.345422e-04
3.782500e+00 3.313947e-04
3.785000e+00 3.282747e-04
3.787500e+00 3.251820e-04
3.790000e+00 3.221165e-04
3.792500e+00 3.190778e-04
3.795000e+00 3.160659e-04
3.797500e+00 3.130804e-04
3.800000e+00 3.101212e-04
3.802500e+00 3.071880e-04
3.805000e+00 3.042807e-04
3.807500e+00 3.013990e-04
3.810000e+00 2.985428e-04
3.812500e+00 2.957117e-04
3.815000e+00 2.929057e-04
3.817500e+00 2.901245e-04
3.820000e+00 2.873679e-04
3.822500e+00 2.846357e-04
3.825000e+00 2.819277e-04
3.827500e+00 2.792437e-04
3.830000e+00 2.765836e-04
3.832500e+00 2.739471e-04
3.835000e+00 2.713340e-04
3.837500e+00 2.687442e-04
3.840000e+00 2.661774e-04
3.842500e+00 2.636335e-04
3.845000e+00 2.611123e-04
3.847500e+00 2.586136e-04
3.850000e+00 2.561372e-04
3.852500e+00 2.536829e-04
3.855000e+00 2.512505e-04
3.857500e+00 2.488400e-04
3.860000e+00 2.464510e-04
3.862500e+00 2.440834e-04
3.865000e+00 2.417371e-04
3.867500e+00 2.394118e-04
3.870000e+00 2.371074e-04
3.872500e+00 2.348237e-04
3.875000e+00 2.325606e-04
3.877500e+00 2.303178e-04
3.880000e+00 2.280952e-04
3.882500e+00 2.258927e-04
3.885000e+00 2.237100e-04
3.887500e+00 2.215471e-04
3.890000e+00 2.194036e-04
3.892500e+00 2.172796e-04
3.895000e+00 2.151748e-04
3.897500e+00 2.130890e-04
3.900000e+00 2.110222e-04
3.902500e+00 2.089740e-04
3.905000e+00 2.069445e-04
3.907500e+00 2.049334e-04
3.910000e+00 2.029406e-04
3.912500e+00 2.009659e-04
3.915000e+00 1.990091e-04
3.917500e+00 1.970702e-04
3.920000e+00 1.951490e-04
3.922500e+00 1.932452e-04
3.925000e+00 1.913589e-04
3.927500e+00 1.894898e-04
3.930000e+00 1.876377e-04
3.932500e+00 1.858026e-04
3.935000e+00 1.839843e-04
3.937500e+00 1.821827e-04
3.940000e+00 1.803976e-04
3.942500e+00 1.786288e-04
3.945000e+00 1.768763e-04
3.947500e+00 1.751399e-04
3.950000e+00 1.734194e-04
3.952500e+00 1.717148e-04
3.955000e+00 1.700259e-04
3.957500e+00 1.683525e-04
3.960000e+00 1.666946e-04
3.962500e+00 1.650519e-04
3.965000e+00 1.634244e-04
3.967500e+00 1.618120e-04
3.970000e+00 1.602144e-04
3.972500e+00 1.586317e-04
3.975000e+00 1.570636e-04
3.977500e+00 1.555100e-04
3.980000e+00 1.539708e-04
3.982500e+00 1.524459e-04
3.985000e+00 1.509352e-04
3.987500e+00 1.494385e-04
3.990000e+00 1.479557e-04
3.992500e+00 1.464868e-04
3.995000e+00 1.450315e-04
3.997500e+00 1.435897e-04
4.000000e+00 1.421614e-04
4.002500e+00 1.407464e-04
4.005000e+00 1.393447e-04
4.007500e+00 1.379560e-04
4.010000e+00 1.365804e-04
4.012500e+00 1.352176e-04
4.015000e+00 1.338675e-04
4.017500e+00 1.325301e-04
4.020000e+00 1.312053e-04
4.022500e+00 1.298929e-04
4.025000e+00 1.285928e-04
4.027500e+00 1.273049e-04
4.030000e+00 1.260291e-04
4.032500e+00 1.247654e-04
4.035000e+00 1.235135e-04
4.037500e+00 1.222735e-04
4.040000e+00 1.210451e-04
4.042500e+00 1.198283e-04
4.045000e+00 1.186230e-04
4.047500e+00 1.174291e-04
4.050000e+00 1.162465e-04
4.052500e+00 1.150751e-04
4.055000e+00 1.139148e-04
4.057500e+00 1.127655e-04
4.060000e+00 1.116270e-04
4.062500e+00 1.104994e-04
4.065000e+00 1.093825e-04
4.067500e+00 1.082762e-04
4.070000e+00 1.071804e-04
4.072500e+00 1.060950e-04
4.075000e+00 1.050200e-04
4.077500e+00 1.039552e-04
4.080000e+00 1.029006e-04
4.082500e+00 1.018560e-04
4.085000e+00 1.008214e-04
4.087500e+00 9.979669e-05
4.090000e+00 9.878178e-05
4.092500e+00 9.777657e-05
4.095000e+00 9.678100e-05
4.097500e+00 9.579495e-05
4.100000e+00 9.481837e-05
4.102500e+00 9.385115e-05
4.105000e+00 9.289322e-05
4.107500e+00 9.194449e-05
4.110000e+00 9.100488e-05
4.112500e+00 9.007431e-05
4.115000e+00 8.915270e-05
4.117500e+00 8.823997e-05
4.120000e+00 8.733603e-05
4.122500e+00 8.644082e-05
4.125000e+00 8.555425e-05
4.127500e+00 8.467624e-05
4.130000e+00 8.380672e-05
4.132500e+00 8.294560e-05
4.135000e+00 8.209283e-05
4.137500e+00 8.124831e-05
4.140000e+00 8.041198e-05
4.142500e+00 7.958376e-05
4.145000e+00 7.876357e-05
4.147500e+00 7.795136e-05
4.150000e+00 7.714703e-05
4.152500e+00 7.635053e-05
4.155000e+00 7.556178e-05
4.157500e+00 7.478071e-05
4.160000e+00 7.400726e-05
4.162500e+00 7.324134e-05
4.165000e+00 7.248290e-05
4.167500e+00 7.173186e-05
4.170000e+00 7.098816e-05
4.172500e+00 7.025174e-05
4.175000e+00 6.952251e-05
4.177500e+00 6.880043e-05
4.180000e+00 6.808542e-05
4.182500e+00 6.737742e-05
4.185000e+00 6.667637e-05
4.187500e+00 6.598220e-05
4.190000e+00 6.529485e-05
4.192500e+00 6.461425e-05
4.195000e+00 6.394035e-05
4.197500e+00 6.327308e-05
4.200000e+00 6.261239e-05
4.202500e+00 6.195820e-05
4.205000e+00 6.131047e-05
4.207500e+00 6.066913e-05
4.210000e+00 6.003412e-05
4.212500e+00 5.940539e-05
4.215000e+00 5.878288e-05
4.217500e+00 5.816653e-05
4.220000e+00 5.755627e-05
4.222500e+00 5.695207e-05
4.225000e+00 5.635385e-05
4.227500e+00 5.576158e-05
4.230000e+00 5.517518e-05
4.232500e+00 5.459460e-05
4.235000e+00 5.401980e-05
4.237500e+00 5.345072e-05
4.240000e+00 5.288730e-05
4.242500e+00 5.232949e-05
4.245000e+00 5.177724e-05
4.247500e+00 5.123050e-05
4.250000e+00 5.068921e-05
4.252500e+00 5.015334e-05
4.255000e+00 4.962281e-05
4.257500e+00 4.909759e-05
4.260000e+00 4.857763e-05
4.262500e+00 4.806287e-05
4.265000e+00 4.755327e-05
4.267500e+00 4.704878e-05
4.270000e+00 4.654935e-05
4.272500e+00 4.605494e-05
4.275000e+00 4.556549e-05
4.277500e+00 4.508096e-05
4.280000e+00 4.460131e-05
4.282500e+00 4.412648e-05
4.285000e+00 4.365643e-05
4.287500e+00 4.319112e-05
4.290000e+00 4.273051e-05
4.292500e+00 4.227454e-05
4.295000e+00 4.182318e-05
4.297500e+00 4.137637e-05
4.300000e+00 4.093409e-05
4.302500e+00 4.049628e-05
4.305000e+00 4.006290e-05
4.307500e+00 3.963391e-05
4.310000e+00 3.920927e-05
4.312500e+00 3.878893e-05
4.315000e+00 3.837287e-05
4.317500e+00 3.796103e-05
4.320000e+00 3.755337e-05
4.322500e+00 3.714986e-05
4.325000e+00 3.675046e-05
4.327500e+00 3.635512e-05
4.330000e+00 3.596381e-05
4.332500e+00 3.557649e-05
4.335000e+00 3.519312e-05
4.337500e+00 3.481367e-05
4.340000e+00 3.443809e-05
4.342500e+00 3.406635e-05
4.345000e+00 3.369841e-05
4.347500e+00 3.333424e-05
4.350000e+00 3.297379e-05
4.352500e+00 3.261705e-05
4.355000e+00 3.226395e-05
4.357500e+00 3.191449e-05
4.360000e+00 3.156861e-05
4.362500e+00 3.122628e-05
4.365000e+00 3.088747e-05
4.367500e+00 3.055215e-05
4.370000e+00 3.022028e-05
4.372500e+00 2.989182e-05
4.375000e+00 2.956676e-05
4.377500e+00 2.924504e-05
4.380000e+00 2.892665e-05
4.382500e+00 2.861154e-05
4.385000e+00 2.829968e-05
4.387500e+00 2.799106e-05
4.390000e+00 2.768562e-05
4.392500e+00 2.738335e-05
4.395000e+00 2.708420e-05
4.397500e+00 2.678816e-05
4.400000e+00 2.649519e-05
4.402500e+00 2.620526e-05
4.405000e+00 2.591834e-05
4.407500e+00 2.563440e-05
4.410000e+00 2.535341e-05
4.412500e+00 2.507534e-05
4.415000e+00 2.480017e-05
4.417500e+00 2.452787e-05
4.420000e+00 2.425840e-05
4.422500e+00 2.399175e-05
4.425000e+00 2.372788e-05
4.427500e+00 2.346676e-05
4.430000e+00 2.320837e-05
4.432500e+00 2.295269e-05
4.435000e+00 2.269968e-05
4.437500e+00 2.244931e-05
4.440000e+00 2.220157e-05
4.442500e+00 2.195643e-05
4.445000e+00 2.171386e-05
4.447500e+00 2.147383e-05
4.450000e+00 2.123632e-05
4.452500e+00 2.100131e-05
4.455000e+00 2.076877e-05
4.457500e+00 2.053868e-05
4.460000e+00 2.031101e-05
4.462500e+00 2.008574e-05
4.465000e+00 1.986284e-05
4.467500e+00 1.964229e-05
4.470000e+00 1.942407e-05
4.472500e+00 1.920816e-05
4.475000e+00 1.899452e-05
4.477500e+00 1.878315e-05
4.480000e+00 1.857401e-05
4.482500e+00 1.836708e-05
4.485000e+00 1.816235e-05
4.487500e+00 1.795978e-05
4.490000e+00 1.775937e-05
4.492500e+00 1.756108e-05
4.495000e+00 1.736490e-05
4.497500e+00 1.717080e-05
4.500000e+00 1.697876e-05
4.502500e+00 1.678877e-05
4.505000e+00 1.660080e-05
4.507500e+00 1.641483e-05
4.510000e+00 1.623084e-05
4.512500e+00 1.604882e-05
4.515000e+00 1.586873e-05
4.517500e+00 1.569057e-05
4.520000e+00 1.551431e-05
4.522500e+00 1.533994e-05
4.525000e+00 1.516743e-05
4.527500e+00 1.499677e-05
4.530000e+00 1.482794e-05
4.532500e+00 1.466091e-05
4.535000e+00 1.449568e-05
4.537500e+00 1.433222e-05
4.540000e+00 1.417051e-05
4.542500e+00 1.401054e-05
4.545000e+00 1.385229e-05
4.547500e+00 1.369574e-05
4.550000e+00 1.354088e-05
4.552500e+00 1.338768e-05
4.555000e+00 1.323614e-05
4.557500e+00 1.308622e-05
4.560000e+00 1.293793e-05
4.562500e+00 1.279123e-05
4.565000e+00 1.264612e-05
4.567500e+00 1.250258e-05
4.570000e+00 1.236059e-05
4.572500e+00 1.222014e-05
4.575000e+00 1.208120e-05
4.577500e+00 1.194377e-05
4.580000e+00 1.180783e-05
4.582500e+00 1.167337e-05
4.585000e+00 1.154036e-05
4.587500e+00 1.140880e-05
4.590000e+00 1.127867e-05
4.592500e+00 1.114995e-05
4.595000e+00 1.102263e-05
4.597500e+00 1.089670e-05
4.600000e+00 1.077214e-05
4.602500e+00 1.064894e-05
4.605000e+00 1.052708e-05
4.607500e+00 1.040655e-05
4.610000e+00 1.028733e-05
4.612500e+00 1.016942e-05
4.615000e+00 1.005279e-05
4.617500e+00 9.937446e-06
4.620000e+00 9.823359e-06
4.622500e+00 9.710522e-06
4.625000e+00 9.598920e-06
4.627500e+00 9.488543e-06
4.630000e+00 9.379375e-06
4.632500e+00 9.271406e-06
4.635000e+00 9.164622e-06
4.637500e+00 9.059012e-06
4.640000e+00 8.954562e-06
4.642500e+00 8.851262e-06
4.645000e+00 8.749098e-06
4.647500e+00 8.648060e-06
4.650000e+00 8.548135e-06
4.652500e+00 8.449312e-06
4.655000e+00 8.351579e-06
4.657500e+00 8.254925e-06
4.660000e+00 8.159339e-06
4.662500e+00 8.064809e-06
4.665000e+00 7.971324e-06
4.667500e+00 7.878874e-06
4.670000e+00 7.787448e-06
4.672500e+00 7.697034e-06
4.675000e+00 7.607622e-06
4.677500e+00 7.519202e-06
4.680000e+00 7.431763e-06
4.682500e+00 7.345295e-06
4.685000e+00 7.259788e-06
4.687500e+00 7.175231e-06
4.690000e+00 7.091615e-06
4.692500e+00 7.008930e-06
4.695000e+00 6.927165e-06
4.697500e+00 6.846311e-06
4.700000e+00 6.766359e-06
4.702500e+00 6.687299e-06
4.705000e+00 6.609121e-06
4.707500e+00 6.531816e-06
4.710000e+00 6.455375e-06
4.712500e+00 6.379789e-06
4.715000e+00 6.305048e-06
4.717500e+00 6.231144e-06
4.720000e+00 6.158068e-06
4.722500e+00 6.085811e-06
4.725000e+00 6.014364e-06
4.727500e+00 5.943719e-06
4.730000e+00 5.873867e-06
4.732500e+00 5.804799e-06
4.735000e+00 5.736508e-06
4.737500e+00 5.668985e-06
4.740000e+00 5.602221e-06
4.742500e+00 5.536209e-06
4.745000e+00 5.470941e-06
4.747500e+00 5.406409e-06
4.750000e+00 5.342604e-06
4.752500e+00 5.279519e-06
4.755000e+00 5.217147e-06
4.757500e+00 5.155479e-06
4.760000e+00 5.094508e-06
4.762500e+00 5.034227e-06
4.765000e+00 4.974628e-06
4.767500e+00 4.915704e-06
4.770000e+00 4.857448e-06
4.772500e+00 4.799852e-06
4.775000e+00 4.742909e-06
4.777500e+00 4.686612e-06
4.780000e+00 4.630955e-06
4.782500e+00 4.575930e-06
4.785000e+00 4.521531e-06
4.787500e+00 4.467750e-06
4.790000e+00 4.414582e-06
4.792500e+00 4.362019e-06
4.795000e+00 4.310055e-06
4.797500e+00 4.258683e-06
4.800000e+00 4.207898e-06
4.802500e+00 4.157692e-06
4.805000e+00 4.108059e-06
4.807500e+00 4.058993e-06
4.810000e+00 4.010489e-06
4.812500e+00 3.962539e-06
4.815000e+00 3.915138e-06
4.817500e+00 3.868280e-06
4.820000e+00 3.821959e-06
4.822500e+00 3.776169e-06
4.825000e+00 3.730904e-06
4.827500e+00 3.686159e-06
4.830000e+00 3.641928e-06
4.832500e+00 3.598205e-06
4.835000e+00 3.554984e-06
4.837500e+00 3.512261e-06
4.840000e+00 3.470030e-06
4.842500e+00 3.428285e-06
4.845000e+00 3.387021e-06
4.847500e+00 3.346232e-06
4.850000e+00 3.305915e-06
4.852500e+00 3.266062e-06
4.855000e+00 3.226670e-06
4.857500e+00 3.187733e-06
4.860000e+00 3.149246e-06
4.862500e+00 3.111205e-06
4.865000e+00 3.073603e-06
4.867500e+00 3.036438e-06
4.870000e+00 2.999703e-06
4.872500e+00 2.963393e-06
4.875000e+00 2.927505e-06
4.877500e+00 2.892034e-06
4.880000e+00 2.856974e-06
4.882500e+00 2.822322e-06
4.885000e+00 2.788073e-06
4.887500e+00 2.754222e-06
4.890000e+00 2.720765e-06
4.892500e+00 2.687698e-06
4.895000e+00 2.655016e-06
4.897500e+00 2.622715e-06
4.900000e+00 2.590791e-06
4.902500e+00 2.559239e-06
4.905000e+00 2.528056e-06
4.907500e+00 2.497237e-06
4.910000e+00 2.466779e-06
4.912500e+00 2.436676e-06
4.915000e+00 2.406927e-06
4.917500e+00 2.377525e-06
4.920000e+00 2.348468e-06
4.922500e+00 2.319751e-06
4.925000e+00 2.291372e-06
4.927500e+00 2.263325e-06
4.930000e+00 2.235608e-06
4.932500e+00 2.208216e-06
4.935000e+00 2.181146e-06
4.937500e+00 2.154395e-06
4.940000e+00 2.127959e-06
4.942500e+00 2.101833e-06
4.945000e+00 2.076016e-06
4.947500e+00 2.050503e-06
4.950000e+00 2.025290e-06
4.952500e+00 2.000376e-06
4.955000e+00 1.975755e-06
4.957500e+00 1.951425e-06
4.960000e+00 1.927383e-06
4.962500e+00 1.903625e-06
4.965000e+00 1.880148e-06
4.967500e+00 1.856949e-06
4.970000e+00 1.834025e-06
4.972500e+00 1.811373e-06
4.975000e+00 1.788989e-06
4.977500e+00 1.766871e-06
4.980000e+00 1.745015e-06
4.982500e+00 1.723419e-06
4.985000e+00 1.702079e-06
4.987500e+00 1.680994e-06
4.990000e+00 1.660159e-06
4.992500e+00 1.639572e-06
4.995000e+00 1.619230e-06
4.997500e+00 1.599130e-06
5.000000e+00 1.579271e-06
5.002500e+00 1.559648e-06
5.005000e+00 1.540259e-06
5.007500e+00 1.521102e-06
5.010000e+00 1.502174e-06
5.012500e+00 1.483472e-06
5.015000e+00 1.464993e-06
5.017500e+00 1.446736e-06
5.020000e+00 1.428697e-06
5.022500e+00 1.410875e-06
5.025000e+00 1.393266e-06
5.027500e+00 1.375868e-06
5.030000e+00 1.358679e-06
5.032500e+00 1.341697e-06
5.035000e+00 1.324918e-06
5.037500e+00 1.308341e-06
5.040000e+00 1.291963e-06
5.042500e+00 1.275783e-06
5.045000e+00 1.259797e-06
5.047500e+00 1.244004e-06
5.050000e+00 1.228401e-06
5.052500e+00 1.212986e-06
5.055000e+00 1.197757e-06
5.057500e+00 1.182712e-06
5.060000e+00 1.167848e-06
5.062500e+00 1.153165e-06
5.065000e+00 1.138658e-06
5.067500e+00 1.124327e-06
5.070000e+00 1.110170e-06
5.072500e+00 1.096184e-06
5.075000e+00 1.082367e-06
5.077500e+00 1.068718e-06
5.080000e+00 1.055235e-06
5.082500e+00 1.041915e-06
5.085000e+00 1.028756e-06
5.087500e+00 1.015758e-06
5.090000e+00 1.002917e-06
5.092500e+00 9.902330e-07
5.095000e+00 9.777030e-07
5.097500e+00 9.653254e-07
5.100000e+00 9.530987e-07
5.102500e+00 9.410209e-07
5.105000e+00 9.290903e-07
5.107500e+00 9.173053e-07
5.110000e+00 9.056640e-07
5.112500e+00 8.941650e-07
5.115000e+00 8.828064e-07
5.117500e+00 8.715867e-07
5.120000e+00 8.605041e-07
5.122500e+00 8.495572e-07
5.125000e+00 8.387443e-07
5.127500e+00 8.280639e-07
5.130000e+00 8.175143e-07
5.132500e+00 8.070941e-07
5.135000e+00 7.968018e-07
5.137500e+00 7.866357e-07
5.140000e+00 7.765946e-07
5.142500e+00 7.666768e-07
5.145000e+00 7.568809e-07
5.147500e+00 7.472055e-07
5.150000e+00 7.376492e-07
5.152500e+00 7.282106e-07
5.155000e+00 7.188883e-07
5.157500e+00 7.096808e-07
5.160000e+00 7.005869e-07
5.162500e+00 6.916052e-07
5.165000e+00 6.827344e-07
5.167500e+00 6.739732e-07
5.170000e+00 6.653202e-07
5.172500e+00 6.567742e-07
5.175000e+00 6.483340e-07
5.177500e+00 6.399982e-07
5.180000e+00 6.317656e-07
5.182500e+00 6.236350e-07
5.185000e+00 6.156052e-07
5.187500e+00 6.076751e-07
5.190000e+00 5.998433e-07
5.192500e+00 5.921087e-07
5.195000e+00 5.844703e-07
5.197500e+00 5.769267e-07
5.200000e+00 5.694770e-07
5.202500e+00 5.621200e-07
5.205000e+00 5.548545e-07
5.207500e+00 5.476795e-07
5.210000e+00 5.405939e-07
5.212500e+00 5.335967e-07
5.215000e+00 5.266867e-07
5.217500e+00 5.198630e-07
5.220000e+00 5.131245e-07
5.222500e+00 5.064701e-07
5.225000e+00 4.998989e-07
5.227500e+00 4.934099e-07
5.230000e+00 4.870021e-07
5.232500e+00 4.806745e-07
5.235000e+00 4.744261e-07
5.237500e+00 4.682561e-07
5.240000e+00 4.621634e-07
5.242500e+00 4.561471e-07
5.245000e+00 4.502063e-07
5.247500e+00 4.443401e-07
5.250000e+00 4.385476e-07
5.252500e+00 4.328279e-07
5.255000e+00 4.271802e-07
5.257500e+00 4.216035e-07
5.260000e+00 4.160970e-07
5.262500e+00 4.106599e-07
5.265000e+00 4.052912e-07
5.267500e+00 3.999903e-07
5.270000e+00 3.947562e-07
5.272500e+00 3.895882e-07
5.275000e+00 3.844854e-07
5.277500e+00 3.794471e-07
5.280000e+00 3.744725e-07
5.282500e+00 3.695608e-07
5.285000e+00 3.647112e-07
5.287500e+00 3.599231e-07
5.290000e+00 3.551955e-07
5.292500e+00 3.505279e-07
5.295000e+00 3.459194e-07
5.297500e+00 3.413694e-07
5.300000e+00 3.368772e-07
5.302500e+00 3.324420e-07
5.305000e+00 3.280631e-07
5.307500e+00 3.237399e-07
5.310000e+00 3.194716e-07
5.312500e+00 3.152577e-07
5.315000e+00 3.110974e-07
5.317500e+00 3.069900e-07
5.320000e+00 3.029350e-07
5.322500e+00 2.989318e-07
5.325000e+00 2.949795e-07
5.327500e+00 2.910777e-07
5.330000e+00 2.872257e-07
5.332500e+00 2.834229e-07
5.335000e+00 2.796688e-07
5.337500e+00 2.759626e-07
5.340000e+00 2.723038e-07
5.342500e+00 2.686919e-07
5.345000e+00 2.651262e-07
5.347500e+00 2.616062e-07
5.350000e+00 2.581313e-07
5.352500e+00 2.547010e-07
5.355000e+00 2.513147e-07
5.357500e+00 2.479719e-07
5.360000e+00 2.446720e-07
5.362500e+00 2.414145e-07
5.365000e+00 2.381989e-07
5.367500e+00 2.350246e-07
5.370000e+00 2.318912e-07
5.372500e+00 2.287982e-07
5.375000e+00 2.257450e-07
5.377500e+00 2.227311e-07
5.380000e+00 2.197561e-07
5.382500e+00 2.168195e-07
5.385000e+00 2.139208e-07
5.387500e+00 2.110595e-07
5.390000e+00 2.082352e-07
5.392500e+00 2.054475e-07
5.395000e+00 2.026957e-07
5.397500e+00 1.999796e-07
5.400000e+00 1.972986e-07
5.402500e+00 1.946524e-07
5.405000e+00 1.920404e-07
5.407500e+00 1.894623e-07
5.410000e+00 1.869177e-07
5.412500e+00 1.844061e-07
5.415000e+00 1.819271e-07
5.417500e+00 1.794803e-07
5.420000e+00 1.770653e-07
5.422500e+00 1.746817e-07
5.425000e+00 1.723291e-07
5.427500e+00 1.700071e-07
5.430000e+00 1.677154e-07
5.432500e+00 1.654535e-07
5.435000e+00 1.632211e-07
5.437500e+00 1.610179e-07
5.440000e+00 1.588433e-07
5.442500e+00 1.566972e-07
5.445000e+00 1.545791e-07
5.447500e+00 1.524887e-07
5.450000e+00 1.504256e-07
5.452500e+00 1.483895e-07
5.455000e+00 1.463800e-07
5.457500e+00 1.443968e-07
5.460000e+00 1.424397e-07
5.462500e+00 1.405081e-07
5.465000e+00 1.386019e-07
5.467500e+00 1.367207e-07
5.470000e+00 1.348642e-07
5.472500e+00 1.330321e-07
5.475000e+00 1.312240e-07
5.477500e+00 1.294397e-07
5.480000e+00 1.276789e-07
5.482500e+00 1.259412e-07
5.485000e+00 1.242264e-07
5.487500e+00 1.225342e-07
5.490000e+00 1.208643e-07
5.492500e+00 1.192164e-07
5.495000e+00 1.175902e-07
5.497500e+00 1.159855e-07
5.500000e+00 1.144020e-07
5.502500e+00 1.128394e-07
5.505000e+00 1.112974e-07
5.507500e+00 1.097758e-07
5.510000e+00 1.082744e-07
5.512500e+00 1.067928e-07
5.515000e+00 1.053308e-07
5.517500e+00 1.038882e-07
5.520000e+00 1.024647e-07
5.522500e+00 1.010601e-07
5.525000e+00 9.967411e-08
5.527500e+00 9.830651e-08
5.530000e+00 9.695708e-08
5.532500e+00 9.562557e-08
5.535000e+00 9.431176e-08
5.537500e+00 9.301542e-08
5.540000e+00 9.173632e-08
5.542500e+00 9.047425e-08
5.545000e+00 8.922898e-08
5.547500e+00 8.800031e-08
5.550000e+00 8.678801e-08
5.552500e+00 8.559187e-08
5.555000e+00 8.441169e-08
5.557500e+00 8.324727e-08
5.560000e+00 8.209839e-08
5.562500e+00 8.096487e-08
5.565000e+00 7.984649e-08
5.567500e+00 7.874307e-08
5.570000e+00 7.765442e-08
5.572500e+00 7.658033e-08
5.575000e+00 7.552063e-08
5.577500e+00 7.447513e-08
5.580000e+00 7.344365e-08
5.582500e+00 7.242600e-08
5.585000e+00 7.142200e-08
5.587500e+00 7.043148e-08
5.590000e+00 6.945426e-08
5.592500e+00 6.849017e-08
5.595000e+00 6.753905e-08
5.597500e+00 6.660071e-08
5.600000e+00 6.567501e-08
5.602500e+00 6.476176e-08
5.605000e+00 6.386081e-08
5.607500e+00 6.297201e-08
5.610000e+00 6.209518e-08
5.612500e+00 6.123019e-08
5.615000e+00 6.037686e-08
5.617500e+00 5.953505e-08
5.620000e+00 5.870462e-08
5.622500e+00 5.788541e-08
5.625000e+00 5.707727e-08
5.627500e+00 5.628006e-08
5.630000e+00 5.549364e-08
5.632500e+00 5.471787e-08
5.635000e+00 5.395260e-08
5.637500e+00 5.319771e-08
5.640000e+00 5.245305e-08
5.642500e+00 5.171849e-08
5.645000e+00 5.099390e-08
5.647500e+00 5.027914e-08
5.650000e+00 4.957410e-08
5.652500e+00 4.887863e-08
5.655000e+00 4.819262e-08
5.657500e+00 4.751594e-08
5.660000e+00 4.684847e-08
5.662500e+00 4.619009e-08
5.665000e+00 4.554068e-08
5.667500e+00 4.490011e-08
5.670000e+00 4.426828e-08
5.672500e+00 4.364507e-08
5.675000e+00 4.303036e-08
5.677500e+00 4.242404e-08
5.680000e+00 4.182601e-08
5.682500e+00 4.123615e-08
5.685000e+00 4.065435e-08
5.687500e+00 4.008051e-08
5.690000e+00 3.951453e-08
5.692500e+00 3.895629e-08
5.695000e+00 3.840570e-08
5.697500e+00 3.786266e-08
5.700000e+00 3.732706e-08
5.702500e+00 3.679880e-08
5.705000e+00 3.627780e-08
5.707500e+00 3.576395e-08
5.710000e+00 3.525715e-08
5.712500e+00 3.475732e-08
5.715000e+00 3.426437e-08
5.717500e+00 3.377819e-08
5.720000e+00 3.329870e-08
5.722500e+00 3.282582e-08
5.725000e+00 3.235944e-08
5.727500e+00 3.189950e-08
5.730000e+00 3.144589e-08
5.732500e+00 3.099855e-08
5.735000e+00 3.055737e-08
5.737500e+00 3.012229e-08
5.740000e+00 2.969321e-08
5.742500e+00 2.927006e-08
5.745000e+00 2.885277e-08
5.747500e+00 2.844124e-08
5.750000e+00 2.803541e-08
5.752500e+00 2.763520e-08
5.755000e+00 2.724053e-08
5.757500e+00 2.685133e-08
5.760000e+00 2.646752e-08
5.762500e+00 2.608904e-08
5.765000e+00 2.571581e-08
5.767500e+00 2.534776e-08
5.770000e+00 2.498482e-08
5.772500e+00 2.462692e-08
5.775000e+00 2.427400e-08
5.777500e+00 2.392599e-08
5.780000e+00 2.358282e-08
5.782500e+00 2.324442e-08
5.785000e+00 2.291074e-08
5.787500e+00 2.258171e-08
5.790000e+00 2.225726e-08
5.792500e+00 2.193734e-08
5.795000e+00 2.162188e-08
5.797500e+00 2.131083e-08
5.800000e+00 2.100412e-08
5.802500e+00 2.070169e-08
5.805000e+00 2.040349e-08
5.807500e+00 2.010946e-08
5.810000e+00 1.981954e-08
5.812500e+00 1.953368e-08
5.815000e+00 1.925183e-08
5.817500e+00 1.897392e-08
5.820000e+00 1.869990e-08
5.822500e+00 1.842973e-08
5.825000e+00 1.816335e-08
5.827500e+00 1.790071e-08
5.830000e+00 1.764175e-08
5.832500e+00 1.738643e-08
5.835000e+00 1.713470e-08
5.837500e+00 1.688651e-08
5.840000e+00 1.664181e-08
5.842500e+00 1.640056e-08
5.845000e+00 1.616270e-08
5.847500e+00 1.592819e-08
5.850000e+00 1.569698e-08
5.852500e+00 1.546904e-08
5.855000e+00 1.524430e-08
5.857500e+00 1.502274e-08
5.860000e+00 1.480431e-08
5.862500e+00 1.458896e-08
5.865000e+00 1.437666e-08
5.867500e+00 1.416735e-08
5.870000e+00 1.396101e-08
5.872500e+00 1.375758e-08
5.875000e+00 1.355704e-08
5.877500e+00 1.335933e-08
5.880000e+00 1.316443e-08
5.882500e+00 1.297229e-08
5.885000e+00 1.278287e-08
5.887500e+00 1.259614e-08
5.890000e+00 1.241206e-08
5.892500e+00 1.223059e-08
5.895000e+00 1.205170e-08
5.897500e+00 1.187536e-08
5.900000e+00 1.170152e-08
5.902500e+00 1.153015e-08
5.905000e+00 1.136122e-08
5.907500e+00 1.119470e-08
5.910000e+00 1.103055e-08
5.912500e+00 1.086873e-08
5.915000e+00 1.070923e-08
5.917500e+00 1.055200e-08
5.920000e+00 1.039701e-08
5.922500e+00 1.024424e-08
5.925000e+00 1.009364e-08
5.927500e+00 9.945203e-09
5.930000e+00 9.798883e-09
5.932500e+00 9.654656e-09
5.935000e+00 9.512492e-09
5.937500e+00 9.372363e-09
5.940000e+00 9.234241e-09
5.942500e+00 9.098097e-09
5.945000e+00 8.963905e-09
5.947500e+00 8.831636e-09
5.950000e+00 8.701265e-09
5.952500e+00 8.572765e-09
5.955000e+00 8.446110e-09
5.957500e+00 8.321273e-09
5.960000e+00 8.198231e-09
5.962500e+00 8.076958e-09
5.965000e+00 7.957429e-09
5.967500e+00 7.839619e-09
5.970000e+00 7.723506e-09
5.972500e+00 7.609065e-09
5.975000e+00 7.496273e-09
5.977500e+00 7.385106e-09
5.980000e+00 7.275543e-09
5.982500e+00 7.167560e-09
5.985000e+00 7.061136e-09
5.987500e+00 6.956248e-09
5.990000e+00 6.852876e-09
5.992500e+00 6.750998e-09
5.995000e+00 6.650592e-09
5.997500e+00 6.551639e-09
6.000000e+00 6.454118e-09
6.002500e+00 6.358009e-09
6.005000e+00 6.263292e-09
6.007500e+00 6.169947e-09
6.010000e+00 6.077956e-09
6.012500e+00 5.987298e-09
6.015000e+00 5.897956e-09
6.017500e+00 5.809911e-09
6.020000e+00 5.723145e-09
6.022500e+00 5.637639e-09
6.025000e+00 5.553375e-09
6.027500e+00 5.470337e-09
6.030000e+00 5.388507e-09
6.032500e+00 5.307868e-09
6.035000e+00 5.228403e-09
6.037500e+00 5.150096e-09
6.040000e+00 5.072929e-09
6.042500e+00 4.996888e-09
6.045000e+00 4.921956e-09
6.047500e+00 4.848117e-09
6.050000e+00 4.775356e-09
6.052500e+00 4.703657e-09
6.055000e+00 4.633006e-09
6.057500e+00 4.563388e-09
6.060000e+00 4.494788e-09
6.062500e+00 4.427191e-09
6.065000e+00 4.360584e-09
6.067500e+00 4.294952e-09
6.070000e+00 4.230281e-09
6.072500e+00 4.166558e-09
6.075000e+00 4.103769e-09
6.077500e+00 4.041902e-09
6.080000e+00 3.980942e-09
6.082500e+00 3.920877e-09
6.085000e+00 3.861694e-09
6.087500e+00 3.803381e-09
6.090000e+00 3.745924e-09
6.092500e+00 3.689313e-09
6.095000e+00 3.633535e-09
6.097500e+00 3.578577e-09
6.100000e+00 3.524429e-09
6.102500e+00 3.471078e-09
6.105000e+00 3.418514e-09
6.107500e+00 3.366724e-09
6.110000e+00 3.315699e-09
6.112500e+00 3.265426e-09
6.115000e+00 3.215896e-09
6.117500e+00 3.167097e-09
6.120000e+00 3.119019e-09
6.122500e+00 3.071651e-09
6.125000e+00 3.024984e-09
6.127500e+00 2.979008e-09
6.130000e+00 2.933712e-09
6.132500e+00 2.889086e-09
6.135000e+00 2.845122e-09
6.137500e+00 2.801809e-09
6.140000e+00 2.759138e-09
6.142500e+00 2.717100e-09
6.145000e+00 2.675686e-09
6.147500e+00 2.634887e-09
6.150000e+00 2.594694e-09
6.152500e+00 2.555097e-09
6.155000e+00 2.516090e-09
6.157500e+00 2.477662e-09
6.160000e+00 2.439806e-09
6.162500e+00 2.402513e-09
6.165000e+00 2.365776e-09
6.167500e+00 2.329585e-09
6.170000e+00 2.293934e-09
6.172500e+00 2.258815e-09
6.175000e+00 2.224219e-09
6.177500e+00 2.190140e-09
6.180000e+00 2.156569e-09
6.182500e+00 2.123499e-09
6.185000e+00 2.090924e-09
6.187500e+00 2.058835e-09
6.190000e+00 2.027226e-09
6.192500e+00 1.996090e-09
6.195000e+00 1.965420e-09
6.197500e+00 1.935209e-09
6.200000e+00 1.905450e-09
6.202500e+00 1.876138e-09
6.205000e+00 1.847265e-09
6.207500e+00 1.818824e-09
6.210000e+00 1.790811e-09
6.212500e+00 1.763218e-09
6.215000e+00 1.736039e-09
6.217500e+00 1.709268e-09
6.220000e+00 1.682900e-09
6.222500e+00 1.656928e-09
6.225000e+00 1.631347e-09
6.227500e+00 1.606150e-09
6.230000e+00 1.581333e-09
6.232500e+00 1.556890e-09
6.235000e+00 1.532815e-09
6.237500e+00 1.509103e-09
6.240000e+00 1.485748e-09
6.242500e+00 1.462746e-09
6.245000e+00 1.440090e-09
6.247500e+00 1.417777e-09
6.250000e+00 1.395801e-09
6.252500e+00 1.374157e-09
6.255000e+00 1.352840e-09
6.257500e+00 1.331845e-09
6.260000e+00 1.311168e-09
6.262500e+00 1.290804e-09
6.265000e+00 1.270748e-09
6.267500e+00 1.250996e-09
6.270000e+00 1.231544e-09
6.272500e+00 1.212386e-09
6.275000e+00 1.193519e-09
6.277500e+00 1.174938e-09
6.280000e+00 1.156639e-09
6.282500e+00 1.138618e-09
6.285000e+00 1.120871e-09
6.287500e+00 1.103393e-09
6.290000e+00 1.086182e-09
6.292500e+00 1.069232e-09
6.295000e+00 1.052540e-09
6.297500e+00 1.036102e-09
6.300000e+00 1.019914e-09
6.302500e+00 1.003973e-09
6.305000e+00 9.882752e-10
6.307500e+00 9.728166e-10
6.310000e+00 9.575938e-10
6.312500e+00 9.426034e-10
6.315000e+00 9.278418e-10
6.317500e+00 9.133056e-10
6.320000e+00 8.989916e-10
6.322500e+00 8.848964e-10
6.325000e+00 8.710167e-10
6.327500e+00 8.573494e-10
6.330000e+00 8.438913e-10
6.332500e+00 8.306392e-10
6.335000e+00 8.175902e-10
6.337500e+00 8.047411e-10
6.340000e+00 7.920890e-10
6.342500e+00 7.796309e-10
6.345000e+00 7.673640e-10
6.347500e+00 7.552853e-10
6.350000e+00 7.433922e-10
6.352500e+00 7.316817e-10
6.355000e+00 7.201512e-10
6.357500e+00 7.087980e-10
6.360000e+00 6.976194e-10
6.362500e+00 6.866128e-10
6.365000e+00 6.757757e-10
6.367500e+00 6.651054e-10
6.370000e+00 6.545996e-10
6.372500e+00 6.442556e-10
6.375000e+00 6.340712e-10
6.377500e+00 6.240438e-10
6.380000e+00 6.141712e-10
6.382500e+00 6.044510e-10
6.385000e+00 5.948809e-10
6.387500e+00 5.854587e-10
6.390000e+00 5.761821e-10
6.392500e+00 5.670489e-10
6.395000e+00 5.580571e-10
6.397500e+00 5.492043e-10
6.400000e+00 5.404887e-10
6.402500e+00 5.319080e-10
6.405000e+00 5.234603e-10
6.407500e+00 5.151435e-10
6.410000e+00 5.069557e-10
6.412500e+00 4.988950e-10
6.415000e+00 4.909593e-10
6.417500e+00 4.831468e-10
6.420000e+00 4.754557e-10
6.422500e+00 4.678841e-10
6.425000e+00 4.604302e-10
6.427500e+00 4.530922e-10
6.430000e+00 4.458683e-10
6.432500e+00 4.387569e-10
6.435000e+00 4.317563e-10
6.437500e+00 4.248646e-10
6.440000e+00 4.180804e-10
6.442500e+00 4.114019e-10
6.445000e+00 4.048276e-10
6.447500e+00 3.983558e-10
6.450000e+00 3.919851e-10
6.452500e+00 3.857138e-10
6.455000e+00 3.795405e-10
6.457500e+00 3.734636e-10
6.460000e+00 3.674818e-10
6.462500e+00 3.615935e-10
6.465000e+00 3.557973e-10
6.467500e+00 3.500919e-10
6.470000e+00 3.444758e-10
6.472500e+00 3.389476e-10
6.475000e+00 3.335061e-10
6.477500e+00 3.281499e-10
6.480000e+00 3.228777e-10
6.482500e+00 3.176883e-10
6.485000e+00 3.125802e-10
6.487500e+00 3.075524e-10
6.490000e+00 3.026036e-10
6.492500e+00 2.977325e-10
6.495000e+00 2.929381e-10
6.497500e+00 2.882190e-10
6.500000e+00 2.835742e-10
6.502500e+00 2.790025e-10
6.505000e+00 2.745027e-10
6.507500e+00 2.700739e-10
6.510000e+00 2.657148e-10
6.512500e+00 2.614245e-10
6.515000e+00 2.572019e-10
6.517500e+00 2.530458e-10
6.520000e+00 2.489554e-10
6.522500e+00 2.449295e-10
6.525000e+00 2.409673e-10
6.527500e+00 2.370677e-10
6.530000e+00 2.332297e-10
6.532500e+00 2.294524e-10
6.535000e+00 2.257349e-10
6.537500e+00 2.220762e-10
6.540000e+00 2.184755e-10
6.542500e+00 2.149318e-10
6.545000e+00 2.114442e-10
6.547500e+00 2.080120e-10
6.550000e+00 2.046341e-10
6.552500e+00 2.013099e-10
6.555000e+00 1.980384e-10
6.557500e+00 1.948189e-10
6.560000e+00 1.916506e-10
6.562500e+00 1.885325e-10
6.565000e+00 1.854641e-10
6.567500e+00 1.824444e-10
6.570000e+00 1.794728e-10
6.572500e+00 1.765485e-10
6.575000e+00 1.736707e-10
6.577500e+00 1.708388e-10
6.580000e+00 1.680520e-10
6.582500e+00 1.653097e-10
6.585000e+00 1.626111e-10
6.587500e+00 1.599555e-10
6.590000e+00 1.573423e-10
6.592500e+00 1.547708e-10
6.595000e+00 1.522405e-10
6.597500e+00 1.497505e-10
6.600000e+00 1.473004e-10
6.602500e+00 1.448894e-10
6.605000e+00 1.425170e-10
6.607500e+00 1.401826e-10
6.610000e+00 1.378855e-10
6.612500e+00 1.356253e-10
6.615000e+00 1.334012e-10
6.617500e+00 1.312128e-10
6.620000e+00 1.290595e-10
6.622500e+00 1.269408e-10
6.625000e+00 1.248560e-10
6.627500e+00 1.228047e-10
6.630000e+00 1.207864e-10
6.632500e+00 1.188005e-10
6.635000e+00 1.168465e-10
6.637500e+00 1.149239e-10
6.640000e+00 1.130323e-10
6.642500e+00 1.111711e-10
6.645000e+00 1.093399e-10
6.647500e+00 1.075381e-10
6.650000e+00 1.057654e-10
6.652500e+00 1.040213e-10
6.655000e+00 1.023053e-10
6.657500e+00 1.006169e-10
6.660000e+00 9.895584e-11
6.662500e+00 9.732156e-11
6.665000e+00 9.571368e-11
6.667500e+00 9.413177e-11
6.670000e+00 9.257542e-11
6.672500e+00 9.104424e-11
6.675000e+00 8.953783e-11
6.677500e+00 8.805579e-11
6.680000e+00 8.659774e-11
6.682500e+00 8.516330e-11
6.685000e+00 8.375210e-11
6.687500e+00 8.236376e-11
6.690000e+00 8.099794e-11
6.692500e+00 7.965426e-11
6.695000e+00 7.833239e-11
6.697500e+00 7.703197e-11
6.700000e+00 7.575267e-11
6.702500e+00 7.449415e-11
6.705000e+00 7.325608e-11
6.707500e+00 7.203813e-11
6.710000e+00 7.083999e-11
6.712500e+00 6.966135e-11
6.715000e+00 6.850188e-11
6.717500e+00 6.736129e-11
6.720000e+00 6.623928e-11
6.722500e+00 6.513556e-11
6.725000e+00 6.404982e-11
6.727500e+00 6.298179e-11
6.730000e+00 6.193118e-11
6.732500e+00 6.089771e-11
6.735000e+00 5.988112e-11
6.737500e+00 5.888112e-11
6.740000e+00 5.789747e-11
6.742500e+00 5.692989e-11
6.745000e+00 5.597814e-11
6.747500e+00 5.504195e-11
6.750000e+00 5.412108e-11
6.752500e+00 5.321528e-11
6.755000e+00 5.232432e-11
6.757500e+00 5.144795e-11
6.760000e+00 5.058594e-11
6.762500e+00 4.973807e-11
6.765000e+00 4.890410e-11
6.767500e+00 4.808381e-11
6.770000e+00 4.727699e-11
6.772500e+00 4.648341e-11
6.775000e+00 4.570287e-11
6.777500e+00 4.493516e-11
6.780000e+00 4.418007e-11
6.782500e+00 4.343739e-11
6.785000e+00 4.270693e-11
6.787500e+00 4.198849e-11
6.790000e+00 4.128188e-11
6.792500e+00 4.058691e-11
6.795000e+00 3.990339e-11
6.797500e+00 3.923113e-11
6.800000e+00 3.856996e-11
6.802500e+00 3.791969e-11
6.805000e+00 3.728016e-11
6.807500e+00 3.665118e-11
6.810000e+00 3.603259e-11
6.812500e+00 3.542421e-11
6.815000e+00 3.482589e-11
6.817500e+00 3.423747e-11
6.820000e+00 3.365877e-11
6.822500e+00 3.308965e-11
6.825000e+00 3.252995e-11
6.827500e+00 3.197952e-11
6.830000e+00 3.143820e-11
6.832500e+00 3.090585e-11
6.835000e+00 3.038233e-11
6.837500e+00 2.986749e-11
6.840000e+00 2.936119e-11
6.842500e+00 2.886329e-11
6.845000e+00 2.837366e-11
6.847500e+00 2.789216e-11
6.850000e+00 2.741866e-11
6.852500e+00 2.695303e-11
6.855000e+00 2.649514e-11
6.857500e+00 2.604486e-11
6.860000e+00 2.560208e-11
6.862500e+00 2.516667e-11
6.865000e+00 2.473851e-11
6.867500e+00 2.431748e-11
6.870000e+00 2.390347e-11
6.872500e+00 2.349636e-11
6.875000e+00 2.309604e-11
6.877500e+00 2.270240e-11
6.880000e+00 2.231533e-11
6.882500e+00 2.193472e-11
6.885000e+00 2.156046e-11
6.887500e+00 2.119246e-11
6.890000e+00 2.083061e-11
6.892500e+00 2.047481e-11
6.895000e+00 2.012497e-11
6.897500e+00 1.978097e-11
6.900000e+00 1.944274e-11
6.902500e+00 1.911017e-11
6.905000e+00 1.878317e-11
6.907500e+00 1.846165e-11
6.910000e+00 1.814552e-11
6.912500e+00 1.783469e-11
6.915000e+00 1.752908e-11
6.917500e+00 1.722860e-11
6.920000e+00 1.693316e-11
6.922500e+00 1.664268e-11
6.925000e+00 1.635709e-11
6.927500e+00 1.607629e-11
6.930000e+00 1.580022e-11
6.932500e+00 1.552879e-11
6.935000e+00 1.526193e-11
6.937500e+00 1.499956e-11
6.940000e+00 1.474160e-11
6.942500e+00 1.448800e-11
6.945000e+00 1.423867e-11
6.947500e+00 1.399354e-11
6.950000e+00 1.375254e-11
6.952500e+00 1.351561e-11
6.955000e+00 1.328268e-11
6.957500e+00 1.305369e-11
6.960000e+00 1.282856e-11
6.962500e+00 1.260723e-11
6.965000e+00 1.238965e-11
6.967500e+00 1.217574e-11
6.970000e+00 1.196545e-11
6.972500e+00 1.175873e-11
6.975000e+00 1.155550e-11
6.977500e+00 1.135571e-11
6.980000e+00 1.115931e-11
6.982500e+00 1.096623e-11
6.985000e+00 1.077643e-11
6.987500e+00 1.058985e-11
6.990000e+00 1.040643e-11
6.992500e+00 1.022612e-11
6.995000e+00 1.004888e-11
6.997500e+00 9.874647e-12
7.000000e+00 9.703374e-12
7.002500e+00 9.535013e-12
7.005000e+00 9.369514e-12
7.007500e+00 9.206830e-12
7.010000e+00 9.046914e-12
7.012500e+00 8.889720e-12
7.015000e+00 8.735203e-12
7.017500e+00 8.583318e-12
7.020000e+00 8.434021e-12
7.022500e+00 8.287270e-12
7.025000e+00 8.143021e-12
7.027500e+00 8.001232e-12
7.030000e+00 7.861864e-12
7.032500e+00 7.724874e-12
7.035000e+00 7.590225e-12
7.037500e+00 7.457875e-12
7.040000e+00 7.327788e-12
7.042500e+00 7.199925e-12
7.045000e+00 7.074248e-12
7.047500e+00 6.950722e-12
7.050000e+00 6.829310e-12
7.052500e+00 6.709977e-12
7.055000e+00 6.592688e-12
7.057500e+00 6.477409e-12
7.060000e+00 6.364106e-12
7.062500e+00 6.252745e-12
7.065000e+00 6.143295e-12
7.067500e+00 6.035723e-12
7.070000e+00 5.929997e-12
7.072500e+00 5.826087e-12
7.075000e+00 5.723962e-12
7.077500e+00 5.623592e-12
7.080000e+00 5.524947e-12
7.082500e+00 5.427999e-12
7.085000e+00 5.332719e-12
7.087500e+00 5.239078e-12
7.090000e+00 5.147050e-12
7.092500e+00 5.056606e-12
7.095000e+00 4.967721e-12
7.097500e+00 4.880368e-12
7.100000e+00 4.794520e-12
7.102500e+00 4.710154e-12
7.105000e+00 4.627243e-12
7.107500e+00 4.545763e-12
7.110000e+00 4.465690e-12
7.112500e+00 4.387000e-12
7.115000e+00 4.309669e-12
7.117500e+00 4.233676e-12
7.120000e+00 4.158996e-12
7.122500e+00 4.085608e-12
7.125000e+00 4.013490e-12
7.127500e+00 3.942620e-12
7.130000e+00 3.872978e-12
7.132500e+00 3.804542e-12
7.135000e+00 3.737292e-12
7.137500e+00 3.671207e-12
7.140000e+00 3.606269e-12
7.142500e+00 3.542457e-12
7.145000e+00 3.479753e-12
7.147500e+00 3.418137e-12
7.150000e+00 3.357591e-12
7.152500e+00 3.298097e-12
7.155000e+00 3.239637e-12
7.157500e+00 3.182193e-12
7.160000e+00 3.125748e-12
7.162500e+00 3.070286e-12
7.165000e+00 3.015788e-12
7.167500e+00 2.962240e-12
7.170000e+00 2.909624e-12
7.172500e+00 2.857924e-12
7.175000e+00 2.807126e-12
7.177500e+00 2.757214e-12
7.180000e+00 2.708172e-12
7.182500e+00 2.659985e-12
7.185000e+00 2.612640e-12
7.187500e+00 2.566121e-12
7.190000e+00 2.520415e-12
7.192500e+00 2.475508e-12
7.195000e+00 2.431385e-12
7.197500e+00 2.388034e-12
7.200000e+00 2.345442e-12
7.202500e+00 2.303594e-12
7.205000e+00 2.262479e-12
7.207500e+00 2.222084e-12
7.210000e+00 2.182397e-12
7.212500e+00 2.143405e-12
7.215000e+00 2.105096e-12
7.217500e+00 2.067460e-12
7.220000e+00 2.030483e-12
7.222500e+00 1.994155e-12
7.225000e+00 1.958465e-12
7.227500e+00 1.923402e-12
7.230000e+00 1.888955e-12
7.232500e+00 1.855113e-12
7.235000e+00 1.821866e-12
7.237500e+00 1.789204e-12
7.240000e+00 1.757116e-12
7.242500e+00 1.725593e-12
7.245000e+00 1.694625e-12
7.247500e+00 1.664202e-12
7.250000e+00 1.634315e-12
7.252500e+00 1.604955e-12
7.255000e+00 1.576112e-12
7.257500e+00 1.547778e-12
7.260000e+00 1.519944e-12
7.262500e+00 1.492602e-12
7.265000e+00 1.465741e-12
7.267500e+00 1.439356e-12
7.270000e+00 1.413436e-12
7.272500e+00 1.387975e-12
7.275000e+00 1.362963e-12
7.277500e+00 1.338394e-12
7.280000e+00 1.314260e-12
7.282500e+00 1.290553e-12
7.285000e+00 1.267265e-12
7.287500e+00 1.244390e-12
7.290000e+00 1.221920e-12
7.292500e+00 1.199849e-12
7.295000e+00 1.178169e-12
7.297500e+00 1.156873e-12
7.300000e+00 1.135955e-12
7.302500e+00 1.115408e-12
7.305000e+00 1.095227e-12
7.307500e+00 1.075403e-12
7.310000e+00 1.055932e-12
7.312500e+00 1.036807e-12
7.315000e+00 1.018022e-12
7.317500e+00 9.995707e-13
7.320000e+00 9.814479e-13
7.322500e+00 9.636478e-13
7.325000e+00 9.461645e-13
7.327500e+00 9.289927e-13
7.330000e+00 9.121268e-13
7.332500e+00 8.955615e-13
7.335000e+00 8.792915e-13
7.337500e+00 8.633117e-13
7.340000e+00 8.476171e-13
7.342500e+00 8.322025e-13
7.345000e+00 8.170632e-13
7.347500e+00 8.021943e-13
7.350000e+00 7.875910e-13
7.352500e+00 7.732488e-13
7.355000e+00 7.591630e-13
7.357500e+00 7.453291e-13
7.360000e+00 7.317427e-13
7.362500e+00 7.183995e-13
7.365000e+00 7.052952e-13
7.367500e+00 6.924256e-13
7.370000e+00 6.797866e-13
7.372500e+00 6.673742e-13
7.375000e+00 6.551842e-13
7.377500e+00 6.432130e-13
7.380000e+00 6.314565e-13
7.382500e+00 6.199110e-13
7.385000e+00 6.085728e-13
7.387500e+00 5.974382e-13
7.390000e+00 5.865037e-13
7.392500e+00 5.757657e-13
7.395000e+00 5.652208e-13
7.397500e+00 5.548656e-13
7.400000e+00 5.446966e-13
7.402500e+00 5.347107e-13
7.405000e+00 5.249046e-13
7.407500e+00 5.152751e-13
7.410000e+00 5.058190e-13
7.412500e+00 4.965335e-13
7.415000e+00 4.874153e-13
7.417500e+00 4.784616e-13
7.420000e+00 4.696694e-13
7.422500e+00 4.610359e-13
7.425000e+00 4.525582e-13
7.427500e+00 4.442337e-13
7.430000e+00 4.360596e-13
7.432500e+00 4.280332e-13
7.435000e+00 4.201520e-13
7.437500e+00 4.124132e-13
7.440000e+00 4.048145e-13
7.442500e+00 3.973533e-13
7.445000e+00 3.900272e-13
7.447500e+00 3.828338e-13
7.450000e+00 3.757706e-13
7.452500e+00 3.688355e-13
7.455000e+00 3.620262e-13
7.457500e+00 3.553403e-13
7.460000e+00 3.487757e-13
7.462500e+00 3.423302e-13
7.465000e+00 3.360018e-13
7.467500e+00 3.297883e-13
7.470000e+00 3.236876e-13
7.472500e+00 3.176979e-13
7.475000e+00 3.118170e-13
7.477500e+00 3.060431e-13
7.480000e+00 3.003742e-13
7.482500e+00 2.948085e-13
7.485000e+00 2.893441e-13
7.487500e+00 2.839792e-13
7.490000e+00 2.787120e-13
7.492500e+00 2.735408e-13
7.495000e+00 2.684639e-13
7.497500e+00 2.634796e-13
