0.000000e+00 1.738168e-01
2.500000e-03 1.738168e-01
5.000000e-03 1.738166e-01
7.500000e-03 1.738162e-01
1.000000e-02 1.738156e-01
1.250000e-02 1.738149e-01
1.500000e-02 1.738140e-01
1.750000e-02 1.738129e-01
2.000000e-02 1.738117e-01
2.250000e-02 1.738104e-01
2.500000e-02 1.738088e-01
2.750000e-02 1.738071e-01
3.000000e-02 1.738053e-01
3.250000e-02 1.738032e-01
3.500000e-02 1.738011e-01
3.750000e-02 1.737987e-01
4.000000e-02 1.737962e-01
4.250000e-02 1.737936e-01
4.500000e-02 1.737907e-01
4.750000e-02 1.737877e-01
5.000000e-02 1.737846e-01
5.250000e-02 1.737813e-01
5.500000e-02 1.737778e-01
5.750000e-02 1.737742e-01
6.000000e-02 1.737704e-01
6.250000e-02 1.737664e-01
6.500000e-02 1.737623e-01
6.750000e-02 1.737580e-01
7.000000e-02 1.737536e-01
7.250000e-02 1.737490e-01
7.500000e-02 1.737442e-01
7.750000e-02 1.737393e-01
8.000000e-02 1.737342e-01
8.250000e-02 1.737289e-01
8.500000e-02 1.737235e-01
8.750000e-02 1.737179e-01
9.000000e-02 1.737122e-01
9.250000e-02 1.737063e-01
9.500000e-02 1.737002e-01
9.750000e-02 1.736940e-01
1.000000e-01 1.736876e-01
1.025000e-01 1.736811e-01
1.050000e-01 1.736744e-01
1.075000e-01 1.736675e-01
1.100000e-01 1.736605e-01
1.125000e-01 1.736533e-01
1.150000e-01 1.736459e-01
1.175000e-01 1.736384e-01
1.200000e-01 1.736307e-01
1.225000e-01 1.736229e-01
1.250000e-01 1.736149e-01
1.275000e-01 1.736067e-01
1.300000e-01 1.735983e-01
1.325000e-01 1.735899e-01
1.350000e-01 1.735812e-01
1.375000e-01 1.735724e-01
1.400000e-01 1.735634e-01
1.425000e-01 1.735542e-01
1.450000e-01 1.735449e-01
1.475000e-01 1.735355e-01
1.500000e-01 1.735258e-01
1.525000e-01 1.735160e-01
1.550000e-01 1.735061e-01
1.575000e-01 1.734959e-01
1.600000e-01 1.734857e-01
1.625000e-01 1.734752e-01
1.650000e-01 1.734646e-01
1.675000e-01 1.734538e-01
1.700000e-01 1.734429e-01
1.725000e-01 1.734318e-01
1.750000e-01 1.734205e-01
1.775000e-01 1.734091e-01
1.800000e-01 1.733975e-01
1.825000e-01 1.733857e-01
1.850000e-01 1.733738e-01
1.875000e-01 1.733617e-01
1.900000e-01 1.733495e-01
1.925000e-01 1.733371e-01
1.950000e-01 1.733245e-01
1.975000e-01 1.733118e-01
2.000000e-01 1.732989e-01
2.025000e-01 1.732858e-01
2.050000e-01 1.732726e-01
2.075000e-01 1.732592e-01
2.100000e-01 1.732456e-01
2.125000e-01 1.732319e-01
2.150000e-01 1.732180e-01
2.175000e-01 1.732040e-01
2.200000e-01 1.731898e-01
2.225000e-01 1.731754e-01
2.250000e-01 1.731608e-01
2.275000e-01 1.731461e-01
2.300000e-01 1.731312e-01
2.325000e-01 1.731162e-01
2.350000e-01 1.731010e-01
2.375000e-01 1.730856e-01
2.400000e-01 1.730701e-01
2.425000e-01 1.730544e-01
2.450000e-01 1.730385e-01
2.475000e-01 1.730225e-01
2.500000e-01 1.730063e-01
2.525000e-01 1.729900e-01
2.550000e-01 1.729734e-01
2.575000e-01 1.729568e-01
2.600000e-01 1.729399e-01
2.625000e-01 1.729229e-01
2.650000e-01 1.729057e-01
2.675000e-01 1.728883e-01
2.700000e-01 1.728708e-01
2.725000e-01 1.728531e-01
2.750000e-01 1.728353e-01
2.775000e-01 1.728173e-01
2.800000e-01 1.727991e-01
2.825000e-01 1.727807e-01
2.850000e-01 1.727622e-01
2.875000e-01 1.727435e-01
2.900000e-01 1.727247e-01
2.925000e-01 1.727057e-01
2.950000e-01 1.726865e-01
2.975000e-01 1.726671e-01
3.000000e-01 1.726476e-01
3.025000e-01 1.726279e-01
3.050000e-01 1.726081e-01
3.075000e-01 1.725881e-01
3.100000e-01 1.725679e-01
3.125000e-01 1.725475e-01
3.150000e-01 1.725270e-01
3.175000e-01 1.725063e-01
3.200000e-01 1.724855e-01
3.225000e-01 1.724645e-01
3.250000e-01 1.724433e-01
3.275000e-01 1.724219e-01
3.300000e-01 1.724004e-01
3.325000e-01 1.723787e-01
3.350000e-01 1.723568e-01
3.375000e-01 1.723348e-01
3.400000e-01 1.723126e-01
3.425000e-01 1.722902e-01
3.450000e-01 1.722677e-01
3.475000e-01 1.722450e-01
3.500000e-01 1.722221e-01
3.525000e-01 1.721990e-01
3.550000e-01 1.721758e-01
3.575000e-01 1.721524e-01
3.600000e-01 1.721289e-01
3.625000e-01 1.721052e-01
3.650000e-01 1.720813e-01
3.675000e-01 1.720572e-01
3.700000e-01 1.720330e-01
3.725000e-01 1.720086e-01
3.750000e-01 1.719840e-01
3.775000e-01 1.719592e-01
3.800000e-01 1.719343e-01
3.825000e-01 1.719092e-01
3.850000e-01 1.718840e-01
3.875000e-01 1.718586e-01
3.900000e-01 1.718330e-01
3.925000e-01 1.718072e-01
3.950000e-01 1.717813e-01
3.975000e-01 1.717551e-01
4.000000e-01 1.717289e-01
4.025000e-01 1.717024e-01
4.050000e-01 1.716758e-01
4.075000e-01 1.716490e-01
4.100000e-01 1.716220e-01
4.125000e-01 1.715949e-01
4.150000e-01 1.715676e-01
4.175000e-01 1.715401e-01
4.200000e-01 1.715124e-01
4.225000e-01 1.714846e-01
4.250000e-01 1.714566e-01
4.275000e-01 1.714284e-01
4.300000e-01 1.714000e-01
4.325000e-01 1.713715e-01
4.350000e-01 1.713428e-01
4.375000e-01 1.713139e-01
4.400000e-01 1.712849e-01
4.425000e-01 1.712557e-01
4.450000e-01 1.712263e-01
4.475000e-01 1.711967e-01
4.500000e-01 1.711670e-01
4.525000e-01 1.711371e-01
4.550000e-01 1.711070e-01
4.575000e-01 1.710767e-01
4.600000e-01 1.710463e-01
4.625000e-01 1.710157e-01
4.650000e-01 1.709849e-01
4.675000e-01 1.709539e-01
4.700000e-01 1.709228e-01
4.725000e-01 1.708914e-01
4.750000e-01 1.708600e-01
4.775000e-01 1.708283e-01
4.800000e-01 1.707964e-01
4.825000e-01 1.707644e-01
4.850000e-01 1.707322e-01
4.875000e-01 1.706998e-01
4.900000e-01 1.706673e-01
4.925000e-01 1.706346e-01
4.950000e-01 1.706017e-01
4.975000e-01 1.705686e-01
5.000000e-01 1.705353e-01
5.025000e-01 1.705019e-01
5.050000e-01 1.704683e-01
5.075000e-01 1.704345e-01
5.100000e-01 1.704005e-01
5.125000e-01 1.703664e-01
5.150000e-01 1.703320e-01
5.175000e-01 1.702975e-01
5.200000e-01 1.702628e-01
5.225000e-01 1.702280e-01
5.250000e-01 1.701929e-01
5.275000e-01 1.701577e-01
5.300000e-01 1.701223e-01
5.325000e-01 1.700867e-01
5.350000e-01 1.700510e-01
5.375000e-01 1.700150e-01
5.400000e-01 1.699789e-01
5.425000e-01 1.699426e-01
5.450000e-01 1.699061e-01
5.475000e-01 1.698695e-01
5.500000e-01 1.698326e-01
5.525000e-01 1.697956e-01
5.550000e-01 1.697584e-01
5.575000e-01 1.697210e-01
5.600000e-01 1.696834e-01
5.625000e-01 1.696457e-01
5.650000e-01 1.696077e-01
5.675000e-01 1.695696e-01
5.700000e-01 1.695313e-01
5.725000e-01 1.694928e-01
5.750000e-01 1.694542e-01
5.775000e-01 1.694153e-01
5.800000e-01 1.693763e-01
5.825000e-01 1.693371e-01
5.850000e-01 1.692977e-01
5.875000e-01 1.692581e-01
5.900000e-01 1.692183e-01
5.925000e-01 1.691784e-01
5.950000e-01 1.691382e-01
5.975000e-01 1.690979e-01
6.000000e-01 1.690574e-01
6.025000e-01 1.690167e-01
6.050000e-01 1.689758e-01
6.075000e-01 1.689348e-01
6.100000e-01 1.688935e-01
6.125000e-01 1.688521e-01
6.150000e-01 1.688105e-01
6.175000e-01 1.687687e-01
6.200000e-01 1.687267e-01
6.225000e-01 1.686845e-01
6.250000e-01 1.686421e-01
6.275000e-01 1.685996e-01
6.300000e-01 1.685568e-01
6.325000e-01 1.685139e-01
6.350000e-01 1.684708e-01
6.375000e-01 1.684275e-01
6.400000e-01 1.683840e-01
6.425000e-01 1.683403e-01
6.450000e-01 1.682964e-01
6.475000e-01 1.682524e-01
6.500000e-01 1.682081e-01
6.525000e-01 1.681637e-01
6.550000e-01 1.681190e-01
6.575000e-01 1.680742e-01
6.600000e-01 1.680292e-01
6.625000e-01 1.679840e-01
6.650000e-01 1.679386e-01
6.675000e-01 1.678930e-01
6.700000e-01 1.678473e-01
6.725000e-01 1.678013e-01
6.750000e-01 1.677551e-01
6.775000e-01 1.677088e-01
6.800000e-01 1.676622e-01
6.825000e-01 1.676155e-01
6.850000e-01 1.675686e-01
6.875000e-01 1.675215e-01
6.900000e-01 1.674741e-01
6.925000e-01 1.674266e-01
6.950000e-01 1.673789e-01
6.975000e-01 1.673310e-01
7.000000e-01 1.672830e-01
7.025000e-01 1.672347e-01
7.050000e-01 1.671862e-01
7.075000e-01 1.671375e-01
7.100000e-01 1.670886e-01
7.125000e-01 1.670396e-01
7.150000e-01 1.669903e-01
7.175000e-01 1.669409e-01
7.200000e-01 1.668912e-01
7.225000e-01 1.668414e-01
7.250000e-01 1.667913e-01
7.275000e-01 1.667411e-01
7.300000e-01 1.666906e-01
7.325000e-01 1.666400e-01
7.350000e-01 1.665892e-01
7.375000e-01 1.665381e-01
7.400000e-01 1.664869e-01
7.425000e-01 1.664355e-01
7.450000e-01 1.663838e-01
7.475000e-01 1.663320e-01
7.500000e-01 1.662800e-01
7.525000e-01 1.662277e-01
7.550000e-01 1.661753e-01
7.575000e-01 1.661227e-01
7.600000e-01 1.660698e-01
7.625000e-01 1.660168e-01
7.650000e-01 1.659636e-01
7.675000e-01 1.659101e-01
7.700000e-01 1.658565e-01
7.725000e-01 1.658027e-01
7.750000e-01 1.657486e-01
7.775000e-01 1.656944e-01
7.800000e-01 1.656399e-01
7.825000e-01 1.655853e-01
7.850000e-01 1.655304e-01
7.875000e-01 1.654754e-01
7.900000e-01 1.654201e-01
7.925000e-01 1.653647e-01
7.950000e-01 1.653090e-01
7.975000e-01 1.652531e-01
8.000000e-01 1.651970e-01
8.025000e-01 1.651407e-01
8.050000e-01 1.650842e-01
8.075000e-01 1.650275e-01
8.100000e-01 1.649706e-01
8.125000e-01 1.649135e-01
8.150000e-01 1.648562e-01
8.175000e-01 1.647987e-01
8.200000e-01 1.647409e-01
8.225000e-01 1.646830e-01
8.250000e-01 1.646249e-01
8.275000e-01 1.645665e-01
8.300000e-01 1.645079e-01
8.325000e-01 1.644491e-01
8.350000e-01 1.643902e-01
8.375000e-01 1.643310e-01
8.400000e-01 1.642715e-01
8.425000e-01 1.642119e-01
8.450000e-01 1.641521e-01
8.475000e-01 1.640921e-01
8.500000e-01 1.640318e-01
8.525000e-01 1.639713e-01
8.550000e-01 1.639107e-01
8.575000e-01 1.638498e-01
8.600000e-01 1.637887e-01
8.625000e-01 1.637273e-01
8.650000e-01 1.636658e-01
8.675000e-01 1.636041e-01
8.700000e-01 1.635421e-01
8.725000e-01 1.634799e-01
8.750000e-01 1.634175e-01
8.775000e-01 1.633549e-01
8.800000e-01 1.632921e-01
8.825000e-01 1.632291e-01
8.850000e-01 1.631658e-01
8.875000e-01 1.631024e-01
8.900000e-01 1.630387e-01
8.925000e-01 1.629748e-01
8.950000e-01 1.629107e-01
8.975000e-01 1.628463e-01
9.000000e-01 1.627818e-01
9.025000e-01 1.627170e-01
9.050000e-01 1.626520e-01
9.075000e-01 1.625868e-01
9.100000e-01 1.625214e-01
9.125000e-01 1.624557e-01
9.150000e-01 1.623898e-01
9.175000e-01 1.623237e-01
9.200000e-01 1.622574e-01
9.225000e-01 1.621909e-01
9.250000e-01 1.621241e-01
9.275000e-01 1.620571e-01
9.300000e-01 1.619899e-01
9.325000e-01 1.619225e-01
9.350000e-01 1.618548e-01
9.375000e-01 1.617870e-01
9.400000e-01 1.617189e-01
9.425000e-01 1.616506e-01
9.450000e-01 1.615820e-01
9.475000e-01 1.615132e-01
9.500000e-01 1.614442e-01
9.525000e-01 1.613750e-01
9.550000e-01 1.613056e-01
9.575000e-01 1.612359e-01
9.600000e-01 1.611660e-01
9.625000e-01 1.610958e-01
9.650000e-01 1.610255e-01
9.675000e-01 1.609549e-01
9.700000e-01 1.608841e-01
9.725000e-01 1.608130e-01
9.750000e-01 1.607417e-01
9.775000e-01 1.606702e-01
9.800000e-01 1.605985e-01
9.825000e-01 1.605265e-01
9.850000e-01 1.604543e-01
9.875000e-01 1.603819e-01
9.900000e-01 1.603093e-01
9.925000e-01 1.602364e-01
9.950000e-01 1.601632e-01
9.975000e-01 1.600899e-01
1.000000e+00 1.600163e-01
1.002500e+00 1.599425e-01
1.005000e+00 1.598684e-01
1.007500e+00 1.597941e-01
1.010000e+00 1.597196e-01
1.012500e+00 1.596448e-01
1.015000e+00 1.595698e-01
1.017500e+00 1.594946e-01
1.020000e+00 1.594191e-01
1.022500e+00 1.593434e-01
1.025000e+00 1.592675e-01
1.027500e+00 1.591913e-01
1.030000e+00 1.591149e-01
1.032500e+00 1.590382e-01
1.035000e+00 1.589613e-01
1.037500e+00 1.588842e-01
1.040000e+00 1.588068e-01
1.042500e+00 1.587292e-01
1.045000e+00 1.586513e-01
1.047500e+00 1.585732e-01
1.050000e+00 1.584949e-01
1.052500e+00 1.584163e-01
1.055000e+00 1.583375e-01
1.057500e+00 1.582584e-01
1.060000e+00 1.581791e-01
1.062500e+00 1.580995e-01
1.065000e+00 1.580197e-01
1.067500e+00 1.579397e-01
1.070000e+00 1.578594e-01
1.072500e+00 1.577789e-01
1.075000e+00 1.576981e-01
1.077500e+00 1.576171e-01
1.080000e+00 1.575358e-01
1.082500e+00 1.574543e-01
1.085000e+00 1.573725e-01
1.087500e+00 1.572905e-01
1.090000e+00 1.572082e-01
1.092500e+00 1.571257e-01
1.095000e+00 1.570430e-01
1.097500e+00 1.569600e-01
1.100000e+00 1.568767e-01
1.102500e+00 1.567932e-01
1.105000e+00 1.567094e-01
1.107500e+00 1.566254e-01
1.110000e+00 1.565412e-01
1.112500e+00 1.564567e-01
1.115000e+00 1.563719e-01
1.117500e+00 1.562869e-01
1.120000e+00 1.562016e-01
1.122500e+00 1.561161e-01
1.125000e+00 1.560303e-01
1.127500e+00 1.559443e-01
1.130000e+00 1.558580e-01
1.132500e+00 1.557714e-01
1.135000e+00 1.556846e-01
1.137500e+00 1.555976e-01
1.140000e+00 1.555103e-01
1.142500e+00 1.554227e-01
1.145000e+00 1.553349e-01
1.147500e+00 1.552468e-01
1.150000e+00 1.551584e-01
1.152500e+00 1.550698e-01
1.155000e+00 1.549809e-01
1.157500e+00 1.548918e-01
1.160000e+00 1.548024e-01
1.162500e+00 1.547128e-01
1.165000e+00 1.546229e-01
1.167500e+00 1.545327e-01
1.170000e+00 1.544423e-01
1.172500e+00 1.543516e-01
1.175000e+00 1.542606e-01
1.177500e+00 1.541694e-01
1.180000e+00 1.540779e-01
1.182500e+00 1.539862e-01
1.185000e+00 1.538942e-01
1.187500e+00 1.538019e-01
1.190000e+00 1.537093e-01
1.192500e+00 1.536165e-01
1.195000e+00 1.535234e-01
1.197500e+00 1.534301e-01
1.200000e+00 1.533365e-01
1.202500e+00 1.532426e-01
1.205000e+00 1.531484e-01
1.207500e+00 1.530540e-01
1.210000e+00 1.529593e-01
1.212500e+00 1.528644e-01
1.215000e+00 1.527691e-01
1.217500e+00 1.526736e-01
1.220000e+00 1.525779e-01
1.222500e+00 1.524818e-01
1.225000e+00 1.523855e-01
1.227500e+00 1.522889e-01
1.230000e+00 1.521920e-01
1.232500e+00 1.520949e-01
1.235000e+00 1.519975e-01
1.237500e+00 1.518998e-01
1.240000e+00 1.518018e-01
1.242500e+00 1.517036e-01
1.245000e+00 1.516051e-01
1.247500e+00 1.515063e-01
1.250000e+00 1.514072e-01
1.252500e+00 1.513079e-01
1.255000e+00 1.512083e-01
1.257500e+00 1.511084e-01
1.260000e+00 1.510082e-01
1.262500e+00 1.509077e-01
1.265000e+00 1.508070e-01
1.267500e+00 1.507060e-01
1.270000e+00 1.506047e-01
1.272500e+00 1.505031e-01
1.275000e+00 1.504012e-01
1.277500e+00 1.502991e-01
1.280000e+00 1.501967e-01
1.282500e+00 1.500940e-01
1.285000e+00 1.499910e-01
1.287500e+00 1.498877e-01
1.290000e+00 1.497841e-01
1.292500e+00 1.496803e-01
1.295000e+00 1.495761e-01
1.297500e+00 1.494717e-01
1.300000e+00 1.493670e-01
1.302500e+00 1.492620e-01
1.305000e+00 1.491568e-01
1.307500e+00 1.490512e-01
1.310000e+00 1.489453e-01
1.312500e+00 1.488392e-01
1.315000e+00 1.487328e-01
1.317500e+00 1.486261e-01
1.320000e+00 1.485190e-01
1.322500e+00 1.484117e-01
1.325000e+00 1.483042e-01
1.327500e+00 1.481963e-01
1.330000e+00 1.480881e-01
1.332500e+00 1.479796e-01
1.335000e+00 1.478709e-01
1.337500e+00 1.477618e-01
1.340000e+00 1.476525e-01
1.342500e+00 1.475428e-01
1.345000e+00 1.474329e-01
1.347500e+00 1.473227e-01
1.350000e+00 1.472122e-01
1.352500e+00 1.471013e-01
1.355000e+00 1.469902e-01
1.357500e+00 1.468788e-01
1.360000e+00 1.467671e-01
1.362500e+00 1.466551e-01
1.365000e+00 1.465428e-01
1.367500e+00 1.464302e-01
1.370000e+00 1.463173e-01
1.372500e+00 1.462041e-01
1.375000e+00 1.460906e-01
1.377500e+00 1.459768e-01
1.380000e+00 1.458627e-01
1.382500e+00 1.457483e-01
1.385000e+00 1.456336e-01
1.387500e+00 1.455186e-01
1.390000e+00 1.454033e-01
1.392500e+00 1.452877e-01
1.395000e+00 1.451718e-01
1.397500e+00 1.450556e-01
1.400000e+00 1.449390e-01
1.402500e+00 1.448222e-01
1.405000e+00 1.447051e-01
1.407500e+00 1.445876e-01
1.410000e+00 1.444699e-01
1.412500e+00 1.443519e-01
1.415000e+00 1.442335e-01
1.417500e+00 1.441148e-01
1.420000e+00 1.439959e-01
1.422500e+00 1.438766e-01
1.425000e+00 1.437570e-01
1.427500e+00 1.436371e-01
1.430000e+00 1.435169e-01
1.432500e+00 1.433964e-01
1.435000e+00 1.432756e-01
1.437500e+00 1.431545e-01
1.440000e+00 1.430330e-01
1.442500e+00 1.429113e-01
1.445000e+00 1.427892e-01
1.447500e+00 1.426668e-01
1.450000e+00 1.425441e-01
1.452500e+00 1.424211e-01
1.455000e+00 1.422978e-01
1.457500e+00 1.421742e-01
1.460000e+00 1.420503e-01
1.462500e+00 1.419260e-01
1.465000e+00 1.418014e-01
1.467500e+00 1.416765e-01
1.470000e+00 1.415513e-01
1.472500e+00 1.414258e-01
1.475000e+00 1.413000e-01
1.477500e+00 1.411739e-01
1.480000e+00 1.410474e-01
1.482500e+00 1.409206e-01
1.485000e+00 1.407935e-01
1.487500e+00 1.406661e-01
1.490000e+00 1.405384e-01
1.492500e+00 1.404103e-01
1.495000e+00 1.402819e-01
1.497500e+00 1.401532e-01
1.500000e+00 1.400242e-01
1.502500e+00 1.398949e-01
1.505000e+00 1.397652e-01
1.507500e+00 1.396353e-01
1.510000e+00 1.395050e-01
1.512500e+00 1.393744e-01
1.515000e+00 1.392434e-01
1.517500e+00 1.391122e-01
1.520000e+00 1.389806e-01
1.522500e+00 1.388487e-01
1.525000e+00 1.387165e-01
1.527500e+00 1.385839e-01
1.530000e+00 1.384510e-01
1.532500e+00 1.383178e-01
1.535000e+00 1.381843e-01
1.537500e+00 1.380505e-01
1.540000e+00 1.379163e-01
1.542500e+00 1.377818e-01
1.545000e+00 1.376470e-01
1.547500e+00 1.375119e-01
1.550000e+00 1.373764e-01
1.552500e+00 1.372406e-01
1.555000e+00 1.371045e-01
1.557500e+00 1.369680e-01
1.560000e+00 1.368312e-01
1.562500e+00 1.366941e-01
1.565000e+00 1.365567e-01
1.567500e+00 1.364189e-01
1.570000e+00 1.362809e-01
1.572500e+00 1.361424e-01
1.575000e+00 1.360037e-01
1.577500e+00 1.358646e-01
1.580000e+00 1.357252e-01
1.582500e+00 1.355855e-01
1.585000e+00 1.354454e-01
1.587500e+00 1.353050e-01
1.590000e+00 1.351643e-01
1.592500e+00 1.350233e-01
1.595000e+00 1.348819e-01
1.597500e+00 1.347402e-01
1.600000e+00 1.345981e-01
1.602500e+00 1.344558e-01
1.605000e+00 1.343131e-01
1.607500e+00 1.341700e-01
1.610000e+00 1.340267e-01
1.612500e+00 1.338830e-01
1.615000e+00 1.337390e-01
1.617500e+00 1.335946e-01
1.620000e+00 1.334499e-01
1.622500e+00 1.333049e-01
1.625000e+00 1.331595e-01
1.627500e+00 1.330138e-01
1.630000e+00 1.328678e-01
1.632500e+00 1.327215e-01
1.635000e+00 1.325748e-01
1.637500e+00 1.324277e-01
1.640000e+00 1.322804e-01
1.642500e+00 1.321327e-01
1.645000e+00 1.319847e-01
1.647500e+00 1.318363e-01
1.650000e+00 1.316876e-01
1.652500e+00 1.315386e-01
1.655000e+00 1.313893e-01
1.657500e+00 1.312396e-01
1.660000e+00 1.310896e-01
1.662500e+00 1.309392e-01
1.665000e+00 1.307885e-01
1.667500e+00 1.306375e-01
1.670000e+00 1.304861e-01
1.672500e+00 1.303344e-01
1.675000e+00 1.301824e-01
1.677500e+00 1.300300e-01
1.680000e+00 1.298773e-01
1.682500e+00 1.297243e-01
1.685000e+00 1.295709e-01
1.687500e+00 1.294172e-01
1.690000e+00 1.292632e-01
1.692500e+00 1.291088e-01
1.695000e+00 1.289541e-01
1.697500e+00 1.287991e-01
1.700000e+00 1.286437e-01
1.702500e+00 1.284880e-01
1.705000e+00 1.283320e-01
1.707500e+00 1.281756e-01
1.710000e+00 1.280189e-01
1.712500e+00 1.278618e-01
1.715000e+00 1.277045e-01
1.717500e+00 1.275467e-01
1.720000e+00 1.273887e-01
1.722500e+00 1.272303e-01
1.725000e+00 1.270716e-01
1.727500e+00 1.269126e-01
1.730000e+00 1.267532e-01
1.732500e+00 1.265935e-01
1.735000e+00 1.264334e-01
1.737500e+00 1.262730e-01
1.740000e+00 1.261123e-01
1.742500e+00 1.259513e-01
1.745000e+00 1.257899e-01
1.747500e+00 1.256282e-01
1.750000e+00 1.254661e-01
1.752500e+00 1.253037e-01
1.755000e+00 1.251410e-01
1.757500e+00 1.249780e-01
1.760000e+00 1.248146e-01
1.762500e+00 1.246509e-01
1.765000e+00 1.244869e-01
1.767500e+00 1.243225e-01
1.770000e+00 1.241578e-01
1.772500e+00 1.239927e-01
1.775000e+00 1.238274e-01
1.777500e+00 1.236617e-01
1.780000e+00 1.234957e-01
1.782500e+00 1.233293e-01
1.785000e+00 1.231626e-01
1.787500e+00 1.229956e-01
1.790000e+00 1.228283e-01
1.792500e+00 1.226606e-01
1.795000e+00 1.224926e-01
1.797500e+00 1.223243e-01
1.800000e+00 1.221556e-01
1.802500e+00 1.219866e-01
1.805000e+00 1.218173e-01
1.807500e+00 1.216477e-01
1.810000e+00 1.214777e-01
1.812500e+00 1.213074e-01
1.815000e+00 1.211368e-01
1.817500e+00 1.209659e-01
1.820000e+00 1.207946e-01
1.822500e+00 1.206230e-01
1.825000e+00 1.204511e-01
1.827500e+00 1.202789e-01
1.830000e+00 1.201063e-01
1.832500e+00 1.199334e-01
1.835000e+00 1.197602e-01
1.837500e+00 1.195867e-01
1.840000e+00 1.194128e-01
1.842500e+00 1.192386e-01
1.845000e+00 1.190642e-01
1.847500e+00 1.188893e-01
1.850000e+00 1.187142e-01
1.852500e+00 1.185388e-01
1.855000e+00 1.183630e-01
1.857500e+00 1.181869e-01
1.860000e+00 1.180105e-01
1.862500e+00 1.178338e-01
1.865000e+00 1.176567e-01
1.867500e+00 1.174794e-01
1.870000e+00 1.173017e-01
1.872500e+00 1.171237e-01
1.875000e+00 1.169454e-01
1.877500e+00 1.167668e-01
1.880000e+00 1.165878e-01
1.882500e+00 1.164086e-01
1.885000e+00 1.162291e-01
1.887500e+00 1.160492e-01
1.890000e+00 1.158690e-01
1.892500e+00 1.156885e-01
1.895000e+00 1.155077e-01
1.897500e+00 1.153266e-01
1.900000e+00 1.151452e-01
1.902500e+00 1.149635e-01
1.905000e+00 1.147815e-01
1.907500e+00 1.145991e-01
1.910000e+00 1.144165e-01
1.912500e+00 1.142336e-01
1.915000e+00 1.140503e-01
1.917500e+00 1.138668e-01
1.920000e+00 1.136829e-01
1.922500e+00 1.134988e-01
1.925000e+00 1.133143e-01
1.927500e+00 1.131296e-01
1.930000e+00 1.129445e-01
1.932500e+00 1.127592e-01
1.935000e+00 1.125735e-01
1.937500e+00 1.123876e-01
1.940000e+00 1.122014e-01
1.942500e+00 1.120148e-01
1.945000e+00 1.118280e-01
1.947500e+00 1.116409e-01
1.950000e+00 1.114535e-01
1.952500e+00 1.112658e-01
1.955000e+00 1.110778e-01
1.957500e+00 1.108895e-01
1.960000e+00 1.107010e-01
1.962500e+00 1.105121e-01
1.965000e+00 1.103230e-01
1.967500e+00 1.101335e-01
1.970000e+00 1.099438e-01
1.972500e+00 1.097538e-01
1.975000e+00 1.095636e-01
1.977500e+00 1.093730e-01
1.980000e+00 1.091822e-01
1.982500e+00 1.089910e-01
1.985000e+00 1.087996e-01
1.987500e+00 1.086080e-01
1.990000e+00 1.084160e-01
1.992500e+00 1.082238e-01
1.995000e+00 1.080313e-01
1.997500e+00 1.078385e-01
2.000000e+00 1.076455e-01
2.002500e+00 1.074522e-01
2.005000e+00 1.072586e-01
2.007500e+00 1.070647e-01
2.010000e+00 1.068706e-01
2.012500e+00 1.066762e-01
2.015000e+00 1.064816e-01
2.017500e+00 1.062867e-01
2.020000e+00 1.060915e-01
2.022500e+00 1.058961e-01
2.025000e+00 1.057004e-01
2.027500e+00 1.055044e-01
2.030000e+00 1.053082e-01
2.032500e+00 1.051117e-01
2.035000e+00 1.049150e-01
2.037500e+00 1.047180e-01
2.040000e+00 1.045208e-01
2.042500e+00 1.043233e-01
2.045000e+00 1.041256e-01
2.047500e+00 1.039276e-01
2.050000e+00 1.037294e-01
2.052500e+00 1.035309e-01
2.055000e+00 1.033322e-01
2.057500e+00 1.031332e-01
2.060000e+00 1.029340e-01
2.062500e+00 1.027346e-01
2.065000e+00 1.025349e-01
2.067500e+00 1.023350e-01
2.070000e+00 1.021348e-01
2.072500e+00 1.019344e-01
2.075000e+00 1.017338e-01
2.077500e+00 1.015330e-01
2.080000e+00 1.013319e-01
2.082500e+00 1.011306e-01
2.085000e+00 1.009290e-01
2.087500e+00 1.007273e-01
2.090000e+00 1.005253e-01
2.092500e+00 1.003231e-01
2.095000e+00 1.001206e-01
2.097500e+00 9.991798e-02
2.100000e+00 9.971511e-02
2.102500e+00 9.951202e-02
2.105000e+00 9.930872e-02
2.107500e+00 9.910520e-02
2.110000e+00 9.890148e-02
2.112500e+00 9.869754e-02
2.115000e+00 9.849339e-02
2.117500e+00 9.828904e-02
2.120000e+00 9.808448e-02
2.122500e+00 9.787972e-02
2.125000e+00 9.767476e-02
2.127500e+00 9.746959e-02
2.130000e+00 9.726423e-02
2.132500e+00 9.705867e-02
2.135000e+00 9.685292e-02
2.137500e+00 9.664697e-02
2.140000e+00 9.644083e-02
2.142500e+00 9.623450e-02
2.145000e+00 9.602799e-02
2.147500e+00 9.582129e-02
2.150000e+00 9.561440e-02
2.152500e+00 9.540733e-02
2.155000e+00 9.520008e-02
2.157500e+00 9.499265e-02
2.160000e+00 9.478504e-02
2.162500e+00 9.457726e-02
2.165000e+00 9.436930e-02
2.167500e+00 9.416117e-02
2.170000e+00 9.395287e-02
2.172500e+00 9.374440e-02
2.175000e+00 9.353577e-02
2.177500e+00 9.332697e-02
2.180000e+00 9.311801e-02
2.182500e+00 9.290889e-02
2.185000e+00 9.269962e-02
2.187500e+00 9.249018e-02
2.190000e+00 9.228059e-02
2.192500e+00 9.207085e-02
2.195000e+00 9.186095e-02
2.197500e+00 9.165091e-02
2.200000e+00 9.144072e-02
2.202500e+00 9.123038e-02
2.205000e+00 9.101991e-02
2.207500e+00 9.080929e-02
2.210000e+00 9.059853e-02
2.212500e+00 9.038764e-02
2.215000e+00 9.017661e-02
2.217500e+00 8.996544e-02
2.220000e+00 8.975415e-02
2.222500e+00 8.954273e-02
2.225000e+00 8.933118e-02
2.227500e+00 8.911951e-02
2.230000e+00 8.890771e-02
2.232500e+00 8.869580e-02
2.235000e+00 8.848376e-02
2.237500e+00 8.827161e-02
2.240000e+00 8.805935e-02
2.242500e+00 8.784697e-02
2.245000e+00 8.763449e-02
2.247500e+00 8.742189e-02
2.250000e+00 8.720920e-02
2.252500e+00 8.699639e-02
2.255000e+00 8.678349e-02
2.257500e+00 8.657049e-02
2.260000e+00 8.635739e-02
2.262500e+00 8.614419e-02
2.265000e+00 8.593091e-02
2.267500e+00 8.571753e-02
2.270000e+00 8.550407e-02
2.272500e+00 8.529052e-02
2.275000e+00 8.507688e-02
2.277500e+00 8.486317e-02
2.280000e+00 8.464938e-02
2.282500e+00 8.443550e-02
2.285000e+00 8.422156e-02
2.287500e+00 8.400754e-02
2.290000e+00 8.379345e-02
2.292500e+00 8.357930e-02
2.295000e+00 8.336508e-02
2.297500e+00 8.315079e-02
2.300000e+00 8.293645e-02
2.302500e+00 8.272205e-02
2.305000e+00 8.250759e-02
2.307500e+00 8.229307e-02
2.310000e+00 8.207851e-02
2.312500e+00 8.186390e-02
2.315000e+00 8.164924e-02
2.317500e+00 8.143453e-02
2.320000e+00 8.121978e-02
2.322500e+00 8.100500e-02
2.325000e+00 8.079017e-02
2.327500e+00 8.057531e-02
2.330000e+00 8.036042e-02
2.332500e+00 8.014550e-02
2.335000e+00 7.993055e-02
2.337500e+00 7.971557e-02
2.340000e+00 7.950057e-02
2.342500e+00 7.928555e-02
2.345000e+00 7.907051e-02
2.347500e+00 7.885546e-02
2.350000e+00 7.864039e-02
2.352500e+00 7.842531e-02
2.355000e+00 7.821022e-02
2.357500e+00 7.799513e-02
2.360000e+00 7.778003e-02
2.362500e+00 7.756493e-02
2.365000e+00 7.734984e-02
2.367500e+00 7.713474e-02
2.370000e+00 7.691965e-02
2.372500e+00 7.670457e-02
2.375000e+00 7.648950e-02
2.377500e+00 7.627445e-02
2.380000e+00 7.605941e-02
2.382500e+00 7.584438e-02
2.385000e+00 7.562938e-02
2.387500e+00 7.541440e-02
2.390000e+00 7.519945e-02
2.392500e+00 7.498453e-02
2.395000e+00 7.476963e-02
2.397500e+00 7.455477e-02
2.400000e+00 7.433995e-02
2.402500e+00 7.412516e-02
2.405000e+00 7.391041e-02
2.407500e+00 7.369571e-02
2.410000e+00 7.348105e-02
2.412500e+00 7.326644e-02
2.415000e+00 7.305188e-02
2.417500e+00 7.283738e-02
2.420000e+00 7.262293e-02
2.422500e+00 7.240853e-02
2.425000e+00 7.219420e-02
2.427500e+00 7.197993e-02
2.430000e+00 7.176573e-02
2.432500e+00 7.155159e-02
2.435000e+00 7.133753e-02
2.437500e+00 7.112354e-02
2.440000e+00 7.090962e-02
2.442500e+00 7.069578e-02
2.445000e+00 7.048203e-02
2.447500e+00 7.026835e-02
2.450000e+00 7.005476e-02
2.452500e+00 6.984126e-02
2.455000e+00 6.962785e-02
2.457500e+00 6.941454e-02
2.460000e+00 6.920132e-02
2.462500e+00 6.898819e-02
2.465000e+00 6.877517e-02
2.467500e+00 6.856225e-02
2.470000e+00 6.834944e-02
2.472500e+00 6.813673e-02
2.475000e+00 6.792414e-02
2.477500e+00 6.771166e-02
2.480000e+00 6.749929e-02
2.482500e+00 6.728705e-02
2.485000e+00 6.707492e-02
2.487500e+00 6.686292e-02
2.490000e+00 6.665104e-02
2.492500e+00 6.643929e-02
2.495000e+00 6.622767e-02
2.497500e+00 6.601619e-02
2.500000e+00 6.580484e-02
2.502500e+00 6.559363e-02
2.505000e+00 6.538255e-02
2.507500e+00 6.517163e-02
2.510000e+00 6.496085e-02
2.512500e+00 6.475021e-02
2.515000e+00 6.453973e-02
2.517500e+00 6.432940e-02
2.520000e+00 6.411922e-02
2.522500e+00 6.390921e-02
2.525000e+00 6.369935e-02
2.527500e+00 6.348966e-02
2.530000e+00 6.328013e-02
2.532500e+00 6.307077e-02
2.535000e+00 6.286158e-02
2.537500e+00 6.265256e-02
2.540000e+00 6.244372e-02
2.542500e+00 6.223505e-02
2.545000e+00 6.202657e-02
2.547500e+00 6.181827e-02
2.550000e+00 6.161015e-02
2.552500e+00 6.140222e-02
2.555000e+00 6.119448e-02
2.557500e+00 6.098693e-02
2.560000e+00 6.077958e-02
2.562500e+00 6.057242e-02
2.565000e+00 6.036546e-02
2.567500e+00 6.015870e-02
2.570000e+00 5.995215e-02
2.572500e+00 5.974580e-02
2.575000e+00 5.953967e-02
2.577500e+00 5.933374e-02
2.580000e+00 5.912803e-02
2.582500e+00 5.892253e-02
2.585000e+00 5.871725e-02
2.587500e+00 5.851219e-02
2.590000e+00 5.830736e-02
2.592500e+00 5.810274e-02
2.595000e+00 5.789836e-02
2.597500e+00 5.769421e-02
2.600000e+00 5.749028e-02
2.602500e+00 5.728660e-02
2.605000e+00 5.708315e-02
2.607500e+00 5.687993e-02
2.610000e+00 5.667696e-02
2.612500e+00 5.647423e-02
2.615000e+00 5.627175e-02
2.617500e+00 5.606952e-02
2.620000e+00 5.586753e-02
2.622500e+00 5.566580e-02
2.625000e+00 5.546432e-02
2.627500e+00 5.526310e-02
2.630000e+00 5.506214e-02
2.632500e+00 5.486144e-02
2.635000e+00 5.466101e-02
2.637500e+00 5.446084e-02
2.640000e+00 5.426093e-02
2.642500e+00 5.406130e-02
2.645000e+00 5.386194e-02
2.647500e+00 5.366285e-02
2.650000e+00 5.346404e-02
2.652500e+00 5.326551e-02
2.655000e+00 5.306725e-02
2.657500e+00 5.286929e-02
2.660000e+00 5.267160e-02
2.662500e+00 5.247420e-02
2.665000e+00 5.227710e-02
2.667500e+00 5.208028e-02
2.670000e+00 5.188375e-02
2.672500e+00 5.168753e-02
2.675000e+00 5.149159e-02
2.677500e+00 5.129596e-02
2.680000e+00 5.110063e-02
2.682500e+00 5.090560e-02
2.685000e+00 5.071088e-02
2.687500e+00 5.051647e-02
2.690000e+00 5.032236e-02
2.692500e+00 5.012857e-02
2.695000e+00 4.993508e-02
2.697500e+00 4.974192e-02
2.700000e+00 4.954907e-02
2.702500e+00 4.935654e-02
2.705000e+00 4.916433e-02
2.707500e+00 4.897244e-02
2.710000e+00 4.878088e-02
2.712500e+00 4.858965e-02
2.715000e+00 4.839874e-02
2.717500e+00 4.820816e-02
2.720000e+00 4.801792e-02
2.722500e+00 4.782801e-02
2.725000e+00 4.763844e-02
2.727500e+00 4.744920e-02
2.730000e+00 4.726030e-02
2.732500e+00 4.707175e-02
2.735000e+00 4.688353e-02
2.737500e+00 4.669567e-02
2.740000e+00 4.650815e-02
2.742500e+00 4.632097e-02
2.745000e+00 4.613415e-02
2.747500e+00 4.594768e-02
2.750000e+00 4.576156e-02
2.752500e+00 4.557580e-02
2.755000e+00 4.539039e-02
2.757500e+00 4.520535e-02
2.760000e+00 4.502066e-02
2.762500e+00 4.483633e-02
2.765000e+00 4.465237e-02
2.767500e+00 4.446878e-02
2.770000e+00 4.428555e-02
2.772500e+00 4.410269e-02
2.775000e+00 4.392019e-02
2.777500e+00 4.373807e-02
2.780000e+00 4.355633e-02
2.782500e+00 4.337495e-02
2.785000e+00 4.319396e-02
2.787500e+00 4.301334e-02
2.790000e+00 4.283310e-02
2.792500e+00 4.265324e-02
2.795000e+00 4.247376e-02
2.797500e+00 4.229467e-02
2.800000e+00 4.211596e-02
2.802500e+00 4.193764e-02
2.805000e+00 4.175970e-02
2.807500e+00 4.158216e-02
2.810000e+00 4.140500e-02
2.812500e+00 4.122824e-02
2.815000e+00 4.105187e-02
2.817500e+00 4.087590e-02
2.820000e+00 4.070032e-02
2.822500e+00 4.052514e-02
2.825000e+00 4.035035e-02
2.827500e+00 4.017597e-02
2.830000e+00 4.000199e-02
2.832500e+00 3.982841e-02
2.835000e+00 3.965524e-02
2.837500e+00 3.948247e-02
2.840000e+00 3.931010e-02
2.842500e+00 3.913815e-02
2.845000e+00 3.896660e-02
2.847500e+00 3.879546e-02
2.850000e+00 3.862474e-02
2.852500e+00 3.845443e-02
2.855000e+00 3.828453e-02
2.857500e+00 3.811504e-02
2.860000e+00 3.794597e-02
2.862500e+00 3.777732e-02
2.865000e+00 3.760908e-02
2.867500e+00 3.744127e-02
2.870000e+00 3.727387e-02
2.872500e+00 3.710689e-02
2.875000e+00 3.694034e-02
2.877500e+00 3.677421e-02
2.880000e+00 3.660851e-02
2.882500e+00 3.644322e-02
2.885000e+00 3.627837e-02
2.887500e+00 3.611394e-02
2.890000e+00 3.594994e-02
2.892500e+00 3.578637e-02
2.895000e+00 3.562323e-02
2.897500e+00 3.546052e-02
2.900000e+00 3.529825e-02
2.902500e+00 3.513640e-02
2.905000e+00 3.497499e-02
2.907500e+00 3.481401e-02
2.910000e+00 3.465347e-02
2.912500e+00 3.449336e-02
2.915000e+00 3.433369e-02
2.917500e+00 3.417446e-02
2.920000e+00 3.401567e-02
2.922500e+00 3.385731e-02
2.925000e+00 3.369940e-02
2.927500e+00 3.354193e-02
2.930000e+00 3.338489e-02
2.932500e+00 3.322830e-02
2.935000e+00 3.307216e-02
2.937500e+00 3.291645e-02
2.940000e+00 3.276119e-02
2.942500e+00 3.260638e-02
2.945000e+00 3.245201e-02
2.947500e+00 3.229809e-02
2.950000e+00 3.214461e-02
2.952500e+00 3.199158e-02
2.955000e+00 3.183900e-02
2.957500e+00 3.168686e-02
2.960000e+00 3.153518e-02
2.962500e+00 3.138395e-02
2.965000e+00 3.123316e-02
2.967500e+00 3.108283e-02
2.970000e+00 3.093294e-02
2.972500e+00 3.078351e-02
2.975000e+00 3.063453e-02
2.977500e+00 3.048601e-02
2.980000e+00 3.033793e-02
2.982500e+00 3.019031e-02
2.985000e+00 3.004315e-02
2.987500e+00 2.989644e-02
2.990000e+00 2.975018e-02
2.992500e+00 2.960438e-02
2.995000e+00 2.945903e-02
2.997500e+00 2.931414e-02
3.000000e+00 2.916970e-02
3.002500e+00 2.902572e-02
3.005000e+00 2.888220e-02
3.007500e+00 2.873914e-02
3.010000e+00 2.859653e-02
3.012500e+00 2.845438e-02
3.015000e+00 2.831269e-02
3.017500e+00 2.817145e-02
3.020000e+00 2.803068e-02
3.022500e+00 2.789036e-02
3.025000e+00 2.775050e-02
3.027500e+00 2.761110e-02
3.030000e+00 2.747216e-02
3.032500e+00 2.733368e-02
3.035000e+00 2.719566e-02
3.037500e+00 2.705810e-02
3.040000e+00 2.692100e-02
3.042500e+00 2.678435e-02
3.045000e+00 2.664817e-02
3.047500e+00 2.651245e-02
3.050000e+00 2.637719e-02
3.052500e+00 2.624239e-02
3.055000e+00 2.610804e-02
3.057500e+00 2.597416e-02
3.060000e+00 2.584074e-02
3.062500e+00 2.570778e-02
3.065000e+00 2.557528e-02
3.067500e+00 2.544324e-02
3.070000e+00 2.531166e-02
3.072500e+00 2.518054e-02
3.075000e+00 2.504988e-02
3.077500e+00 2.491968e-02
3.080000e+00 2.478994e-02
3.082500e+00 2.466066e-02
3.085000e+00 2.453185e-02
3.087500e+00 2.440349e-02
3.090000e+00 2.427559e-02
3.092500e+00 2.414815e-02
3.095000e+00 2.402117e-02
3.097500e+00 2.389465e-02
3.100000e+00 2.376858e-02
3.102500e+00 2.364298e-02
3.105000e+00 2.351784e-02
3.107500e+00 2.339315e-02
3.110000e+00 2.326892e-02
3.112500e+00 2.314516e-02
3.115000e+00 2.302185e-02
3.117500e+00 2.289899e-02
3.120000e+00 2.277660e-02
3.122500e+00 2.265466e-02
3.125000e+00 2.253318e-02
3.127500e+00 2.241215e-02
3.130000e+00 2.229158e-02
3.132500e+00 2.217147e-02
3.135000e+00 2.205181e-02
3.137500e+00 2.193261e-02
3.140000e+00 2.181386e-02
3.142500e+00 2.169557e-02
3.145000e+00 2.157773e-02
3.147500e+00 2.146035e-02
3.150000e+00 2.134342e-02
3.152500e+00 2.122694e-02
3.155000e+00 2.111092e-02
3.157500e+00 2.099534e-02
3.160000e+00 2.088022e-02
3.162500e+00 2.076556e-02
3.165000e+00 2.065134e-02
3.167500e+00 2.053757e-02
3.170000e+00 2.042425e-02
3.172500e+00 2.031139e-02
3.175000e+00 2.019897e-02
3.177500e+00 2.008700e-02
3.180000e+00 1.997548e-02
3.182500e+00 1.986440e-02
3.185000e+00 1.975378e-02
3.187500e+00 1.964360e-02
3.190000e+00 1.953386e-02
3.192500e+00 1.942458e-02
3.195000e+00 1.931573e-02
3.197500e+00 1.920733e-02
3.200000e+00 1.909938e-02
3.202500e+00 1.899187e-02
3.205000e+00 1.888480e-02
3.207500e+00 1.877817e-02
3.210000e+00 1.867199e-02
3.212500e+00 1.856624e-02
3.215000e+00 1.846094e-02
3.217500e+00 1.835607e-02
3.220000e+00 1.825165e-02
3.222500e+00 1.814766e-02
3.225000e+00 1.804411e-02
3.227500e+00 1.794100e-02
3.230000e+00 1.783832e-02
3.232500e+00 1.773608e-02
3.235000e+00 1.763427e-02
3.237500e+00 1.753290e-02
3.240000e+00 1.743196e-02
3.242500e+00 1.733146e-02
3.245000e+00 1.723138e-02
3.247500e+00 1.713174e-02
3.250000e+00 1.703253e-02
3.252500e+00 1.693375e-02
3.255000e+00 1.683539e-02
3.257500e+00 1.673747e-02
3.260000e+00 1.663997e-02
3.262500e+00 1.654290e-02
3.265000e+00 1.644626e-02
3.267500e+00 1.635004e-02
3.270000e+00 1.625424e-02
3.272500e+00 1.615887e-02
3.275000e+00 1.606392e-02
3.277500e+00 1.596939e-02
3.280000e+00 1.587529e-02
3.282500e+00 1.578160e-02
3.285000e+00 1.568834e-02
3.287500e+00 1.559549e-02
3.290000e+00 1.550306e-02
3.292500e+00 1.541105e-02
3.295000e+00 1.531945e-02
3.297500e+00 1.522827e-02
3.300000e+00 1.513750e-02
3.302500e+00 1.504715e-02
3.305000e+00 1.495721e-02
3.307500e+00 1.486768e-02
3.310000e+00 1.477856e-02
3.312500e+00 1.468985e-02
3.315000e+00 1.460155e-02
3.317500e+00 1.451365e-02
3.320000e+00 1.442617e-02
3.322500e+00 1.433909e-02
3.325000e+00 1.425242e-02
3.327500e+00 1.416615e-02
3.330000e+00 1.408028e-02
3.332500e+00 1.399481e-02
3.335000e+00 1.390975e-02
3.337500e+00 1.382509e-02
3.340000e+00 1.374083e-02
3.342500e+00 1.365696e-02
3.345000e+00 1.357349e-02
3.347500e+00 1.349042e-02
3.350000e+00 1.340775e-02
3.352500e+00 1.332547e-02
3.355000e+00 1.324358e-02
3.357500e+00 1.316209e-02
3.360000e+00 1.308098e-02
3.362500e+00 1.300027e-02
3.365000e+00 1.291995e-02
3.367500e+00 1.284001e-02
3.370000e+00 1.276047e-02
3.372500e+00 1.268131e-02
3.375000e+00 1.260253e-02
3.377500e+00 1.252414e-02
3.380000e+00 1.244613e-02
3.382500e+00 1.236851e-02
3.385000e+00 1.229126e-02
3.387500e+00 1.221440e-02
3.390000e+00 1.213791e-02
3.392500e+00 1.206181e-02
3.395000e+00 1.198608e-02
3.397500e+00 1.191073e-02
3.400000e+00 1.183575e-02
3.402500e+00 1.176114e-02
3.405000e+00 1.168691e-02
3.407500e+00 1.161305e-02
3.410000e+00 1.153956e-02
3.412500e+00 1.146644e-02
3.415000e+00 1.139369e-02
3.417500e+00 1.132130e-02
3.420000e+00 1.124929e-02
3.422500e+00 1.117763e-02
3.425000e+00 1.110634e-02
3.427500e+00 1.103542e-02
3.430000e+00 1.096485e-02
3.432500e+00 1.089465e-02
3.435000e+00 1.082481e-02
3.437500e+00 1.075532e-02
3.440000e+00 1.068619e-02
3.442500e+00 1.061742e-02
3.445000e+00 1.054900e-02
3.447500e+00 1.048094e-02
3.450000e+00 1.041323e-02
3.452500e+00 1.034587e-02
3.455000e+00 1.027887e-02
3.457500e+00 1.021221e-02
3.460000e+00 1.014590e-02
3.462500e+00 1.007994e-02
3.465000e+00 1.001432e-02
3.467500e+00 9.949050e-03
3.470000e+00 9.884123e-03
3.472500e+00 9.819539e-03
3.475000e+00 9.755296e-03
3.477500e+00 9.691393e-03
3.480000e+00 9.627830e-03
3.482500e+00 9.564605e-03
3.485000e+00 9.501716e-03
3.487500e+00 9.439164e-03
3.490000e+00 9.376946e-03
3.492500e+00 9.315062e-03
3.495000e+00 9.253510e-03
3.497500e+00 9.192289e-03
3.500000e+00 9.131399e-03
3.502500e+00 9.070837e-03
3.505000e+00 9.010603e-03
3.507500e+00 8.950695e-03
3.510000e+00 8.891113e-03
3.512500e+00 8.831855e-03
3.515000e+00 8.772920e-03
3.517500e+00 8.714307e-03
3.520000e+00 8.656015e-03
3.522500e+00 8.598042e-03
3.525000e+00 8.540388e-03
3.527500e+00 8.483051e-03
3.530000e+00 8.426030e-03
3.532500e+00 8.369323e-03
3.535000e+00 8.312931e-03
3.537500e+00 8.256851e-03
3.540000e+00 8.201083e-03
3.542500e+00 8.145625e-03
3.545000e+00 8.090476e-03
3.547500e+00 8.035634e-03
3.550000e+00 7.981100e-03
3.552500e+00 7.926871e-03
3.555000e+00 7.872946e-03
3.557500e+00 7.819325e-03
3.560000e+00 7.766006e-03
3.562500e+00 7.712987e-03
3.565000e+00 7.660268e-03
3.567500e+00 7.607848e-03
3.570000e+00 7.555725e-03
3.572500e+00 7.503899e-03
3.575000e+00 7.452367e-03
3.577500e+00 7.401129e-03
3.580000e+00 7.350184e-03
3.582500e+00 7.299530e-03
3.585000e+00 7.249167e-03
3.587500e+00 7.199093e-03
3.590000e+00 7.149307e-03
3.592500e+00 7.099808e-03
3.595000e+00 7.050594e-03
3.597500e+00 7.001665e-03
3.600000e+00 6.953020e-03
3.602500e+00 6.904656e-03
3.605000e+00 6.856574e-03
3.607500e+00 6.808772e-03
3.610000e+00 6.761248e-03
3.612500e+00 6.714002e-03
3.615000e+00 6.667032e-03
3.617500e+00 6.620337e-03
3.620000e+00 6.573917e-03
3.622500e+00 6.527769e-03
3.625000e+00 6.481893e-03
3.627500e+00 6.436288e-03
3.630000e+00 6.390952e-03
3.632500e+00 6.345885e-03
3.635000e+00 6.301084e-03
3.637500e+00 6.256550e-03
3.640000e+00 6.212281e-03
3.642500e+00 6.168275e-03
3.645000e+00 6.124532e-03
3.647500e+00 6.081050e-03
3.650000e+00 6.037829e-03
3.652500e+00 5.994867e-03
3.655000e+00 5.952162e-03
3.657500e+00 5.909715e-03
3.660000e+00 5.867523e-03
3.662500e+00 5.825586e-03
3.665000e+00 5.783903e-03
3.667500e+00 5.742472e-03
3.670000e+00 5.701292e-03
3.672500e+00 5.660362e-03
3.675000e+00 5.619681e-03
3.677500e+00 5.579248e-03
3.680000e+00 5.539061e-03
3.682500e+00 5.499120e-03
3.685000e+00 5.459424e-03
3.687500e+00 5.419971e-03
3.690000e+00 5.380760e-03
3.692500e+00 5.341790e-03
3.695000e+00 5.303061e-03
3.697500e+00 5.264570e-03
3.700000e+00 5.226317e-03
3.702500e+00 5.188301e-03
3.705000e+00 5.150520e-03
3.707500e+00 5.112974e-03
3.710000e+00 5.075661e-03
3.712500e+00 5.038580e-03
3.715000e+00 5.001731e-03
3.717500e+00 4.965111e-03
3.720000e+00 4.928721e-03
3.722500e+00 4.892559e-03
3.725000e+00 4.856623e-03
3.727500e+00 4.820913e-03
3.730000e+00 4.785428e-03
3.732500e+00 4.750167e-03
3.735000e+00 4.715127e-03
3.737500e+00 4.680310e-03
3.740000e+00 4.645713e-03
3.742500e+00 4.611335e-03
3.745000e+00 4.577175e-03
3.747500e+00 4.543232e-03
3.750000e+00 4.509506e-03
3.752500e+00 4.475994e-03
3.755000e+00 4.442697e-03
3.757500e+00 4.409612e-03
3.760000e+00 4.376739e-03
3.762500e+00 4.344077e-03
3.765000e+00 4.311625e-03
3.767500e+00 4.279382e-03
3.770000e+00 4.247346e-03
3.772500e+00 4.215517e-03
3.775000e+00 4.183893e-03
3.777500e+00 4.152474e-03
3.780000e+00 4.121259e-03
3.782500e+00 4.090246e-03
3.785000e+00 4.059434e-03
3.787500e+00 4.028823e-03
3.790000e+00 3.998412e-03
3.792500e+00 3.968199e-03
3.795000e+00 3.938183e-03
3.797500e+00 3.908364e-03
3.800000e+00 3.878740e-03
3.802500e+00 3.849310e-03
3.805000e+00 3.820074e-03
3.807500e+00 3.791030e-03
3.810000e+00 3.762177e-03
3.812500e+00 3.733515e-03
3.815000e+00 3.705042e-03
3.817500e+00 3.676758e-03
3.820000e+00 3.648661e-03
3.822500e+00 3.620750e-03
3.825000e+00 3.593025e-03
3.827500e+00 3.565485e-03
3.830000e+00 3.538127e-03
3.832500e+00 3.510953e-03
3.835000e+00 3.483959e-03
3.837500e+00 3.457147e-03
3.840000e+00 3.430514e-03
3.842500e+00 3.404059e-03
3.845000e+00 3.377783e-03
3.847500e+00 3.351683e-03
3.850000e+00 3.325758e-03
3.852500e+00 3.300009e-03
3.855000e+00 3.274433e-03
3.857500e+00 3.249031e-03
3.860000e+00 3.223800e-03
3.862500e+00 3.198741e-03
3.865000e+00 3.173852e-03
3.867500e+00 3.149131e-03
3.870000e+00 3.124580e-03
3.872500e+00 3.100195e-03
3.875000e+00 3.075977e-03
3.877500e+00 3.051924e-03
3.880000e+00 3.028036e-03
3.882500e+00 3.004312e-03
3.885000e+00 2.980750e-03
3.887500e+00 2.957351e-03
3.890000e+00 2.934112e-03
3.892500e+00 2.911034e-03
3.895000e+00 2.888114e-03
3.897500e+00 2.865353e-03
3.900000e+00 2.842749e-03
3.902500e+00 2.820302e-03
3.905000e+00 2.798010e-03
3.907500e+00 2.775873e-03
3.910000e+00 2.753890e-03
3.912500e+00 2.732060e-03
3.915000e+00 2.710382e-03
3.917500e+00 2.688856e-03
3.920000e+00 2.667480e-03
3.922500e+00 2.646253e-03
3.925000e+00 2.625175e-03
3.927500e+00 2.604245e-03
3.930000e+00 2.583461e-03
3.932500e+00 2.562824e-03
3.935000e+00 2.542332e-03
3.937500e+00 2.521985e-03
3.940000e+00 2.501781e-03
3.942500e+00 2.481720e-03
3.945000e+00 2.461801e-03
3.947500e+00 2.442023e-03
3.950000e+00 2.422385e-03
3.952500e+00 2.402887e-03
3.955000e+00 2.383527e-03
3.957500e+00 2.364305e-03
3.960000e+00 2.345221e-03
3.962500e+00 2.326272e-03
3.965000e+00 2.307459e-03
3.967500e+00 2.288780e-03
3.970000e+00 2.270236e-03
3.972500e+00 2.251824e-03
3.975000e+00 2.233544e-03
3.977500e+00 2.215396e-03
3.980000e+00 2.197379e-03
3.982500e+00 2.179491e-03
3.985000e+00 2.161732e-03
3.987500e+00 2.144102e-03
3.990000e+00 2.126599e-03
3.992500e+00 2.109223e-03
3.995000e+00 2.091973e-03
3.997500e+00 2.074848e-03
4.000000e+00 2.057848e-03
4.002500e+00 2.040971e-03
4.005000e+00 2.024218e-03
4.007500e+00 2.007586e-03
4.010000e+00 1.991076e-03
4.012500e+00 1.974687e-03
4.015000e+00 1.958418e-03
4.017500e+00 1.942268e-03
4.020000e+00 1.926236e-03
4.022500e+00 1.910322e-03
4.025000e+00 1.894526e-03
4.027500e+00 1.878845e-03
4.030000e+00 1.863280e-03
4.032500e+00 1.847830e-03
4.035000e+00 1.832495e-03
4.037500e+00 1.817272e-03
4.040000e+00 1.802163e-03
4.042500e+00 1.787165e-03
4.045000e+00 1.772279e-03
4.047500e+00 1.757504e-03
4.050000e+00 1.742838e-03
4.052500e+00 1.728282e-03
4.055000e+00 1.713834e-03
4.057500e+00 1.699494e-03
4.060000e+00 1.685262e-03
4.062500e+00 1.671136e-03
4.065000e+00 1.657115e-03
4.067500e+00 1.643200e-03
4.070000e+00 1.629390e-03
4.072500e+00 1.615683e-03
4.075000e+00 1.602079e-03
4.077500e+00 1.588578e-03
4.080000e+00 1.575179e-03
4.082500e+00 1.561881e-03
4.085000e+00 1.548684e-03
4.087500e+00 1.535586e-03
4.090000e+00 1.522588e-03
4.092500e+00 1.509688e-03
4.095000e+00 1.496887e-03
4.097500e+00 1.484182e-03
4.100000e+00 1.471575e-03
4.102500e+00 1.459063e-03
4.105000e+00 1.446647e-03
4.107500e+00 1.434326e-03
4.110000e+00 1.422099e-03
4.112500e+00 1.409966e-03
4.115000e+00 1.397925e-03
4.117500e+00 1.385977e-03
4.120000e+00 1.374121e-03
4.122500e+00 1.362356e-03
4.125000e+00 1.350681e-03
4.127500e+00 1.339097e-03
4.130000e+00 1.327601e-03
4.132500e+00 1.316195e-03
4.135000e+00 1.304877e-03
4.137500e+00 1.293646e-03
4.140000e+00 1.282503e-03
4.142500e+00 1.271445e-03
4.145000e+00 1.260474e-03
4.147500e+00 1.249588e-03
4.150000e+00 1.238787e-03
4.152500e+00 1.228070e-03
4.155000e+00 1.217436e-03
4.157500e+00 1.206886e-03
4.160000e+00 1.196417e-03
4.162500e+00 1.186031e-03
4.165000e+00 1.175726e-03
4.167500e+00 1.165502e-03
4.170000e+00 1.155359e-03
4.172500e+00 1.145294e-03
4.175000e+00 1.135310e-03
4.177500e+00 1.125403e-03
4.180000e+00 1.115575e-03
4.182500e+00 1.105824e-03
4.185000e+00 1.096151e-03
4.187500e+00 1.086554e-03
4.190000e+00 1.077033e-03
4.192500e+00 1.067587e-03
4.195000e+00 1.058216e-03
4.197500e+00 1.048920e-03
4.200000e+00 1.039697e-03
4.202500e+00 1.030548e-03
4.205000e+00 1.021472e-03
4.207500e+00 1.012468e-03
4.210000e+00 1.003536e-03
4.212500e+00 9.946759e-04
4.215000e+00 9.858862e-04
4.217500e+00 9.771669e-04
4.220000e+00 9.685176e-04
4.222500e+00 9.599376e-04
4.225000e+00 9.514266e-04
4.227500e+00 9.429840e-04
4.230000e+00 9.346093e-04
4.232500e+00 9.263021e-04
4.235000e+00 9.180620e-04
4.237500e+00 9.098884e-04
4.240000e+00 9.017808e-04
4.242500e+00 8.937388e-04
4.245000e+00 8.857620e-04
4.247500e+00 8.778498e-04
4.250000e+00 8.700019e-04
4.252500e+00 8.622177e-04
4.255000e+00 8.544968e-04
4.257500e+00 8.468387e-04
4.260000e+00 8.392431e-04
4.262500e+00 8.317094e-04
4.265000e+00 8.242372e-04
4.267500e+00 8.168261e-04
4.270000e+00 8.094756e-04
4.272500e+00 8.021853e-04
4.275000e+00 7.949548e-04
4.277500e+00 7.877836e-04
4.280000e+00 7.806713e-04
4.282500e+00 7.736175e-04
4.285000e+00 7.666218e-04
4.287500e+00 7.596837e-04
4.290000e+00 7.528028e-04
4.292500e+00 7.459787e-04
4.295000e+00 7.392111e-04
4.297500e+00 7.324993e-04
4.300000e+00 7.258432e-04
4.302500e+00 7.192422e-04
4.305000e+00 7.126960e-04
4.307500e+00 7.062042e-04
4.310000e+00 6.997663e-04
4.312500e+00 6.933820e-04
4.315000e+00 6.870508e-04
4.317500e+00 6.807725e-04
4.320000e+00 6.745465e-04
4.322500e+00 6.683725e-04
4.325000e+00 6.622502e-04
4.327500e+00 6.561791e-04
4.330000e+00 6.501589e-04
4.332500e+00 6.441891e-04
4.335000e+00 6.382695e-04
4.337500e+00 6.323996e-04
4.340000e+00 6.265790e-04
4.342500e+00 6.208075e-04
4.345000e+00 6.150846e-04
4.347500e+00 6.094099e-04
4.350000e+00 6.037832e-04
4.352500e+00 5.982040e-04
4.355000e+00 5.926720e-04
4.357500e+00 5.871869e-04
4.360000e+00 5.817482e-04
4.362500e+00 5.763557e-04
4.365000e+00 5.710089e-04
4.367500e+00 5.657076e-04
4.370000e+00 5.604514e-04
4.372500e+00 5.552400e-04
4.375000e+00 5.500730e-04
4.377500e+00 5.449500e-04
4.380000e+00 5.398709e-04
4.382500e+00 5.348351e-04
4.385000e+00 5.298424e-04
4.387500e+00 5.248924e-04
4.390000e+00 5.199849e-04
4.392500e+00 5.151195e-04
4.395000e+00 5.102959e-04
4.397500e+00 5.055138e-04
4.400000e+00 5.007728e-04
4.402500e+00 4.960726e-04
4.405000e+00 4.914129e-04
4.407500e+00 4.867934e-04
4.410000e+00 4.822139e-04
4.412500e+00 4.776739e-04
4.415000e+00 4.731732e-04
4.417500e+00 4.687115e-04
4.420000e+00 4.642884e-04
4.422500e+00 4.599037e-04
4.425000e+00 4.555571e-04
4.427500e+00 4.512483e-04
4.430000e+00 4.469770e-04
4.432500e+00 4.427428e-04
4.435000e+00 4.385456e-04
4.437500e+00 4.343850e-04
4.440000e+00 4.302607e-04
4.442500e+00 4.261724e-04
4.445000e+00 4.221200e-04
4.447500e+00 4.181030e-04
4.450000e+00 4.141212e-04
4.452500e+00 4.101743e-04
4.455000e+00 4.062621e-04
4.457500e+00 4.023843e-04
4.460000e+00 3.985406e-04
4.462500e+00 3.947307e-04
4.465000e+00 3.909544e-04
4.467500e+00 3.872114e-04
4.470000e+00 3.835014e-04
4.472500e+00 3.798242e-04
4.475000e+00 3.761795e-04
4.477500e+00 3.725671e-04
4.480000e+00 3.689867e-04
4.482500e+00 3.654381e-04
4.485000e+00 3.619209e-04
4.487500e+00 3.584350e-04
4.490000e+00 3.549801e-04
4.492500e+00 3.515559e-04
4.495000e+00 3.481622e-04
4.497500e+00 3.447988e-04
4.500000e+00 3.414654e-04
4.502500e+00 3.381617e-04
4.505000e+00 3.348876e-04
4.507500e+00 3.316428e-04
4.510000e+00 3.284270e-04
4.512500e+00 3.252401e-04
4.515000e+00 3.220817e-04
4.517500e+00 3.189517e-04
4.520000e+00 3.158498e-04
4.522500e+00 3.127758e-04
4.525000e+00 3.097295e-04
4.527500e+00 3.067106e-04
4.530000e+00 3.037190e-04
4.532500e+00 3.007543e-04
4.535000e+00 2.978165e-04
4.537500e+00 2.949052e-04
4.540000e+00 2.920202e-04
4.542500e+00 2.891614e-04
4.545000e+00 2.863284e-04
4.547500e+00 2.835212e-04
4.550000e+00 2.807395e-04
4.552500e+00 2.779830e-04
4.555000e+00 2.752517e-04
4.557500e+00 2.725452e-04
4.560000e+00 2.698633e-04
4.562500e+00 2.672059e-04
4.565000e+00 2.645728e-04
4.567500e+00 2.619637e-04
4.570000e+00 2.593785e-04
4.572500e+00 2.568169e-04
4.575000e+00 2.542788e-04
4.577500e+00 2.517639e-04
4.580000e+00 2.492721e-04
4.582500e+00 2.468032e-04
4.585000e+00 2.443570e-04
4.587500e+00 2.419333e-04
4.590000e+00 2.395319e-04
4.592500e+00 2.371526e-04
4.595000e+00 2.347953e-04
4.597500e+00 2.324597e-04
4.600000e+00 2.301457e-04
4.602500e+00 2.278531e-04
4.605000e+00 2.255817e-04
4.607500e+00 2.233313e-04
4.610000e+00 2.211018e-04
4.612500e+00 2.188930e-04
4.615000e+00 2.167046e-04
4.617500e+00 2.145366e-04
4.620000e+00 2.123888e-04
4.622500e+00 2.102610e-04
4.625000e+00 2.081529e-04
4.627500e+00 2.060645e-04
4.630000e+00 2.039956e-04
4.632500e+00 2.019461e-04
4.635000e+00 1.999156e-04
4.637500e+00 1.979042e-04
4.640000e+00 1.959116e-04
4.642500e+00 1.939377e-04
4.645000e+00 1.919823e-04
4.647500e+00 1.900452e-04
4.650000e+00 1.881263e-04
4.652500e+00 1.862255e-04
4.655000e+00 1.843425e-04
4.657500e+00 1.824773e-04
4.660000e+00 1.806296e-04
4.662500e+00 1.787994e-04
4.665000e+00 1.769864e-04
4.667500e+00 1.751906e-04
4.670000e+00 1.734117e-04
4.672500e+00 1.716497e-04
4.675000e+00 1.699043e-04
4.677500e+00 1.681755e-04
4.680000e+00 1.664631e-04
4.682500e+00 1.647670e-04
4.685000e+00 1.630869e-04
4.687500e+00 1.614229e-04
4.690000e+00 1.597746e-04
4.692500e+00 1.581421e-04
4.695000e+00 1.565251e-04
4.697500e+00 1.549236e-04
4.700000e+00 1.533373e-04
4.702500e+00 1.517662e-04
4.705000e+00 1.502101e-04
4.707500e+00 1.486689e-04
4.710000e+00 1.471425e-04
4.712500e+00 1.456307e-04
4.715000e+00 1.441334e-04
4.717500e+00 1.426505e-04
4.720000e+00 1.411818e-04
4.722500e+00 1.397272e-04
4.725000e+00 1.382867e-04
4.727500e+00 1.368600e-04
4.730000e+00 1.354470e-04
4.732500e+00 1.340477e-04
4.735000e+00 1.326619e-04
4.737500e+00 1.312895e-04
4.740000e+00 1.299304e-04
4.742500e+00 1.285844e-04
4.745000e+00 1.272514e-04
4.747500e+00 1.259314e-04
4.750000e+00 1.246242e-04
4.752500e+00 1.233296e-04
4.755000e+00 1.220477e-04
4.757500e+00 1.207782e-04
4.760000e+00 1.195210e-04
4.762500e+00 1.182761e-04
4.765000e+00 1.170433e-04
4.767500e+00 1.158226e-04
4.770000e+00 1.146137e-04
4.772500e+00 1.134167e-04
4.775000e+00 1.122314e-04
4.777500e+00 1.110577e-04
4.780000e+00 1.098954e-04
4.782500e+00 1.087446e-04
4.785000e+00 1.076050e-04
4.787500e+00 1.064766e-04
4.790000e+00 1.053593e-04
4.792500e+00 1.042530e-04
4.795000e+00 1.031576e-04
4.797500e+00 1.020729e-04
4.800000e+00 1.009990e-04
4.802500e+00 9.993559e-05
4.805000e+00 9.888271e-05
4.807500e+00 9.784023e-05
4.810000e+00 9.680804e-05
4.812500e+00 9.578607e-05
4.815000e+00 9.477421e-05
4.817500e+00 9.377237e-05
4.820000e+00 9.278047e-05
4.822500e+00 9.179840e-05
4.825000e+00 9.082608e-05
4.827500e+00 8.986343e-05
4.830000e+00 8.891034e-05
4.832500e+00 8.796674e-05
4.835000e+00 8.703254e-05
4.837500e+00 8.610764e-05
4.840000e+00 8.519197e-05
4.842500e+00 8.428544e-05
4.845000e+00 8.338797e-05
4.847500e+00 8.249946e-05
4.850000e+00 8.161985e-05
4.852500e+00 8.074903e-05
4.855000e+00 7.988695e-05
4.857500e+00 7.903350e-05
4.860000e+00 7.818862e-05
4.862500e+00 7.735223e-05
4.865000e+00 7.652424e-05
4.867500e+00 7.570457e-05
4.870000e+00 7.489316e-05
4.872500e+00 7.408991e-05
4.875000e+00 7.329476e-05
4.877500e+00 7.250764e-05
4.880000e+00 7.172845e-05
4.882500e+00 7.095714e-05
4.885000e+00 7.019363e-05
4.887500e+00 6.943784e-05
4.890000e+00 6.868970e-05
4.892500e+00 6.794914e-05
4.895000e+00 6.721609e-05
4.897500e+00 6.649048e-05
4.900000e+00 6.577223e-05
4.902500e+00 6.506129e-05
4.905000e+00 6.435757e-05
4.907500e+00 6.366102e-05
4.910000e+00 6.297156e-05
4.912500e+00 6.228913e-05
4.915000e+00 6.161365e-05
4.917500e+00 6.094507e-05
4.920000e+00 6.028332e-05
4.922500e+00 5.962834e-05
4.925000e+00 5.898005e-05
4.927500e+00 5.833840e-05
4.930000e+00 5.770333e-05
4.932500e+00 5.707476e-05
4.935000e+00 5.645265e-05
4.937500e+00 5.583692e-05
4.940000e+00 5.522751e-05
4.942500e+00 5.462438e-05
4.945000e+00 5.402744e-05
4.947500e+00 5.343666e-05
4.950000e+00 5.285196e-05
4.952500e+00 5.227329e-05
4.955000e+00 5.170059e-05
4.957500e+00 5.113381e-05
4.960000e+00 5.057288e-05
4.962500e+00 5.001776e-05
4.965000e+00 4.946838e-05
4.967500e+00 4.892468e-05
4.970000e+00 4.838663e-05
4.972500e+00 4.785415e-05
4.975000e+00 4.732720e-05
4.977500e+00 4.680572e-05
4.980000e+00 4.628967e-05
4.982500e+00 4.577898e-05
4.985000e+00 4.527361e-05
4.987500e+00 4.477350e-05
4.990000e+00 4.427860e-05
4.992500e+00 4.378886e-05
4.995000e+00 4.330424e-05
4.997500e+00 4.282468e-05
5.000000e+00 4.235013e-05
5.002500e+00 4.188055e-05
5.005000e+00 4.141588e-05
5.007500e+00 4.095608e-05
5.010000e+00 4.050110e-05
5.012500e+00 4.005090e-05
5.015000e+00 3.960541e-05
5.017500e+00 3.916461e-05
5.020000e+00 3.872845e-05
5.022500e+00 3.829687e-05
5.025000e+00 3.786983e-05
5.027500e+00 3.744730e-05
5.030000e+00 3.702922e-05
5.032500e+00 3.661554e-05
5.035000e+00 3.620624e-05
5.037500e+00 3.580126e-05
5.040000e+00 3.540056e-05
5.042500e+00 3.500410e-05
5.045000e+00 3.461184e-05
5.047500e+00 3.422374e-05
5.050000e+00 3.383974e-05
5.052500e+00 3.345983e-05
5.055000e+00 3.308394e-05
5.057500e+00 3.271205e-05
5.060000e+00 3.234411e-05
5.062500e+00 3.198009e-05
5.065000e+00 3.161994e-05
5.067500e+00 3.126363e-05
5.070000e+00 3.091112e-05
5.072500e+00 3.056237e-05
5.075000e+00 3.021734e-05
5.077500e+00 2.987599e-05
5.080000e+00 2.953830e-05
5.082500e+00 2.920422e-05
5.085000e+00 2.887371e-05
5.087500e+00 2.854675e-05
5.090000e+00 2.822329e-05
5.092500e+00 2.790330e-05
5.095000e+00 2.758675e-05
5.097500e+00 2.727359e-05
5.100000e+00 2.696381e-05
5.102500e+00 2.665735e-05
5.105000e+00 2.635419e-05
5.107500e+00 2.605430e-05
5.110000e+00 2.575764e-05
5.112500e+00 2.546418e-05
5.115000e+00 2.517389e-05
5.117500e+00 2.488673e-05
5.120000e+00 2.460268e-05
5.122500e+00 2.432170e-05
5.125000e+00 2.404376e-05
5.127500e+00 2.376883e-05
5.130000e+00 2.349688e-05
5.132500e+00 2.322788e-05
5.135000e+00 2.296180e-05
5.137500e+00 2.269861e-05
5.140000e+00 2.243828e-05
5.142500e+00 2.218078e-05
5.145000e+00 2.192608e-05
5.147500e+00 2.167415e-05
5.150000e+00 2.142497e-05
5.152500e+00 2.117851e-05
5.155000e+00 2.093474e-05
5.157500e+00 2.069362e-05
5.160000e+00 2.045515e-05
5.162500e+00 2.021927e-05
5.165000e+00 1.998598e-05
5.167500e+00 1.975525e-05
5.170000e+00 1.952704e-05
5.172500e+00 1.930133e-05
5.175000e+00 1.907810e-05
5.177500e+00 1.885732e-05
5.180000e+00 1.863897e-05
5.182500e+00 1.842301e-05
5.185000e+00 1.820943e-05
5.187500e+00 1.799820e-05
5.190000e+00 1.778930e-05
5.192500e+00 1.758270e-05
5.195000e+00 1.737837e-05
5.197500e+00 1.717631e-05
5.200000e+00 1.697647e-05
5.202500e+00 1.677884e-05
5.205000e+00 1.658340e-05
5.207500e+00 1.639012e-05
5.210000e+00 1.619898e-05
5.212500e+00 1.600996e-05
5.215000e+00 1.582303e-05
5.217500e+00 1.563818e-05
5.220000e+00 1.545537e-05
5.222500e+00 1.527460e-05
5.225000e+00 1.509584e-05
5.227500e+00 1.491907e-05
5.230000e+00 1.474427e-05
5.232500e+00 1.457141e-05
5.235000e+00 1.440047e-05
5.237500e+00 1.423145e-05
5.240000e+00 1.406431e-05
5.242500e+00 1.389904e-05
5.245000e+00 1.373561e-05
5.247500e+00 1.357401e-05
5.250000e+00 1.341422e-05
5.252500e+00 1.325622e-05
5.255000e+00 1.309999e-05
5.257500e+00 1.294551e-05
5.260000e+00 1.279276e-05
5.262500e+00 1.264173e-05
5.265000e+00 1.249239e-05
5.267500e+00 1.234473e-05
5.270000e+00 1.219873e-05
5.272500e+00 1.205438e-05
5.275000e+00 1.191165e-05
5.277500e+00 1.177053e-05
5.280000e+00 1.163100e-05
5.282500e+00 1.149305e-05
5.285000e+00 1.135665e-05
5.287500e+00 1.122179e-05
5.290000e+00 1.108846e-05
5.292500e+00 1.095664e-05
5.295000e+00 1.082630e-05
5.297500e+00 1.069745e-05
5.300000e+00 1.057005e-05
5.302500e+00 1.044410e-05
5.305000e+00 1.031958e-05
5.307500e+00 1.019648e-05
5.310000e+00 1.007477e-05
5.312500e+00 9.954444e-06
5.315000e+00 9.835489e-06
5.317500e+00 9.717888e-06
5.320000e+00 9.601626e-06
5.322500e+00 9.486690e-06
5.325000e+00 9.373065e-06
5.327500e+00 9.260736e-06
5.330000e+00 9.149691e-06
5.332500e+00 9.039914e-06
5.335000e+00 8.931393e-06
5.337500e+00 8.824114e-06
5.340000e+00 8.718062e-06
5.342500e+00 8.613226e-06
5.345000e+00 8.509592e-06
5.347500e+00 8.407146e-06
5.350000e+00 8.305876e-06
5.352500e+00 8.205770e-06
5.355000e+00 8.106814e-06
5.357500e+00 8.008996e-06
5.360000e+00 7.912303e-06
5.362500e+00 7.816724e-06
5.365000e+00 7.722246e-06
5.367500e+00 7.628857e-06
5.370000e+00 7.536546e-06
5.372500e+00 7.445300e-06
5.375000e+00 7.355108e-06
5.377500e+00 7.265959e-06
5.380000e+00 7.177840e-06
5.382500e+00 7.090742e-06
5.385000e+00 7.004651e-06
5.387500e+00 6.919559e-06
5.390000e+00 6.835452e-06
5.392500e+00 6.752322e-06
5.395000e+00 6.670156e-06
5.397500e+00 6.588945e-06
5.400000e+00 6.508678e-06
5.402500e+00 6.429344e-06
5.405000e+00 6.350933e-06
5.407500e+00 6.273436e-06
5.410000e+00 6.196841e-06
5.412500e+00 6.121139e-06
5.415000e+00 6.046321e-06
5.417500e+00 5.972375e-06
5.420000e+00 5.899294e-06
5.422500e+00 5.827066e-06
5.425000e+00 5.755683e-06
5.427500e+00 5.685135e-06
5.430000e+00 5.615414e-06
5.432500e+00 5.546509e-06
5.435000e+00 5.478412e-06
5.437500e+00 5.411114e-06
5.440000e+00 5.344606e-06
5.442500e+00 5.278878e-06
5.445000e+00 5.213923e-06
5.447500e+00 5.149732e-06
5.450000e+00 5.086297e-06
5.452500e+00 5.023608e-06
5.455000e+00 4.961657e-06
5.457500e+00 4.900437e-06
5.460000e+00 4.839939e-06
5.462500e+00 4.780155e-06
5.465000e+00 4.721076e-06
5.467500e+00 4.662696e-06
5.470000e+00 4.605006e-06
5.472500e+00 4.547999e-06
5.475000e+00 4.491667e-06
5.477500e+00 4.436001e-06
5.480000e+00 4.380996e-06
5.482500e+00 4.326642e-06
5.485000e+00 4.272934e-06
5.487500e+00 4.219863e-06
5.490000e+00 4.167423e-06
5.492500e+00 4.115607e-06
5.495000e+00 4.064406e-06
5.497500e+00 4.013815e-06
5.500000e+00 3.963827e-06
5.502500e+00 3.914434e-06
5.505000e+00 3.865630e-06
5.507500e+00 3.817408e-06
5.510000e+00 3.769762e-06
5.512500e+00 3.722685e-06
5.515000e+00 3.676171e-06
5.517500e+00 3.630213e-06
5.520000e+00 3.584805e-06
5.522500e+00 3.539940e-06
5.525000e+00 3.495613e-06
5.527500e+00 3.451818e-06
5.530000e+00 3.408547e-06
5.532500e+00 3.365796e-06
5.535000e+00 3.323559e-06
5.537500e+00 3.281829e-06
5.540000e+00 3.240601e-06
5.542500e+00 3.199868e-06
5.545000e+00 3.159626e-06
5.547500e+00 3.119869e-06
5.550000e+00 3.080591e-06
5.552500e+00 3.041786e-06
5.555000e+00 3.003450e-06
5.557500e+00 2.965576e-06
5.560000e+00 2.928160e-06
5.562500e+00 2.891197e-06
5.565000e+00 2.854680e-06
5.567500e+00 2.818605e-06
5.570000e+00 2.782967e-06
5.572500e+00 2.747761e-06
5.575000e+00 2.712981e-06
5.577500e+00 2.678624e-06
5.580000e+00 2.644683e-06
5.582500e+00 2.611155e-06
5.585000e+00 2.578034e-06
5.587500e+00 2.545315e-06
5.590000e+00 2.512995e-06
5.592500e+00 2.481068e-06
5.595000e+00 2.449530e-06
5.597500e+00 2.418377e-06
5.600000e+00 2.387603e-06
5.602500e+00 2.357204e-06
5.605000e+00 2.327177e-06
5.607500e+00 2.297517e-06
5.610000e+00 2.268219e-06
5.612500e+00 2.239279e-06
5.615000e+00 2.210693e-06
5.617500e+00 2.182458e-06
5.620000e+00 2.154568e-06
5.622500e+00 2.127020e-06
5.625000e+00 2.099810e-06
5.627500e+00 2.072934e-06
5.630000e+00 2.046388e-06
5.632500e+00 2.020168e-06
5.635000e+00 1.994270e-06
5.637500e+00 1.968691e-06
5.640000e+00 1.943427e-06
5.642500e+00 1.918474e-06
5.645000e+00 1.893828e-06
5.647500e+00 1.869486e-06
5.650000e+00 1.845445e-06
5.652500e+00 1.821700e-06
5.655000e+00 1.798248e-06
5.657500e+00 1.775086e-06
5.660000e+00 1.752211e-06
5.662500e+00 1.729618e-06
5.665000e+00 1.707305e-06
5.667500e+00 1.685269e-06
5.670000e+00 1.663505e-06
5.672500e+00 1.642011e-06
5.675000e+00 1.620784e-06
5.677500e+00 1.599821e-06
5.680000e+00 1.579118e-06
5.682500e+00 1.558672e-06
5.685000e+00 1.538480e-06
5.687500e+00 1.518540e-06
5.690000e+00 1.498848e-06
5.692500e+00 1.479401e-06
5.695000e+00 1.460196e-06
5.697500e+00 1.441231e-06
5.700000e+00 1.422502e-06
5.702500e+00 1.404008e-06
5.705000e+00 1.385744e-06
5.707500e+00 1.367709e-06
5.710000e+00 1.349899e-06
5.712500e+00 1.332312e-06
5.715000e+00 1.314945e-06
5.717500e+00 1.297795e-06
5.720000e+00 1.280861e-06
5.722500e+00 1.264139e-06
5.725000e+00 1.247626e-06
5.727500e+00 1.231321e-06
5.730000e+00 1.215221e-06
5.732500e+00 1.199323e-06
5.735000e+00 1.183625e-06
5.737500e+00 1.168125e-06
5.740000e+00 1.152820e-06
5.742500e+00 1.137707e-06
5.745000e+00 1.122785e-06
5.747500e+00 1.108051e-06
5.750000e+00 1.093503e-06
5.752500e+00 1.079139e-06
5.755000e+00 1.064956e-06
5.757500e+00 1.050953e-06
5.760000e+00 1.037126e-06
5.762500e+00 1.023474e-06
5.765000e+00 1.009996e-06
5.767500e+00 9.966876e-07
5.770000e+00 9.835482e-07
5.772500e+00 9.705754e-07
5.775000e+00 9.577672e-07
5.777500e+00 9.451216e-07
5.780000e+00 9.326366e-07
5.782500e+00 9.203103e-07
5.785000e+00 9.081407e-07
5.787500e+00 8.961260e-07
5.790000e+00 8.842642e-07
5.792500e+00 8.725534e-07
5.795000e+00 8.609919e-07
5.797500e+00 8.495778e-07
5.800000e+00 8.383094e-07
5.802500e+00 8.271848e-07
5.805000e+00 8.162022e-07
5.807500e+00 8.053600e-07
5.810000e+00 7.946564e-07
5.812500e+00 7.840898e-07
5.815000e+00 7.736584e-07
5.817500e+00 7.633605e-07
5.820000e+00 7.531947e-07
5.822500e+00 7.431591e-07
5.825000e+00 7.332523e-07
5.827500e+00 7.234727e-07
5.830000e+00 7.138186e-07
5.832500e+00 7.042886e-07
5.835000e+00 6.948811e-07
5.837500e+00 6.855946e-07
5.840000e+00 6.764276e-07
5.842500e+00 6.673787e-07
5.845000e+00 6.584463e-07
5.847500e+00 6.496291e-07
5.850000e+00 6.409256e-07
5.852500e+00 6.323344e-07
5.855000e+00 6.238541e-07
5.857500e+00 6.154834e-07
5.860000e+00 6.072209e-07
5.862500e+00 5.990652e-07
5.865000e+00 5.910151e-07
5.867500e+00 5.830692e-07
5.870000e+00 5.752262e-07
5.872500e+00 5.674849e-07
5.875000e+00 5.598439e-07
5.877500e+00 5.523021e-07
5.880000e+00 5.448582e-07
5.882500e+00 5.375110e-07
5.885000e+00 5.302592e-07
5.887500e+00 5.231018e-07
5.890000e+00 5.160374e-07
5.892500e+00 5.090650e-07
5.895000e+00 5.021835e-07
5.897500e+00 4.953915e-07
5.900000e+00 4.886882e-07
5.902500e+00 4.820722e-07
5.905000e+00 4.755426e-07
5.907500e+00 4.690983e-07
5.910000e+00 4.627382e-07
5.912500e+00 4.564612e-07
5.915000e+00 4.502663e-07
5.917500e+00 4.441525e-07
5.920000e+00 4.381187e-07
5.922500e+00 4.321639e-07
5.925000e+00 4.262873e-07
5.927500e+00 4.204876e-07
5.930000e+00 4.147641e-07
5.932500e+00 4.091157e-07
5.935000e+00 4.035415e-07
5.937500e+00 3.980405e-07
5.940000e+00 3.926119e-07
5.942500e+00 3.872547e-07
5.945000e+00 3.819680e-07
5.947500e+00 3.767510e-07
5.950000e+00 3.716026e-07
5.952500e+00 3.665222e-07
5.955000e+00 3.615087e-07
5.957500e+00 3.565615e-07
5.960000e+00 3.516795e-07
5.962500e+00 3.468621e-07
5.965000e+00 3.421083e-07
5.967500e+00 3.374174e-07
5.970000e+00 3.327885e-07
5.972500e+00 3.282210e-07
5.975000e+00 3.237139e-07
5.977500e+00 3.192666e-07
5.980000e+00 3.148782e-07
5.982500e+00 3.105481e-07
5.985000e+00 3.062754e-07
5.987500e+00 3.020595e-07
5.990000e+00 2.978996e-07
5.992500e+00 2.937950e-07
5.995000e+00 2.897450e-07
5.997500e+00 2.857489e-07
6.000000e+00 2.818060e-07
6.002500e+00 2.779157e-07
6.005000e+00 2.740772e-07
6.007500e+00 2.702899e-07
6.010000e+00 2.665531e-07
6.012500e+00 2.628662e-07
6.015000e+00 2.592285e-07
6.017500e+00 2.556395e-07
6.020000e+00 2.520984e-07
6.022500e+00 2.486048e-07
6.025000e+00 2.451578e-07
6.027500e+00 2.417571e-07
6.030000e+00 2.384019e-07
6.032500e+00 2.350917e-07
6.035000e+00 2.318259e-07
6.037500e+00 2.286039e-07
6.040000e+00 2.254251e-07
6.042500e+00 2.222891e-07
6.045000e+00 2.191952e-07
6.047500e+00 2.161429e-07
6.050000e+00 2.131317e-07
6.052500e+00 2.101610e-07
6.055000e+00 2.072303e-07
6.057500e+00 2.043392e-07
6.060000e+00 2.014869e-07
6.062500e+00 1.986732e-07
6.065000e+00 1.958974e-07
6.067500e+00 1.931592e-07
6.070000e+00 1.904579e-07
6.072500e+00 1.877931e-07
6.075000e+00 1.851643e-07
6.077500e+00 1.825711e-07
6.080000e+00 1.800131e-07
6.082500e+00 1.774896e-07
6.085000e+00 1.750004e-07
6.087500e+00 1.725449e-07
6.090000e+00 1.701227e-07
6.092500e+00 1.677334e-07
6.095000e+00 1.653765e-07
6.097500e+00 1.630517e-07
6.100000e+00 1.607584e-07
6.102500e+00 1.584964e-07
6.105000e+00 1.562651e-07
6.107500e+00 1.540642e-07
6.110000e+00 1.518932e-07
6.112500e+00 1.497519e-07
6.115000e+00 1.476397e-07
6.117500e+00 1.455563e-07
6.120000e+00 1.435014e-07
6.122500e+00 1.414746e-07
6.125000e+00 1.394754e-07
6.127500e+00 1.375035e-07
6.130000e+00 1.355587e-07
6.132500e+00 1.336404e-07
6.135000e+00 1.317484e-07
6.137500e+00 1.298823e-07
6.140000e+00 1.280417e-07
6.142500e+00 1.262264e-07
6.145000e+00 1.244360e-07
6.147500e+00 1.226702e-07
6.150000e+00 1.209286e-07
6.152500e+00 1.192109e-07
6.155000e+00 1.175169e-07
6.157500e+00 1.158461e-07
6.160000e+00 1.141983e-07
6.162500e+00 1.125732e-07
6.165000e+00 1.109705e-07
6.167500e+00 1.093899e-07
6.170000e+00 1.078310e-07
6.172500e+00 1.062937e-07
6.175000e+00 1.047775e-07
6.177500e+00 1.032823e-07
6.180000e+00 1.018078e-07
6.182500e+00 1.003536e-07
6.185000e+00 9.891953e-08
6.187500e+00 9.750530e-08
6.190000e+00 9.611064e-08
6.192500e+00 9.473529e-08
6.195000e+00 9.337900e-08
6.197500e+00 9.204151e-08
6.200000e+00 9.072256e-08
6.202500e+00 8.942191e-08
6.205000e+00 8.813932e-08
6.207500e+00 8.687454e-08
6.210000e+00 8.562734e-08
6.212500e+00 8.439747e-08
6.215000e+00 8.318471e-08
6.217500e+00 8.198882e-08
6.220000e+00 8.080959e-08
6.222500e+00 7.964678e-08
6.225000e+00 7.850017e-08
6.227500e+00 7.736955e-08
6.230000e+00 7.625471e-08
6.232500e+00 7.515542e-08
6.235000e+00 7.407149e-08
6.237500e+00 7.300269e-08
6.240000e+00 7.194884e-08
6.242500e+00 7.090972e-08
6.245000e+00 6.988514e-08
6.247500e+00 6.887490e-08
6.250000e+00 6.787882e-08
6.252500e+00 6.689668e-08
6.255000e+00 6.592832e-08
6.257500e+00 6.497354e-08
6.260000e+00 6.403215e-08
6.262500e+00 6.310398e-08
6.265000e+00 6.218885e-08
6.267500e+00 6.128658e-08
6.270000e+00 6.039699e-08
6.272500e+00 5.951992e-08
6.275000e+00 5.865519e-08
6.277500e+00 5.780263e-08
6.280000e+00 5.696209e-08
6.282500e+00 5.613339e-08
6.285000e+00 5.531638e-08
6.287500e+00 5.451089e-08
6.290000e+00 5.371677e-08
6.292500e+00 5.293387e-08
6.295000e+00 5.216202e-08
6.297500e+00 5.140109e-08
6.300000e+00 5.065092e-08
6.302500e+00 4.991136e-08
6.305000e+00 4.918227e-08
6.307500e+00 4.846350e-08
6.310000e+00 4.775492e-08
6.312500e+00 4.705639e-08
6.315000e+00 4.636776e-08
6.317500e+00 4.568890e-08
6.320000e+00 4.501968e-08
6.322500e+00 4.435997e-08
6.325000e+00 4.370962e-08
6.327500e+00 4.306853e-08
6.330000e+00 4.243655e-08
6.332500e+00 4.181357e-08
6.335000e+00 4.119946e-08
6.337500e+00 4.059409e-08
6.340000e+00 3.999735e-08
6.342500e+00 3.940912e-08
6.345000e+00 3.882929e-08
6.347500e+00 3.825772e-08
6.350000e+00 3.769432e-08
6.352500e+00 3.713896e-08
6.355000e+00 3.659155e-08
6.357500e+00 3.605196e-08
6.360000e+00 3.552009e-08
6.362500e+00 3.499583e-08
6.365000e+00 3.447907e-08
6.367500e+00 3.396973e-08
6.370000e+00 3.346768e-08
6.372500e+00 3.297283e-08
6.375000e+00 3.248508e-08
6.377500e+00 3.200433e-08
6.380000e+00 3.153049e-08
6.382500e+00 3.106345e-08
6.385000e+00 3.060313e-08
6.387500e+00 3.014942e-08
6.390000e+00 2.970224e-08
6.392500e+00 2.926150e-08
6.395000e+00 2.882711e-08
6.397500e+00 2.839898e-08
6.400000e+00 2.797702e-08
6.402500e+00 2.756114e-08
6.405000e+00 2.715126e-08
6.407500e+00 2.674730e-08
6.410000e+00 2.634917e-08
6.412500e+00 2.595680e-08
6.415000e+00 2.557010e-08
6.417500e+00 2.518899e-08
6.420000e+00 2.481340e-08
6.422500e+00 2.444324e-08
6.425000e+00 2.407844e-08
6.427500e+00 2.371893e-08
6.430000e+00 2.336463e-08
6.432500e+00 2.301547e-08
6.435000e+00 2.267138e-08
6.437500e+00 2.233228e-08
6.440000e+00 2.199810e-08
6.442500e+00 2.166878e-08
6.445000e+00 2.134425e-08
6.447500e+00 2.102444e-08
6.450000e+00 2.070928e-08
6.452500e+00 2.039871e-08
6.455000e+00 2.009267e-08
6.457500e+00 1.979108e-08
6.460000e+00 1.949389e-08
6.462500e+00 1.920103e-08
6.465000e+00 1.891245e-08
6.467500e+00 1.862808e-08
6.470000e+00 1.834786e-08
6.472500e+00 1.807174e-08
6.475000e+00 1.779966e-08
6.477500e+00 1.753155e-08
6.480000e+00 1.726737e-08
6.482500e+00 1.700705e-08
6.485000e+00 1.675055e-08
6.487500e+00 1.649780e-08
6.490000e+00 1.624876e-08
6.492500e+00 1.600338e-08
6.495000e+00 1.576159e-08
6.497500e+00 1.552335e-08
6.500000e+00 1.528862e-08
6.502500e+00 1.505733e-08
6.505000e+00 1.482944e-08
6.507500e+00 1.460490e-08
6.510000e+00 1.438367e-08
6.512500e+00 1.416569e-08
6.515000e+00 1.395092e-08
6.517500e+00 1.373932e-08
6.520000e+00 1.353084e-08
6.522500e+00 1.332543e-08
6.525000e+00 1.312305e-08
6.527500e+00 1.292366e-08
6.530000e+00 1.272722e-08
6.532500e+00 1.253367e-08
6.535000e+00 1.234299e-08
6.537500e+00 1.215513e-08
6.540000e+00 1.197004e-08
6.542500e+00 1.178770e-08
6.545000e+00 1.160806e-08
6.547500e+00 1.143108e-08
6.550000e+00 1.125672e-08
6.552500e+00 1.108494e-08
6.555000e+00 1.091572e-08
6.557500e+00 1.074901e-08
6.560000e+00 1.058477e-08
6.562500e+00 1.042297e-08
6.565000e+00 1.026358e-08
6.567500e+00 1.010656e-08
6.570000e+00 9.951872e-09
6.572500e+00 9.799488e-09
6.575000e+00 9.649372e-09
6.577500e+00 9.501493e-09
6.580000e+00 9.355818e-09
6.582500e+00 9.212315e-09
6.585000e+00 9.070953e-09
6.587500e+00 8.931700e-09
6.590000e+00 8.794526e-09
6.592500e+00 8.659401e-09
6.595000e+00 8.526296e-09
6.597500e+00 8.395181e-09
6.600000e+00 8.266026e-09
6.602500e+00 8.138805e-09
6.605000e+00 8.013488e-09
6.607500e+00 7.890048e-09
6.610000e+00 7.768458e-09
6.612500e+00 7.648690e-09
6.615000e+00 7.530719e-09
6.617500e+00 7.414518e-09
6.620000e+00 7.300062e-09
6.622500e+00 7.187324e-09
6.625000e+00 7.076280e-09
6.627500e+00 6.966905e-09
6.630000e+00 6.859175e-09
6.632500e+00 6.753066e-09
6.635000e+00 6.648555e-09
6.637500e+00 6.545617e-09
6.640000e+00 6.444229e-09
6.642500e+00 6.344370e-09
6.645000e+00 6.246017e-09
6.647500e+00 6.149147e-09
6.650000e+00 6.053740e-09
6.652500e+00 5.959773e-09
6.655000e+00 5.867225e-09
6.657500e+00 5.776076e-09
6.660000e+00 5.686305e-09
6.662500e+00 5.597892e-09
6.665000e+00 5.510817e-09
6.667500e+00 5.425060e-09
6.670000e+00 5.340603e-09
6.672500e+00 5.257425e-09
6.675000e+00 5.175507e-09
6.677500e+00 5.094833e-09
6.680000e+00 5.015382e-09
6.682500e+00 4.937138e-09
6.685000e+00 4.860081e-09
6.687500e+00 4.784196e-09
6.690000e+00 4.709464e-09
6.692500e+00 4.635868e-09
6.695000e+00 4.563392e-09
6.697500e+00 4.492019e-09
6.700000e+00 4.421733e-09
6.702500e+00 4.352518e-09
6.705000e+00 4.284357e-09
6.707500e+00 4.217236e-09
6.710000e+00 4.151138e-09
6.712500e+00 4.086050e-09
6.715000e+00 4.021954e-09
6.717500e+00 3.958838e-09
6.720000e+00 3.896687e-09
6.722500e+00 3.835485e-09
6.725000e+00 3.775220e-09
6.727500e+00 3.715877e-09
6.730000e+00 3.657442e-09
6.732500e+00 3.599902e-09
6.735000e+00 3.543243e-09
6.737500e+00 3.487453e-09
6.740000e+00 3.432518e-09
6.742500e+00 3.378426e-09
6.745000e+00 3.325165e-09
6.747500e+00 3.272721e-09
6.750000e+00 3.221083e-09
6.752500e+00 3.170238e-09
6.755000e+00 3.120175e-09
6.757500e+00 3.070882e-09
6.760000e+00 3.022347e-09
6.762500e+00 2.974560e-09
6.765000e+00 2.927508e-09
6.767500e+00 2.881182e-09
6.770000e+00 2.835569e-09
6.772500e+00 2.790660e-09
6.775000e+00 2.746444e-09
6.777500e+00 2.702911e-09
6.780000e+00 2.660049e-09
6.782500e+00 2.617850e-09
6.785000e+00 2.576302e-09
6.787500e+00 2.535397e-09
6.790000e+00 2.495125e-09
6.792500e+00 2.455476e-09
6.795000e+00 2.416441e-09
6.797500e+00 2.378010e-09
6.800000e+00 2.340175e-09
6.802500e+00 2.302926e-09
6.805000e+00 2.266255e-09
6.807500e+00 2.230153e-09
6.810000e+00 2.194611e-09
6.812500e+00 2.159621e-09
6.815000e+00 2.125174e-09
6.817500e+00 2.091263e-09
6.820000e+00 2.057879e-09
6.822500e+00 2.025014e-09
6.825000e+00 1.992661e-09
6.827500e+00 1.960811e-09
6.830000e+00 1.929457e-09
6.832500e+00 1.898592e-09
6.835000e+00 1.868208e-09
6.837500e+00 1.838297e-09
6.840000e+00 1.808854e-09
6.842500e+00 1.779869e-09
6.845000e+00 1.751337e-09
6.847500e+00 1.723251e-09
6.850000e+00 1.695604e-09
6.852500e+00 1.668389e-09
6.855000e+00 1.641599e-09
6.857500e+00 1.615229e-09
6.860000e+00 1.589271e-09
6.862500e+00 1.563720e-09
6.865000e+00 1.538569e-09
6.867500e+00 1.513812e-09
6.870000e+00 1.489444e-09
6.872500e+00 1.465457e-09
6.875000e+00 1.441847e-09
6.877500e+00 1.418608e-09
6.880000e+00 1.395733e-09
6.882500e+00 1.373218e-09
6.885000e+00 1.351056e-09
6.887500e+00 1.329244e-09
6.890000e+00 1.307774e-09
6.892500e+00 1.286642e-09
6.895000e+00 1.265843e-09
6.897500e+00 1.245371e-09
6.900000e+00 1.225222e-09
6.902500e+00 1.205390e-09
6.905000e+00 1.185871e-09
6.907500e+00 1.166660e-09
6.910000e+00 1.147752e-09
6.912500e+00 1.129143e-09
6.915000e+00 1.110827e-09
6.917500e+00 1.092801e-09
6.920000e+00 1.075060e-09
6.922500e+00 1.057599e-09
6.925000e+00 1.040415e-09
6.927500e+00 1.023502e-09
6.930000e+00 1.006857e-09
6.932500e+00 9.904759e-10
6.935000e+00 9.743541e-10
6.937500e+00 9.584879e-10
6.940000e+00 9.428732e-10
6.942500e+00 9.275062e-10
6.945000e+00 9.123831e-10
6.947500e+00 8.975000e-10
6.950000e+00 8.828532e-10
6.952500e+00 8.684391e-10
6.955000e+00 8.542540e-10
6.957500e+00 8.402945e-10
6.960000e+00 8.265569e-10
6.962500e+00 8.130379e-10
6.965000e+00 7.997341e-10
6.967500e+00 7.866421e-10
6.970000e+00 7.737586e-10
6.972500e+00 7.610804e-10
6.975000e+00 7.486042e-10
6.977500e+00 7.363270e-10
6.980000e+00 7.242456e-10
6.982500e+00 7.123570e-10
6.985000e+00 7.006582e-10
6.987500e+00 6.891461e-10
6.990000e+00 6.778179e-10
6.992500e+00 6.666708e-10
6.995000e+00 6.557018e-10
6.997500e+00 6.449082e-10
7.000000e+00 6.342872e-10
7.002500e+00 6.238362e-10
7.005000e+00 6.135525e-10
7.007500e+00 6.034334e-10
7.010000e+00 5.934764e-10
7.012500e+00 5.836790e-10
7.015000e+00 5.740386e-10
7.017500e+00 5.645527e-10
7.020000e+00 5.552189e-10
7.022500e+00 5.460349e-10
7.025000e+00 5.369983e-10
7.027500e+00 5.281068e-10
7.030000e+00 5.193580e-10
7.032500e+00 5.107497e-10
7.035000e+00 5.022798e-10
7.037500e+00 4.939460e-10
7.040000e+00 4.857461e-10
7.042500e+00 4.776781e-10
7.045000e+00 4.697400e-10
7.047500e+00 4.619295e-10
7.050000e+00 4.542447e-10
7.052500e+00 4.466837e-10
7.055000e+00 4.392444e-10
7.057500e+00 4.319249e-10
7.060000e+00 4.247234e-10
7.062500e+00 4.176379e-10
7.065000e+00 4.106666e-10
7.067500e+00 4.038077e-10
7.070000e+00 3.970595e-10
7.072500e+00 3.904201e-10
7.075000e+00 3.838878e-10
7.077500e+00 3.774609e-10
7.080000e+00 3.711377e-10
7.082500e+00 3.649166e-10
7.085000e+00 3.587960e-10
7.087500e+00 3.527742e-10
7.090000e+00 3.468497e-10
7.092500e+00 3.410208e-10
7.095000e+00 3.352862e-10
7.097500e+00 3.296442e-10
7.100000e+00 3.240934e-10
7.102500e+00 3.186324e-10
7.105000e+00 3.132596e-10
7.107500e+00 3.079737e-10
7.110000e+00 3.027732e-10
7.112500e+00 2.976568e-10
7.115000e+00 2.926232e-10
7.117500e+00 2.876710e-10
7.120000e+00 2.827989e-10
7.122500e+00 2.780056e-10
7.125000e+00 2.732898e-10
7.127500e+00 2.686503e-10
7.130000e+00 2.640858e-10
7.132500e+00 2.595952e-10
7.135000e+00 2.551771e-10
7.137500e+00 2.508306e-10
7.140000e+00 2.465543e-10
7.142500e+00 2.423472e-10
7.145000e+00 2.382082e-10
7.147500e+00 2.341360e-10
7.150000e+00 2.301297e-10
7.152500e+00 2.261882e-10
7.155000e+00 2.223103e-10
7.157500e+00 2.184951e-10
7.160000e+00 2.147416e-10
7.162500e+00 2.110486e-10
7.165000e+00 2.074153e-10
7.167500e+00 2.038407e-10
7.170000e+00 2.003238e-10
7.172500e+00 1.968636e-10
7.175000e+00 1.934592e-10
7.177500e+00 1.901097e-10
7.180000e+00 1.868142e-10
7.182500e+00 1.835717e-10
7.185000e+00 1.803815e-10
7.187500e+00 1.772427e-10
7.190000e+00 1.741543e-10
7.192500e+00 1.711156e-10
7.195000e+00 1.681257e-10
7.197500e+00 1.651839e-10
7.200000e+00 1.622892e-10
7.202500e+00 1.594410e-10
7.205000e+00 1.566385e-10
7.207500e+00 1.538808e-10
7.210000e+00 1.511673e-10
7.212500e+00 1.484972e-10
7.215000e+00 1.458697e-10
7.217500e+00 1.432842e-10
7.220000e+00 1.407399e-10
7.222500e+00 1.382362e-10
7.225000e+00 1.357723e-10
7.227500e+00 1.333476e-10
7.230000e+00 1.309614e-10
7.232500e+00 1.286130e-10
7.235000e+00 1.263018e-10
7.237500e+00 1.240272e-10
7.240000e+00 1.217886e-10
7.242500e+00 1.195853e-10
7.245000e+00 1.174166e-10
7.247500e+00 1.152821e-10
7.250000e+00 1.131811e-10
7.252500e+00 1.111131e-10
7.255000e+00 1.090774e-10
7.257500e+00 1.070735e-10
7.260000e+00 1.051009e-10
7.262500e+00 1.031589e-10
7.265000e+00 1.012471e-10
7.267500e+00 9.936495e-11
7.270000e+00 9.751188e-11
7.272500e+00 9.568740e-11
7.275000e+00 9.389098e-11
7.277500e+00 9.212214e-11
7.280000e+00 9.038037e-11
7.282500e+00 8.866519e-11
7.285000e+00 8.697611e-11
7.287500e+00 8.531268e-11
7.290000e+00 8.367441e-11
7.292500e+00 8.206085e-11
7.295000e+00 8.047154e-11
7.297500e+00 7.890604e-11
7.300000e+00 7.736391e-11
7.302500e+00 7.584471e-11
7.305000e+00 7.434801e-11
7.307500e+00 7.287340e-11
7.310000e+00 7.142045e-11
7.312500e+00 6.998876e-11
7.315000e+00 6.857791e-11
7.317500e+00 6.718752e-11
7.320000e+00 6.581718e-11
7.322500e+00 6.446651e-11
7.325000e+00 6.313512e-11
7.327500e+00 6.182264e-11
7.330000e+00 6.052869e-11
7.332500e+00 5.925291e-11
7.335000e+00 5.799492e-11
7.337500e+00 5.675438e-11
7.340000e+00 5.553093e-11
7.342500e+00 5.432421e-11
7.345000e+00 5.313389e-11
7.347500e+00 5.195963e-11
7.350000e+00 5.080108e-11
7.352500e+00 4.965792e-11
7.355000e+00 4.852981e-11
7.357500e+00 4.741644e-11
7.360000e+00 4.631748e-11
7.362500e+00 4.523262e-11
7.365000e+00 4.416155e-11
7.367500e+00 4.310395e-11
7.370000e+00 4.205953e-11
7.372500e+00 4.102798e-11
7.375000e+00 4.000900e-11
7.377500e+00 3.900230e-11
7.380000e+00 3.800759e-11
7.382500e+00 3.702458e-11
7.385000e+00 3.605299e-11
7.387500e+00 3.509253e-11
7.390000e+00 3.414292e-11
7.392500e+00 3.320389e-11
7.395000e+00 3.227517e-11
7.397500e+00 3.135648e-11
7.400000e+00 3.044756e-11
7.402500e+00 2.954815e-11
7.405000e+00 2.865798e-11
7.407500e+00 2.777678e-11
7.410000e+00 2.690431e-11
7.412500e+00 2.604031e-11
7.415000e+00 2.518452e-11
7.417500e+00 2.433670e-11
7.420000e+00 2.349659e-11
7.422500e+00 2.266396e-11
7.425000e+00 2.183855e-11
7.427500e+00 2.102011e-11
7.430000e+00 2.020843e-11
7.432500e+00 1.940324e-11
7.435000e+00 1.860431e-11
7.437500e+00 1.781142e-11
7.440000e+00 1.702432e-11
7.442500e+00 1.624278e-11
7.445000e+00 1.546658e-11
7.447500e+00 1.469547e-11
7.450000e+00 1.392924e-11
7.452500e+00 1.316765e-11
7.455000e+00 1.241048e-11
7.457500e+00 1.165751e-11
7.460000e+00 1.090850e-11
7.462500e+00 1.016324e-11
7.465000e+00 9.421511e-12
7.467500e+00 8.683082e-12
7.470000e+00 7.947737e-12
7.472500e+00 7.215255e-12
7.475000e+00 6.485418e-12
7.477500e+00 5.758007e-12
7.480000e+00 5.032804e-12
7.482500e+00 4.309593e-12
7.485000e+00 3.588155e-12
7.487500e+00 2.868275e-12
7.490000e+00 2.149735e-12
7.492500e+00 1.432320e-12
7.495000e+00 7.158137e-13
7.497500e+00 3.888915e-105
