-4.000000e+00 6.184607e-08
-3.950000e+00 9.203313e-08
-3.900000e+00 1.362714e-07
-3.850000e+00 2.007677e-07
-3.800000e+00 2.943144e-07
-3.750000e+00 4.292968e-07
-3.700000e+00 6.230636e-07
-3.650000e+00 8.997785e-07
-3.600000e+00 1.292907e-06
-3.550000e+00 1.848535e-06
-3.500000e+00 2.629762e-06
-3.450000e+00 3.722492e-06
-3.400000e+00 5.242997e-06
-3.350000e+00 7.347744e-06
-3.300000e+00 1.024606e-05
-3.250000e+00 1.421636e-05
-3.200000e+00 1.962675e-05
-3.150000e+00 2.696105e-05
-3.100000e+00 3.685139e-05
-3.050000e+00 5.011866e-05
-3.000000e+00 6.782246e-05
-2.950000e+00 9.132215e-05
-2.900000e+00 1.223509e-04
-2.850000e+00 1.631049e-04
-2.800000e+00 2.163491e-04
-2.750000e+00 2.855432e-04
-2.700000e+00 3.749877e-04
-2.650000e+00 4.899941e-04
-2.600000e+00 6.370788e-04
-2.550000e+00 8.241836e-04
-2.500000e+00 1.060922e-03
-2.450000e+00 1.358849e-03
-2.400000e+00 1.731760e-03
-2.350000e+00 2.196001e-03
-2.300000e+00 2.770805e-03
-2.250000e+00 3.478628e-03
-2.200000e+00 4.345488e-03
-2.150000e+00 5.401291e-03
-2.100000e+00 6.680134e-03
-2.050000e+00 8.220558e-03
-2.000000e+00 1.006574e-02
-1.950000e+00 1.226363e-02
-1.900000e+00 1.486691e-02
-1.850000e+00 1.793292e-02
-1.800000e+00 2.152334e-02
-1.750000e+00 2.570378e-02
-1.700000e+00 3.054308e-02
-1.650000e+00 3.611246e-02
-1.600000e+00 4.248445e-02
-1.550000e+00 4.973148e-02
-1.500000e+00 5.792436e-02
-1.450000e+00 6.713047e-02
-1.400000e+00 7.741171e-02
-1.350000e+00 8.882233e-02
-1.300000e+00 1.014066e-01
-1.250000e+00 1.151963e-01
-1.200000e+00 1.302086e-01
-1.150000e+00 1.464433e-01
-1.100000e+00 1.638806e-01
-1.050000e+00 1.824795e-01
-1.000000e+00 2.021759e-01
-9.500000e-01 2.228810e-01
-9.000000e-01 2.444811e-01
-8.500000e-01 2.668370e-01
-8.000000e-01 2.897846e-01
-7.500000e-01 3.131361e-01
-7.000000e-01 3.366817e-01
-6.500000e-01 3.601923e-01
-6.000000e-01 3.834227e-01
-5.500000e-01 4.061157e-01
-5.000000e-01 4.280064e-01
-4.500000e-01 4.488272e-01
-4.000000e-01 4.683136e-01
-3.500000e-01 4.862087e-01
-3.000000e-01 5.022701e-01
-2.500000e-01 5.162742e-01
-2.000000e-01 5.280221e-01
-1.500000e-01 5.373438e-01
-1.000000e-01 5.441027e-01
-5.000000e-02 5.481988e-01
0.000000e+00 5.495710e-01
5.000000e-02 5.481988e-01
1.000000e-01 5.441027e-01
1.500000e-01 5.373438e-01
2.000000e-01 5.280221e-01
2.500000e-01 5.162742e-01
3.000000e-01 5.022701e-01
3.500000e-01 4.862087e-01
4.000000e-01 4.683136e-01
4.500000e-01 4.488272e-01
5.000000e-01 4.280064e-01
5.500000e-01 4.061157e-01
6.000000e-01 3.834227e-01
6.500000e-01 3.601923e-01
7.000000e-01 3.366817e-01
7.500000e-01 3.131361e-01
8.000000e-01 2.897846e-01
8.500000e-01 2.668370e-01
9.000000e-01 2.444811e-01
9.500000e-01 2.228810e-01
1.000000e+00 2.021759e-01
1.050000e+00 1.824795e-01
1.100000e+00 1.638806e-01
1.150000e+00 1.464433e-01
1.200000e+00 1.302086e-01
1.250000e+00 1.151963e-01
1.300000e+00 1.014066e-01
1.350000e+00 8.882233e-02
1.400000e+00 7.741171e-02
1.450000e+00 6.713047e-02
1.500000e+00 5.792436e-02
1.550000e+00 4.973148e-02
1.600000e+00 4.248445e-02
1.650000e+00 3.611246e-02
1.700000e+00 3.054308e-02
1.750000e+00 2.570378e-02
1.800000e+00 2.152334e-02
1.850000e+00 1.793292e-02
1.900000e+00 1.486691e-02
1.950000e+00 1.226363e-02
2.000000e+00 1.006574e-02
2.050000e+00 8.220558e-03
2.100000e+00 6.680134e-03
2.150000e+00 5.401291e-03
2.200000e+00 4.345488e-03
2.250000e+00 3.478628e-03
2.300000e+00 2.770805e-03
2.350000e+00 2.196001e-03
2.400000e+00 1.731760e-03
2.450000e+00 1.358849e-03
2.500000e+00 1.060922e-03
2.550000e+00 8.241836e-04
2.600000e+00 6.370788e-04
2.650000e+00 4.899941e-04
2.700000e+00 3.749877e-04
2.750000e+00 2.855432e-04
2.800000e+00 2.163491e-04
2.850000e+00 1.631049e-04
2.900000e+00 1.223509e-04
2.950000e+00 9.132215e-05
3.000000e+00 6.782246e-05
3.050000e+00 5.011866e-05
3.100000e+00 3.685139e-05
3.150000e+00 2.696105e-05
3.200000e+00 1.962675e-05
3.250000e+00 1.421636e-05
3.300000e+00 1.024606e-05
3.350000e+00 7.347744e-06
3.400000e+00 5.242997e-06
3.450000e+00 3.722492e-06
3.500000e+00 2.629762e-06
3.550000e+00 1.848535e-06
3.600000e+00 1.292907e-06
3.650000e+00 8.997785e-07
3.700000e+00 6.230636e-07
3.750000e+00 4.292968e-07
3.800000e+00 2.943144e-07
3.850000e+00 2.007677e-07
3.900000e+00 1.362714e-07
3.950000e+00 9.203313e-08
