    0.0400    0.9242    0.9242    1.3071
    0.0800    0.9244    0.9244    1.3073
    0.1200    0.9245    0.9245    1.3074
    0.1600    0.9246    0.9246    1.3076
    0.2000    0.9247    0.9247    1.3078
    0.2400    0.9246    0.9246    1.3076
    0.2800    0.9240    0.9240    1.3067
    0.3200    0.9229    0.9229    1.3052
    0.3600    0.9214    0.9214    1.3030
    0.4000    0.9194    0.9194    1.3002
    0.4400    0.9169    0.9169    1.2967
    0.4800    0.9140    0.9140    1.2926
    0.5200    0.9107    0.9107    1.2879
    0.5600    0.9070    0.9070    1.2826
    0.6000    0.9028    0.9028    1.2768
    0.6400    0.8983    0.8983    1.2705
    0.6800    0.8935    0.8935    1.2636
    0.7200    0.8884    0.8884    1.2563
    0.7600    0.8829    0.8829    1.2486
    0.8000    0.8772    0.8772    1.2406
    0.8400    0.8713    0.8713    1.2322
    0.8800    0.8651    0.8651    1.2235
    0.9200    0.8589    0.8589    1.2146
    0.9600    0.8524    0.8524    1.2055
    1.0000    0.8459    0.8459    1.1963
    1.0400    0.8394    0.8394    1.1871
    1.0800    0.8328    0.8328    1.1778
    1.1200    0.8263    0.8263    1.1686
    1.1600    0.8199    0.8199    1.1595
    1.2000    0.8136    0.8136    1.1506
    1.2400    0.8074    0.8074    1.1419
    1.2800    0.8015    0.8015    1.1335
    1.3200    0.7958    0.7958    1.1255
    1.3600    0.7904    0.7904    1.1179
    1.4000    0.7854    0.7854    1.1107
    1.4400    0.7807    0.7807    1.1041
    1.4800    0.7765    0.7765    1.0981
    1.5200    0.7727    0.7727    1.0927
    1.5600    0.7693    0.7693    1.0880
    1.6000    0.7665    0.7665    1.0840
    1.6400    0.7642    0.7642    1.0808
    1.6800    0.7625    0.7625    1.0783
    1.7200    0.7613    0.7613    1.0766
    1.7600    0.7607    0.7607    1.0758
    1.8000    0.7607    0.7607    1.0757
    1.8400    0.7612    0.7612    1.0765
    1.8800    0.7623    0.7623    1.0781
    1.9200    0.7640    0.7640    1.0805
    1.9600    0.7663    0.7663    1.0837
    2.0000    0.7690    0.7690    1.0876
    2.0400    0.7723    0.7723    1.0922
    2.0800    0.7761    0.7761    1.0976
    2.1200    0.7803    0.7803    1.1035
    2.1600    0.7849    0.7849    1.1101
    2.2000    0.7899    0.7899    1.1172
    2.2400    0.7953    0.7953    1.1247
    2.2800    0.8009    0.8009    1.1327
    2.3200    0.8069    0.8069    1.1411
    2.3600    0.8130    0.8130    1.1497
    2.4000    0.8193    0.8193    1.1586
    2.4400    0.8257    0.8257    1.1677
    2.4800    0.8322    0.8322    1.1769
    2.5200    0.8388    0.8388    1.1862
    2.5600    0.8453    0.8453    1.1955
    2.6000    0.8518    0.8518    1.2047
    2.6400    0.8583    0.8583    1.2138
    2.6800    0.8646    0.8646    1.2227
    2.7200    0.8707    0.8707    1.2314
    2.7600    0.8767    0.8767    1.2398
    2.8000    0.8824    0.8824    1.2479
    2.8400    0.8879    0.8879    1.2556
    2.8800    0.8931    0.8931    1.2630
    2.9200    0.8979    0.8979    1.2699
    2.9600    0.9024    0.9024    1.2762
    3.0000    0.9066    0.9066    1.2821
    3.0400    0.9104    0.9104    1.2875
    3.0800    0.9137    0.9137    1.2922
    3.1200    0.9167    0.9167    1.2964
    3.1600    0.9192    0.9192    1.2999
    3.2000    0.9212    0.9212    1.3028
    3.2400    0.9228    0.9228    1.3051
    3.2800    0.9239    0.9239    1.3067
    3.3200    0.9246    0.9246    1.3076
    3.3600    0.9248    0.9248    1.3078
    3.4000    0.9245    0.9245    1.3074
    3.4400    0.9237    0.9237    1.3063
    3.4800    0.9224    0.9224    1.3045
    3.5200    0.9207    0.9207    1.3021
    3.5600    0.9186    0.9186    1.2990
    3.6000    0.9159    0.9159    1.2953
    3.6400    0.9129    0.9129    1.2910
    3.6800    0.9094    0.9094    1.2861
    3.7200    0.9055    0.9055    1.2806
    3.7600    0.9013    0.9013    1.2746
    3.8000    0.8967    0.8967    1.2681
    3.8400    0.8917    0.8917    1.2611
    3.8800    0.8865    0.8865    1.2536
    3.9200    0.8809    0.8809    1.2458
    3.9600    0.8751    0.8751    1.2376
    4.0000    0.8691    0.8691    1.2291
    4.0400    0.8629    0.8629    1.2204
    4.0800    0.8566    0.8566    1.2114
    4.1200    0.8501    0.8501    1.2023
    4.1600    0.8436    0.8436    1.1931
    4.2000    0.8371    0.8371    1.1838
    4.2400    0.8305    0.8305    1.1745
    4.2800    0.8240    0.8240    1.1653
    4.3200    0.8176    0.8176    1.1563
    4.3600    0.8114    0.8114    1.1475
    4.4000    0.8053    0.8053    1.1389
    4.4400    0.7995    0.7995    1.1306
    4.4800    0.7939    0.7939    1.1227
    4.5200    0.7886    0.7886    1.1153
    4.5600    0.7837    0.7837    1.1083
    4.6000    0.7792    0.7792    1.1019
    4.6400    0.7751    0.7751    1.0961
    4.6800    0.7714    0.7714    1.0910
    4.7200    0.7683    0.7683    1.0865
    4.7600    0.7656    0.7656    1.0828
    4.8000    0.7635    0.7635    1.0798
    4.8400    0.7620    0.7620    1.0776
    4.8800    0.7610    0.7610    1.0762
    4.9200    0.7606    0.7606    1.0756
    4.9600    0.7608    0.7608    1.0759
    5.0000    0.7615    0.7615    1.0769
    5.0400    0.7628    0.7628    1.0788
    5.0800    0.7647    0.7647    1.0815
    5.1200    0.7672    0.7672    1.0849
    5.1600    0.7701    0.7701    1.0891
    5.2000    0.7736    0.7736    1.0940
    5.2400    0.7775    0.7775    1.0996
    5.2800    0.7819    0.7819    1.1057
    5.3200    0.7866    0.7866    1.1125
    5.3600    0.7918    0.7918    1.1197
    5.4000    0.7972    0.7972    1.1275
    5.4400    0.8030    0.8030    1.1356
    5.4800    0.8090    0.8090    1.1441
    5.5200    0.8152    0.8152    1.1528
    5.5600    0.8215    0.8215    1.1618
    5.6000    0.8280    0.8280    1.1710
    5.6400    0.8345    0.8345    1.1802
    5.6800    0.8411    0.8411    1.1895
    5.7200    0.8476    0.8476    1.1987
    5.7600    0.8541    0.8541    1.2079
    5.8000    0.8605    0.8605    1.2169
    5.8400    0.8668    0.8668    1.2258
    5.8800    0.8729    0.8729    1.2344
    5.9200    0.8787    0.8787    1.2427
    5.9600    0.8844    0.8844    1.2507
    6.0000    0.8898    0.8898    1.2583
    6.0400    0.8948    0.8948    1.2655
    6.0800    0.8996    0.8996    1.2722
    6.1200    0.9040    0.9040    1.2784
    6.1600    0.9080    0.9080    1.2841
    6.2000    0.9116    0.9116    1.2892
    6.2400    0.9149    0.9149    1.2938
    6.2800    0.9176    0.9176    1.2977
    6.3200    0.9200    0.9200    1.3011
    6.3600    0.9219    0.9219    1.3037
    6.4000    0.9233    0.9233    1.3057
    6.4400    0.9243    0.9243    1.3071
    6.4800    0.9247    0.9247    1.3078
    6.5200    0.9247    0.9247    1.3078
    6.5600    0.9243    0.9243    1.3071
    6.6000    0.9233    0.9233    1.3058
    6.6400    0.9219    0.9219    1.3038
    6.6800    0.9200    0.9200    1.3011
    6.7200    0.9177    0.9177    1.2978
    6.7600    0.9149    0.9149    1.2939
    6.8000    0.9117    0.9117    1.2894
    6.8400    0.9081    0.9081    1.2843
    6.8800    0.9041    0.9041    1.2786
    6.9200    0.8997    0.8997    1.2724
    6.9600    0.8950    0.8950    1.2657
    7.0000    0.8899    0.8899    1.2585
    7.0400    0.8845    0.8845    1.2509
    7.0800    0.8789    0.8789    1.2430
    7.1200    0.8730    0.8730    1.2347
    7.1600    0.8670    0.8670    1.2261
    7.2000    0.8607    0.8607    1.2172
    7.2400    0.8543    0.8543    1.2082
    7.2800    0.8478    0.8478    1.1990
    7.3200    0.8413    0.8413    1.1898
    7.3600    0.8347    0.8347    1.1805
    7.4000    0.8282    0.8282    1.1713
    7.4400    0.8217    0.8217    1.1621
    7.4800    0.8154    0.8154    1.1531
    7.5200    0.8092    0.8092    1.1444
    7.5600    0.8032    0.8032    1.1359
    7.6000    0.7974    0.7974    1.1277
    7.6400    0.7920    0.7920    1.1200
    7.6800    0.7868    0.7868    1.1127
    7.7200    0.7820    0.7820    1.1060
    7.7600    0.7776    0.7776    1.0998
    7.8000    0.7737    0.7737    1.0942
    7.8400    0.7702    0.7702    1.0893
    7.8800    0.7672    0.7672    1.0851
    7.9200    0.7648    0.7648    1.0816
    7.9600    0.7629    0.7629    1.0789
    8.0000    0.7615    0.7615    1.0770
    8.0400    0.7608    0.7608    1.0759
    8.0800    0.7605    0.7605    1.0756
    8.1200    0.7609    0.7609    1.0761
    8.1600    0.7619    0.7619    1.0775
    8.2000    0.7634    0.7634    1.0796
    8.2400    0.7655    0.7655    1.0826
    8.2800    0.7681    0.7681    1.0863
    8.3200    0.7712    0.7712    1.0907
    8.3600    0.7749    0.7749    1.0958
    8.4000    0.7790    0.7790    1.1016
    8.4400    0.7835    0.7835    1.1080
    8.4800    0.7884    0.7884    1.1149
    8.5200    0.7936    0.7936    1.1224
    8.5600    0.7992    0.7992    1.1302
    8.6000    0.8050    0.8050    1.1385
    8.6400    0.8111    0.8111    1.1471
    8.6800    0.8174    0.8174    1.1559
    8.7200    0.8238    0.8238    1.1650
    8.7600    0.8303    0.8303    1.1742
    8.8000    0.8368    0.8368    1.1834
    8.8400    0.8434    0.8434    1.1927
    8.8800    0.8499    0.8499    1.2020
    8.9200    0.8564    0.8564    1.2111
    8.9600    0.8627    0.8627    1.2201
    9.0000    0.8689    0.8689    1.2289
    9.0400    0.8750    0.8750    1.2374
    9.0800    0.8808    0.8808    1.2456
    9.1200    0.8863    0.8863    1.2535
    9.1600    0.8916    0.8916    1.2609
    9.2000    0.8966    0.8966    1.2679
    9.2400    0.9012    0.9012    1.2745
    9.2800    0.9055    0.9055    1.2805
    9.3200    0.9094    0.9094    1.2860
    9.3600    0.9129    0.9129    1.2910
    9.4000    0.9159    0.9159    1.2953
    9.4400    0.9186    0.9186    1.2990
    9.4800    0.9207    0.9207    1.3021
    9.5200    0.9225    0.9225    1.3046
    9.5600    0.9237    0.9237    1.3064
    9.6000    0.9245    0.9245    1.3075
    9.6400    0.9248    0.9248    1.3079
    9.6800    0.9247    0.9247    1.3077
    9.7200    0.9240    0.9240    1.3068
    9.7600    0.9229    0.9229    1.3052
    9.8000    0.9214    0.9214    1.3030
    9.8400    0.9193    0.9193    1.3001
    9.8800    0.9168    0.9168    1.2966
    9.9200    0.9139    0.9139    1.2924
    9.9600    0.9105    0.9105    1.2877
   10.0000    0.9068    0.9068    1.2824
   10.0400    0.9026    0.9026    1.2765
   10.0800    0.8981    0.8981    1.2701
   10.1200    0.8933    0.8933    1.2632
   10.1600    0.8881    0.8881    1.2559
   10.2000    0.8826    0.8826    1.2482
