    -10.00     0.00000E+000
     -9.90     0.91259E-028
     -9.80     0.31954E-027
     -9.70     0.87538E-027
     -9.60     0.23297E-026
     -9.50     0.58963E-026
     -9.40     0.13976E-025
     -9.30     0.32810E-025
     -9.20     0.76832E-025
     -9.10     0.17767E-024
     -9.00     0.40817E-024
     -8.90     0.92904E-024
     -8.80     0.20911E-023
     -8.70     0.46536E-023
     -8.60     0.10180E-022
     -8.50     0.21822E-022
     -8.40     0.45749E-022
     -8.30     0.93477E-022
     -8.20     0.18573E-021
     -8.10     0.35813E-021
     -8.00     0.66880E-021
     -7.90     0.12084E-020
     -7.80     0.21146E-020
     -7.70     0.36060E-020
     -7.60     0.61065E-020
     -7.50     0.10702E-019
     -7.40     0.20712E-019
     -7.30     0.46612E-019
     -7.20     0.12031E-018
     -7.10     0.33413E-018
     -7.00     0.94254E-018
     -6.90     0.26189E-017
     -6.80     0.70932E-017
     -6.70     0.18727E-016
     -6.60     0.48446E-016
     -6.50     0.12370E-015
     -6.40     0.31437E-015
     -6.30     0.80155E-015
     -6.20     0.20645E-014
     -6.10     0.53968E-014
     -6.00     0.14350E-013
     -5.90     0.38787E-013
     -5.80     0.10626E-012
     -5.70     0.29378E-012
     -5.60     0.81535E-012
     -5.50     0.22598E-011
     -5.40     0.62252E-011
     -5.30     0.16976E-010
     -5.20     0.45680E-010
     -5.10     0.12098E-009
     -5.00     0.31481E-009
     -4.90     0.80370E-009
     -4.80     0.20113E-008
     -4.70     0.49308E-008
     -4.60     0.11837E-007
     -4.50     0.27818E-007
     -4.40     0.63991E-007
     -4.30     0.14406E-006
     -4.20     0.31740E-006
     -4.10     0.68434E-006
     -4.00     0.14439E-005
     -3.90     0.29809E-005
     -3.80     0.60217E-005
     -3.70     0.11902E-004
     -3.60     0.23015E-004
     -3.50     0.43539E-004
     -3.40     0.80567E-004
     -3.30     0.14582E-003
     -3.20     0.25810E-003
     -3.10     0.44671E-003
     -3.00     0.75590E-003
     -2.90     0.12504E-002
     -2.80     0.20216E-002
     -2.70     0.31941E-002
     -2.60     0.49310E-002
     -2.50     0.74375E-002
     -2.40     0.10959E-001
     -2.30     0.15775E-001
     -2.20     0.22183E-001
     -2.10     0.30481E-001
     -2.00     0.40932E-001
     -1.90     0.53742E-001
     -1.80     0.69026E-001
     -1.70     0.86784E-001
     -1.60     0.10689E+000
     -1.50     0.12910E+000
     -1.40     0.15303E+000
     -1.30     0.17825E+000
     -1.20     0.20423E+000
     -1.10     0.23041E+000
     -1.00     0.25626E+000
     -0.90     0.28124E+000
     -0.80     0.30486E+000
     -0.70     0.32667E+000
     -0.60     0.34631E+000
     -0.50     0.36344E+000
     -0.40     0.37780E+000
     -0.30     0.38917E+000
     -0.20     0.39741E+000
     -0.10     0.40240E+000
      0.00     0.40406E+000
      0.10     0.40240E+000
      0.20     0.39741E+000
      0.30     0.38917E+000
      0.40     0.37780E+000
      0.50     0.36344E+000
      0.60     0.34631E+000
      0.70     0.32667E+000
      0.80     0.30486E+000
      0.90     0.28124E+000
      1.00     0.25626E+000
      1.10     0.23041E+000
      1.20     0.20423E+000
      1.30     0.17825E+000
      1.40     0.15303E+000
      1.50     0.12910E+000
      1.60     0.10689E+000
      1.70     0.86784E-001
      1.80     0.69026E-001
      1.90     0.53742E-001
      2.00     0.40932E-001
      2.10     0.30481E-001
      2.20     0.22183E-001
      2.30     0.15775E-001
      2.40     0.10959E-001
      2.50     0.74375E-002
      2.60     0.49310E-002
      2.70     0.31941E-002
      2.80     0.20216E-002
      2.90     0.12504E-002
      3.00     0.75590E-003
      3.10     0.44671E-003
      3.20     0.25810E-003
      3.30     0.14582E-003
      3.40     0.80567E-004
      3.50     0.43539E-004
      3.60     0.23015E-004
      3.70     0.11902E-004
      3.80     0.60217E-005
      3.90     0.29809E-005
      4.00     0.14439E-005
      4.10     0.68434E-006
      4.20     0.31740E-006
      4.30     0.14406E-006
      4.40     0.63991E-007
      4.50     0.27818E-007
      4.60     0.11837E-007
      4.70     0.49308E-008
      4.80     0.20113E-008
      4.90     0.80370E-009
      5.00     0.31481E-009
      5.10     0.12098E-009
      5.20     0.45680E-010
      5.30     0.16976E-010
      5.40     0.62252E-011
      5.50     0.22598E-011
      5.60     0.81535E-012
      5.70     0.29378E-012
      5.80     0.10626E-012
      5.90     0.38787E-013
      6.00     0.14350E-013
      6.10     0.53968E-014
      6.20     0.20645E-014
      6.30     0.80155E-015
      6.40     0.31437E-015
      6.50     0.12370E-015
      6.60     0.48445E-016
      6.70     0.18727E-016
      6.80     0.70932E-017
      6.90     0.26189E-017
      7.00     0.94254E-018
      7.10     0.33413E-018
      7.20     0.12031E-018
      7.30     0.46612E-019
      7.40     0.20712E-019
      7.50     0.10702E-019
      7.60     0.61067E-020
      7.70     0.36061E-020
      7.80     0.21144E-020
      7.90     0.12083E-020
      8.00     0.66870E-021
      8.10     0.35805E-021
      8.20     0.18571E-021
      8.30     0.93458E-022
      8.40     0.45748E-022
      8.50     0.21830E-022
      8.60     0.10172E-022
      8.70     0.46451E-023
      8.80     0.20852E-023
      8.90     0.92273E-024
      9.00     0.40567E-024
      9.10     0.17784E-024
      9.20     0.77367E-025
      9.30     0.33131E-025
      9.40     0.14034E-025
      9.50     0.59923E-026
      9.60     0.24778E-026
      9.70     0.94055E-027
      9.80     0.37211E-027
      9.90     0.16598E-027
     10.00     0.00000E+000
