-4.000000e+00 0.000000e+00
-3.950000e+00 2.390334e-07
-3.900000e+00 5.112413e-07
-3.850000e+00 8.525456e-07
-3.800000e+00 1.305839e-06
-3.750000e+00 1.925705e-06
-3.700000e+00 2.783962e-06
-3.650000e+00 3.976482e-06
-3.600000e+00 5.631815e-06
-3.550000e+00 7.922166e-06
-3.500000e+00 1.107739e-05
-3.450000e+00 1.540279e-05
-3.400000e+00 2.130158e-05
-3.350000e+00 2.930314e-05
-3.300000e+00 4.009805e-05
-3.250000e+00 5.458149e-05
-3.200000e+00 7.390624e-05
-3.150000e+00 9.954695e-05
-3.100000e+00 1.333772e-04
-3.050000e+00 1.777611e-04
-3.000000e+00 2.356610e-04
-2.950000e+00 3.107619e-04
-2.900000e+00 4.076150e-04
-2.850000e+00 5.317990e-04
-2.800000e+00 6.901000e-04
-2.750000e+00 8.907084e-04
-2.700000e+00 1.143430e-03
-2.650000e+00 1.459905e-03
-2.600000e+00 1.853836e-03
-2.550000e+00 2.341205e-03
-2.500000e+00 2.940478e-03
-2.450000e+00 3.672784e-03
-2.400000e+00 4.562046e-03
-2.350000e+00 5.635050e-03
-2.300000e+00 6.921433e-03
-2.250000e+00 8.453567e-03
-2.200000e+00 1.026631e-02
-2.150000e+00 1.239662e-02
-2.100000e+00 1.488299e-02
-2.050000e+00 1.776470e-02
-2.000000e+00 2.108088e-02
-1.950000e+00 2.486939e-02
-1.900000e+00 2.916551e-02
-1.850000e+00 3.400051e-02
-1.800000e+00 3.940007e-02
-1.750000e+00 4.538275e-02
-1.700000e+00 5.195838e-02
-1.650000e+00 5.912677e-02
-1.600000e+00 6.687647e-02
-1.550000e+00 7.518404e-02
-1.500000e+00 8.401372e-02
-1.450000e+00 9.331757e-02
-1.400000e+00 1.030362e-01
-1.350000e+00 1.131003e-01
-1.300000e+00 1.234318e-01
-1.250000e+00 1.339472e-01
-1.200000e+00 1.445587e-01
-1.150000e+00 1.551782e-01
-1.100000e+00 1.657188e-01
-1.050000e+00 1.760977e-01
-1.000000e+00 1.862381e-01
-9.500000e-01 1.960708e-01
-9.000000e-01 2.055354e-01
-8.500000e-01 2.145806e-01
-8.000000e-01 2.231646e-01
-7.500000e-01 2.312548e-01
-7.000000e-01 2.388268e-01
-6.500000e-01 2.458642e-01
-6.000000e-01 2.523569e-01
-5.500000e-01 2.583006e-01
-5.000000e-01 2.636953e-01
-4.500000e-01 2.685442e-01
-4.000000e-01 2.728532e-01
-3.500000e-01 2.766294e-01
-3.000000e-01 2.798808e-01
-2.500000e-01 2.826156e-01
-2.000000e-01 2.848413e-01
-1.500000e-01 2.865648e-01
-1.000000e-01 2.877916e-01
-5.000000e-02 2.885260e-01
0.000000e+00 2.887706e-01
5.000000e-02 2.885260e-01
1.000000e-01 2.877916e-01
1.500000e-01 2.865648e-01
2.000000e-01 2.848413e-01
2.500000e-01 2.826156e-01
3.000000e-01 2.798808e-01
3.500000e-01 2.766294e-01
4.000000e-01 2.728532e-01
4.500000e-01 2.685442e-01
5.000000e-01 2.636953e-01
5.500000e-01 2.583006e-01
6.000000e-01 2.523569e-01
6.500000e-01 2.458642e-01
7.000000e-01 2.388268e-01
7.500000e-01 2.312548e-01
8.000000e-01 2.231646e-01
8.500000e-01 2.145806e-01
9.000000e-01 2.055354e-01
9.500000e-01 1.960708e-01
1.000000e+00 1.862381e-01
1.050000e+00 1.760977e-01
1.100000e+00 1.657188e-01
1.150000e+00 1.551782e-01
1.200000e+00 1.445587e-01
1.250000e+00 1.339472e-01
1.300000e+00 1.234318e-01
1.350000e+00 1.131003e-01
1.400000e+00 1.030362e-01
1.450000e+00 9.331757e-02
1.500000e+00 8.401372e-02
1.550000e+00 7.518404e-02
1.600000e+00 6.687647e-02
1.650000e+00 5.912677e-02
1.700000e+00 5.195838e-02
1.750000e+00 4.538275e-02
1.800000e+00 3.940007e-02
1.850000e+00 3.400051e-02
1.900000e+00 2.916551e-02
1.950000e+00 2.486939e-02
2.000000e+00 2.108088e-02
2.050000e+00 1.776470e-02
2.100000e+00 1.488299e-02
2.150000e+00 1.239662e-02
2.200000e+00 1.026631e-02
2.250000e+00 8.453567e-03
2.300000e+00 6.921433e-03
2.350000e+00 5.635050e-03
2.400000e+00 4.562046e-03
2.450000e+00 3.672784e-03
2.500000e+00 2.940478e-03
2.550000e+00 2.341205e-03
2.600000e+00 1.853836e-03
2.650000e+00 1.459905e-03
2.700000e+00 1.143430e-03
2.750000e+00 8.907082e-04
2.800000e+00 6.900997e-04
2.850000e+00 5.317987e-04
2.900000e+00 4.076146e-04
2.950000e+00 3.107614e-04
3.000000e+00 2.356604e-04
3.050000e+00 1.777603e-04
3.100000e+00 1.333761e-04
3.150000e+00 9.954554e-05
3.200000e+00 7.390438e-05
3.250000e+00 5.457901e-05
3.300000e+00 4.009473e-05
3.350000e+00 2.929868e-05
3.400000e+00 2.129556e-05
3.450000e+00 1.539459e-05
3.500000e+00 1.106618e-05
3.550000e+00 7.906756e-06
3.600000e+00 5.610513e-06
3.650000e+00 3.946872e-06
3.700000e+00 2.742582e-06
3.750000e+00 1.867565e-06
3.800000e+00 1.223710e-06
3.850000e+00 7.359083e-07
3.900000e+00 3.447109e-07
3.950000e+00 0.000000e+00
