-4.000000e+00 0.000000e+00
-3.950000e+00 2.390241e-07
-3.900000e+00 5.112215e-07
-3.850000e+00 8.525128e-07
-3.800000e+00 1.305789e-06
-3.750000e+00 1.925633e-06
-3.700000e+00 2.783859e-06
-3.650000e+00 3.976337e-06
-3.600000e+00 5.631613e-06
-3.550000e+00 7.921886e-06
-3.500000e+00 1.107701e-05
-3.450000e+00 1.540226e-05
-3.400000e+00 2.130087e-05
-3.350000e+00 2.930218e-05
-3.300000e+00 4.009675e-05
-3.250000e+00 5.457976e-05
-3.200000e+00 7.390395e-05
-3.150000e+00 9.954392e-05
-3.100000e+00 1.333732e-04
-3.050000e+00 1.777560e-04
-3.000000e+00 2.356543e-04
-2.950000e+00 3.107532e-04
-2.900000e+00 4.076039e-04
-2.850000e+00 5.317847e-04
-2.800000e+00 6.900819e-04
-2.750000e+00 8.906856e-04
-2.700000e+00 1.143401e-03
-2.650000e+00 1.459870e-03
-2.600000e+00 1.853792e-03
-2.550000e+00 2.341151e-03
-2.500000e+00 2.940412e-03
-2.450000e+00 3.672704e-03
-2.400000e+00 4.561949e-03
-2.350000e+00 5.634933e-03
-2.300000e+00 6.921294e-03
-2.250000e+00 8.453402e-03
-2.200000e+00 1.026612e-02
-2.150000e+00 1.239640e-02
-2.100000e+00 1.488273e-02
-2.050000e+00 1.776440e-02
-2.000000e+00 2.108054e-02
-1.950000e+00 2.486900e-02
-1.900000e+00 2.916507e-02
-1.850000e+00 3.400001e-02
-1.800000e+00 3.939952e-02
-1.750000e+00 4.538214e-02
-1.700000e+00 5.195772e-02
-1.650000e+00 5.912605e-02
-1.600000e+00 6.687570e-02
-1.550000e+00 7.518322e-02
-1.500000e+00 8.401286e-02
-1.450000e+00 9.331667e-02
-1.400000e+00 1.030353e-01
-1.350000e+00 1.130993e-01
-1.300000e+00 1.234309e-01
-1.250000e+00 1.339462e-01
-1.200000e+00 1.445577e-01
-1.150000e+00 1.551772e-01
-1.100000e+00 1.657178e-01
-1.050000e+00 1.760967e-01
-1.000000e+00 1.862371e-01
-9.500000e-01 1.960699e-01
-9.000000e-01 2.055345e-01
-8.500000e-01 2.145797e-01
-8.000000e-01 2.231638e-01
-7.500000e-01 2.312539e-01
-7.000000e-01 2.388260e-01
-6.500000e-01 2.458634e-01
-6.000000e-01 2.523562e-01
-5.500000e-01 2.582999e-01
-5.000000e-01 2.636946e-01
-4.500000e-01 2.685436e-01
-4.000000e-01 2.728526e-01
-3.500000e-01 2.766288e-01
-3.000000e-01 2.798802e-01
-2.500000e-01 2.826150e-01
-2.000000e-01 2.848407e-01
-1.500000e-01 2.865642e-01
-1.000000e-01 2.877911e-01
-5.000000e-02 2.885255e-01
0.000000e+00 2.887700e-01
5.000000e-02 2.885255e-01
1.000000e-01 2.877911e-01
1.500000e-01 2.865642e-01
2.000000e-01 2.848407e-01
2.500000e-01 2.826150e-01
3.000000e-01 2.798802e-01
3.500000e-01 2.766288e-01
4.000000e-01 2.728526e-01
4.500000e-01 2.685436e-01
5.000000e-01 2.636946e-01
5.500000e-01 2.582999e-01
6.000000e-01 2.523562e-01
6.500000e-01 2.458634e-01
7.000000e-01 2.388260e-01
7.500000e-01 2.312539e-01
8.000000e-01 2.231638e-01
8.500000e-01 2.145797e-01
9.000000e-01 2.055345e-01
9.500000e-01 1.960699e-01
1.000000e+00 1.862371e-01
1.050000e+00 1.760967e-01
1.100000e+00 1.657178e-01
1.150000e+00 1.551772e-01
1.200000e+00 1.445577e-01
1.250000e+00 1.339462e-01
1.300000e+00 1.234309e-01
1.350000e+00 1.130993e-01
1.400000e+00 1.030353e-01
1.450000e+00 9.331667e-02
1.500000e+00 8.401286e-02
1.550000e+00 7.518322e-02
1.600000e+00 6.687570e-02
1.650000e+00 5.912605e-02
1.700000e+00 5.195772e-02
1.750000e+00 4.538214e-02
1.800000e+00 3.939952e-02
1.850000e+00 3.400001e-02
1.900000e+00 2.916507e-02
1.950000e+00 2.486900e-02
2.000000e+00 2.108054e-02
2.050000e+00 1.776440e-02
2.100000e+00 1.488273e-02
2.150000e+00 1.239640e-02
2.200000e+00 1.026612e-02
2.250000e+00 8.453402e-03
2.300000e+00 6.921294e-03
2.350000e+00 5.634933e-03
2.400000e+00 4.561949e-03
2.450000e+00 3.672703e-03
2.500000e+00 2.940412e-03
2.550000e+00 2.341150e-03
2.600000e+00 1.853792e-03
2.650000e+00 1.459869e-03
2.700000e+00 1.143401e-03
2.750000e+00 8.906854e-04
2.800000e+00 6.900817e-04
2.850000e+00 5.317844e-04
2.900000e+00 4.076035e-04
2.950000e+00 3.107527e-04
3.000000e+00 2.356536e-04
3.050000e+00 1.777551e-04
3.100000e+00 1.333722e-04
3.150000e+00 9.954251e-05
3.200000e+00 7.390209e-05
3.250000e+00 5.457729e-05
3.300000e+00 4.009344e-05
3.350000e+00 2.929772e-05
3.400000e+00 2.129485e-05
3.450000e+00 1.539407e-05
3.500000e+00 1.106580e-05
3.550000e+00 7.906478e-06
3.600000e+00 5.610312e-06
3.650000e+00 3.946728e-06
3.700000e+00 2.742480e-06
3.750000e+00 1.867495e-06
3.800000e+00 1.223663e-06
3.850000e+00 7.358802e-07
3.900000e+00 3.446977e-07
3.950000e+00 0.000000e+00
