0.000000e+00 6.753464e-01
2.500000e-03 6.753464e-01
5.000000e-03 6.753372e-01
7.500000e-03 6.753205e-01
1.000000e-02 6.752967e-01
1.250000e-02 6.752659e-01
1.500000e-02 6.752280e-01
1.750000e-02 6.751832e-01
2.000000e-02 6.751314e-01
2.250000e-02 6.750726e-01
2.500000e-02 6.750069e-01
2.750000e-02 6.749342e-01
3.000000e-02 6.748547e-01
3.250000e-02 6.747681e-01
3.500000e-02 6.746747e-01
3.750000e-02 6.745743e-01
4.000000e-02 6.744670e-01
4.250000e-02 6.743528e-01
4.500000e-02 6.742317e-01
4.750000e-02 6.741037e-01
5.000000e-02 6.739688e-01
5.250000e-02 6.738271e-01
5.500000e-02 6.736784e-01
5.750000e-02 6.735229e-01
6.000000e-02 6.733605e-01
6.250000e-02 6.731912e-01
6.500000e-02 6.730151e-01
6.750000e-02 6.728321e-01
7.000000e-02 6.726424e-01
7.250000e-02 6.724457e-01
7.500000e-02 6.722423e-01
7.750000e-02 6.720321e-01
8.000000e-02 6.718150e-01
8.250000e-02 6.715912e-01
8.500000e-02 6.713605e-01
8.750000e-02 6.711231e-01
9.000000e-02 6.708790e-01
9.250000e-02 6.706281e-01
9.500000e-02 6.703704e-01
9.750000e-02 6.701060e-01
1.000000e-01 6.698349e-01
1.025000e-01 6.695571e-01
1.050000e-01 6.692726e-01
1.075000e-01 6.689814e-01
1.100000e-01 6.686835e-01
1.125000e-01 6.683790e-01
1.150000e-01 6.680678e-01
1.175000e-01 6.677500e-01
1.200000e-01 6.674255e-01
1.225000e-01 6.670945e-01
1.250000e-01 6.667569e-01
1.275000e-01 6.664127e-01
1.300000e-01 6.660619e-01
1.325000e-01 6.657045e-01
1.350000e-01 6.653407e-01
1.375000e-01 6.649703e-01
1.400000e-01 6.645934e-01
1.425000e-01 6.642100e-01
1.450000e-01 6.638201e-01
1.475000e-01 6.634238e-01
1.500000e-01 6.630210e-01
1.525000e-01 6.626119e-01
1.550000e-01 6.621963e-01
1.575000e-01 6.617743e-01
1.600000e-01 6.613459e-01
1.625000e-01 6.609112e-01
1.650000e-01 6.604701e-01
1.675000e-01 6.600228e-01
1.700000e-01 6.595691e-01
1.725000e-01 6.591091e-01
1.750000e-01 6.586429e-01
1.775000e-01 6.581704e-01
1.800000e-01 6.576917e-01
1.825000e-01 6.572068e-01
1.850000e-01 6.567157e-01
1.875000e-01 6.562184e-01
1.900000e-01 6.557150e-01
1.925000e-01 6.552055e-01
1.950000e-01 6.546898e-01
1.975000e-01 6.541681e-01
2.000000e-01 6.536403e-01
2.025000e-01 6.531064e-01
2.050000e-01 6.525666e-01
2.075000e-01 6.520207e-01
2.100000e-01 6.514688e-01
2.125000e-01 6.509110e-01
2.150000e-01 6.503473e-01
2.175000e-01 6.497776e-01
2.200000e-01 6.492020e-01
2.225000e-01 6.486206e-01
2.250000e-01 6.480333e-01
2.275000e-01 6.474403e-01
2.300000e-01 6.468414e-01
2.325000e-01 6.462367e-01
2.350000e-01 6.456263e-01
2.375000e-01 6.450101e-01
2.400000e-01 6.443883e-01
2.425000e-01 6.437607e-01
2.450000e-01 6.431276e-01
2.475000e-01 6.424887e-01
2.500000e-01 6.418443e-01
2.525000e-01 6.411943e-01
2.550000e-01 6.405387e-01
2.575000e-01 6.398777e-01
2.600000e-01 6.392111e-01
2.625000e-01 6.385390e-01
2.650000e-01 6.378614e-01
2.675000e-01 6.371785e-01
2.700000e-01 6.364901e-01
2.725000e-01 6.357964e-01
2.750000e-01 6.350973e-01
2.775000e-01 6.343929e-01
2.800000e-01 6.336832e-01
2.825000e-01 6.329682e-01
2.850000e-01 6.322480e-01
2.875000e-01 6.315225e-01
2.900000e-01 6.307919e-01
2.925000e-01 6.300561e-01
2.950000e-01 6.293152e-01
2.975000e-01 6.285691e-01
3.000000e-01 6.278180e-01
3.025000e-01 6.270619e-01
3.050000e-01 6.263007e-01
3.075000e-01 6.255345e-01
3.100000e-01 6.247633e-01
3.125000e-01 6.239873e-01
3.150000e-01 6.232063e-01
3.175000e-01 6.224204e-01
3.200000e-01 6.216296e-01
3.225000e-01 6.208341e-01
3.250000e-01 6.200337e-01
3.275000e-01 6.192286e-01
3.300000e-01 6.184188e-01
3.325000e-01 6.176042e-01
3.350000e-01 6.167850e-01
3.375000e-01 6.159611e-01
3.400000e-01 6.151325e-01
3.425000e-01 6.142994e-01
3.450000e-01 6.134618e-01
3.475000e-01 6.126196e-01
3.500000e-01 6.117729e-01
3.525000e-01 6.109217e-01
3.550000e-01 6.100661e-01
3.575000e-01 6.092061e-01
3.600000e-01 6.083416e-01
3.625000e-01 6.074729e-01
3.650000e-01 6.065998e-01
3.675000e-01 6.057224e-01
3.700000e-01 6.048408e-01
3.725000e-01 6.039549e-01
3.750000e-01 6.030648e-01
3.775000e-01 6.021706e-01
3.800000e-01 6.012722e-01
3.825000e-01 6.003697e-01
3.850000e-01 5.994632e-01
3.875000e-01 5.985526e-01
3.900000e-01 5.976379e-01
3.925000e-01 5.967193e-01
3.950000e-01 5.957968e-01
3.975000e-01 5.948703e-01
4.000000e-01 5.939399e-01
4.025000e-01 5.930056e-01
4.050000e-01 5.920675e-01
4.075000e-01 5.911257e-01
4.100000e-01 5.901800e-01
4.125000e-01 5.892306e-01
4.150000e-01 5.882775e-01
4.175000e-01 5.873208e-01
4.200000e-01 5.863603e-01
4.225000e-01 5.853963e-01
4.250000e-01 5.844287e-01
4.275000e-01 5.834576e-01
4.300000e-01 5.824829e-01
4.325000e-01 5.815047e-01
4.350000e-01 5.805231e-01
4.375000e-01 5.795380e-01
4.400000e-01 5.785496e-01
4.425000e-01 5.775578e-01
4.450000e-01 5.765626e-01
4.475000e-01 5.755642e-01
4.500000e-01 5.745625e-01
4.525000e-01 5.735575e-01
4.550000e-01 5.725494e-01
4.575000e-01 5.715380e-01
4.600000e-01 5.705235e-01
4.625000e-01 5.695060e-01
4.650000e-01 5.684853e-01
4.675000e-01 5.674616e-01
4.700000e-01 5.664348e-01
4.725000e-01 5.654051e-01
4.750000e-01 5.643724e-01
4.775000e-01 5.633368e-01
4.800000e-01 5.622983e-01
4.825000e-01 5.612569e-01
4.850000e-01 5.602127e-01
4.875000e-01 5.591657e-01
4.900000e-01 5.581159e-01
4.925000e-01 5.570634e-01
4.950000e-01 5.560081e-01
4.975000e-01 5.549502e-01
5.000000e-01 5.538897e-01
5.025000e-01 5.528265e-01
5.050000e-01 5.517608e-01
5.075000e-01 5.506924e-01
5.100000e-01 5.496216e-01
5.125000e-01 5.485483e-01
5.150000e-01 5.474725e-01
5.175000e-01 5.463943e-01
5.200000e-01 5.453137e-01
5.225000e-01 5.442307e-01
5.250000e-01 5.431453e-01
5.275000e-01 5.420577e-01
5.300000e-01 5.409677e-01
5.325000e-01 5.398756e-01
5.350000e-01 5.387812e-01
5.375000e-01 5.376846e-01
5.400000e-01 5.365858e-01
5.425000e-01 5.354850e-01
5.450000e-01 5.343820e-01
5.475000e-01 5.332770e-01
5.500000e-01 5.321699e-01
5.525000e-01 5.310608e-01
5.550000e-01 5.299497e-01
5.575000e-01 5.288367e-01
5.600000e-01 5.277218e-01
5.625000e-01 5.266049e-01
5.650000e-01 5.254862e-01
5.675000e-01 5.243657e-01
5.700000e-01 5.232434e-01
5.725000e-01 5.221193e-01
5.750000e-01 5.209934e-01
5.775000e-01 5.198659e-01
5.800000e-01 5.187366e-01
5.825000e-01 5.176057e-01
5.850000e-01 5.164732e-01
5.875000e-01 5.153390e-01
5.900000e-01 5.142033e-01
5.925000e-01 5.130661e-01
5.950000e-01 5.119273e-01
5.975000e-01 5.107870e-01
6.000000e-01 5.096453e-01
6.025000e-01 5.085022e-01
6.050000e-01 5.073576e-01
6.075000e-01 5.062117e-01
6.100000e-01 5.050645e-01
6.125000e-01 5.039159e-01
6.150000e-01 5.027660e-01
6.175000e-01 5.016149e-01
6.200000e-01 5.004625e-01
6.225000e-01 4.993089e-01
6.250000e-01 4.981542e-01
6.275000e-01 4.969983e-01
6.300000e-01 4.958412e-01
6.325000e-01 4.946831e-01
6.350000e-01 4.935239e-01
6.375000e-01 4.923637e-01
6.400000e-01 4.912024e-01
6.425000e-01 4.900401e-01
6.450000e-01 4.888769e-01
6.475000e-01 4.877128e-01
6.500000e-01 4.865477e-01
6.525000e-01 4.853817e-01
6.550000e-01 4.842149e-01
6.575000e-01 4.830473e-01
6.600000e-01 4.818788e-01
6.625000e-01 4.807096e-01
6.650000e-01 4.795396e-01
6.675000e-01 4.783689e-01
6.700000e-01 4.771974e-01
6.725000e-01 4.760253e-01
6.750000e-01 4.748526e-01
6.775000e-01 4.736792e-01
6.800000e-01 4.725052e-01
6.825000e-01 4.713306e-01
6.850000e-01 4.701555e-01
6.875000e-01 4.689798e-01
6.900000e-01 4.678037e-01
6.925000e-01 4.666270e-01
6.950000e-01 4.654499e-01
6.975000e-01 4.642724e-01
7.000000e-01 4.630945e-01
7.025000e-01 4.619162e-01
7.050000e-01 4.607375e-01
7.075000e-01 4.595585e-01
7.100000e-01 4.583792e-01
7.125000e-01 4.571996e-01
7.150000e-01 4.560197e-01
7.175000e-01 4.548396e-01
7.200000e-01 4.536593e-01
7.225000e-01 4.524787e-01
7.250000e-01 4.512980e-01
7.275000e-01 4.501172e-01
7.300000e-01 4.489362e-01
7.325000e-01 4.477551e-01
7.350000e-01 4.465740e-01
7.375000e-01 4.453928e-01
7.400000e-01 4.442115e-01
7.425000e-01 4.430303e-01
7.450000e-01 4.418490e-01
7.475000e-01 4.406678e-01
7.500000e-01 4.394866e-01
7.525000e-01 4.383055e-01
7.550000e-01 4.371245e-01
7.575000e-01 4.359436e-01
7.600000e-01 4.347629e-01
7.625000e-01 4.335823e-01
7.650000e-01 4.324019e-01
7.675000e-01 4.312217e-01
7.700000e-01 4.300417e-01
7.725000e-01 4.288619e-01
7.750000e-01 4.276824e-01
7.775000e-01 4.265032e-01
7.800000e-01 4.253244e-01
7.825000e-01 4.241458e-01
7.850000e-01 4.229676e-01
7.875000e-01 4.217897e-01
7.900000e-01 4.206122e-01
7.925000e-01 4.194352e-01
7.950000e-01 4.182585e-01
7.975000e-01 4.170823e-01
8.000000e-01 4.159066e-01
8.025000e-01 4.147313e-01
8.050000e-01 4.135565e-01
8.075000e-01 4.123823e-01
8.100000e-01 4.112086e-01
8.125000e-01 4.100354e-01
8.150000e-01 4.088629e-01
8.175000e-01 4.076909e-01
8.200000e-01 4.065195e-01
8.225000e-01 4.053488e-01
8.250000e-01 4.041787e-01
8.275000e-01 4.030093e-01
8.300000e-01 4.018406e-01
8.325000e-01 4.006726e-01
8.350000e-01 3.995053e-01
8.375000e-01 3.983387e-01
8.400000e-01 3.971729e-01
8.425000e-01 3.960079e-01
8.450000e-01 3.948436e-01
8.475000e-01 3.936802e-01
8.500000e-01 3.925176e-01
8.525000e-01 3.913558e-01
8.550000e-01 3.901949e-01
8.575000e-01 3.890349e-01
8.600000e-01 3.878757e-01
8.625000e-01 3.867175e-01
8.650000e-01 3.855602e-01
8.675000e-01 3.844038e-01
8.700000e-01 3.832484e-01
8.725000e-01 3.820939e-01
8.750000e-01 3.809405e-01
8.775000e-01 3.797880e-01
8.800000e-01 3.786366e-01
8.825000e-01 3.774862e-01
8.850000e-01 3.763368e-01
8.875000e-01 3.751885e-01
8.900000e-01 3.740413e-01
8.925000e-01 3.728952e-01
8.950000e-01 3.717502e-01
8.975000e-01 3.706063e-01
9.000000e-01 3.694635e-01
9.025000e-01 3.683219e-01
9.050000e-01 3.671815e-01
9.075000e-01 3.660422e-01
9.100000e-01 3.649042e-01
9.125000e-01 3.637674e-01
9.150000e-01 3.626317e-01
9.175000e-01 3.614974e-01
9.200000e-01 3.603642e-01
9.225000e-01 3.592324e-01
9.250000e-01 3.581018e-01
9.275000e-01 3.569725e-01
9.300000e-01 3.558445e-01
9.325000e-01 3.547178e-01
9.350000e-01 3.535924e-01
9.375000e-01 3.524684e-01
9.400000e-01 3.513458e-01
9.425000e-01 3.502245e-01
9.450000e-01 3.491046e-01
9.475000e-01 3.479861e-01
9.500000e-01 3.468690e-01
9.525000e-01 3.457533e-01
9.550000e-01 3.446391e-01
9.575000e-01 3.435263e-01
9.600000e-01 3.424149e-01
9.625000e-01 3.413050e-01
9.650000e-01 3.401966e-01
9.675000e-01 3.390897e-01
9.700000e-01 3.379843e-01
9.725000e-01 3.368804e-01
9.750000e-01 3.357780e-01
9.775000e-01 3.346771e-01
9.800000e-01 3.335778e-01
9.825000e-01 3.324801e-01
9.850000e-01 3.313839e-01
9.875000e-01 3.302893e-01
9.900000e-01 3.291963e-01
9.925000e-01 3.281048e-01
9.950000e-01 3.270150e-01
9.975000e-01 3.259268e-01
1.000000e+00 3.248403e-01
1.002500e+00 3.237554e-01
1.005000e+00 3.226721e-01
1.007500e+00 3.215905e-01
1.010000e+00 3.205105e-01
1.012500e+00 3.194323e-01
1.015000e+00 3.183557e-01
1.017500e+00 3.172808e-01
1.020000e+00 3.162077e-01
1.022500e+00 3.151362e-01
1.025000e+00 3.140665e-01
1.027500e+00 3.129985e-01
1.030000e+00 3.119322e-01
1.032500e+00 3.108678e-01
1.035000e+00 3.098050e-01
1.037500e+00 3.087441e-01
1.040000e+00 3.076849e-01
1.042500e+00 3.066275e-01
1.045000e+00 3.055719e-01
1.047500e+00 3.045181e-01
1.050000e+00 3.034661e-01
1.052500e+00 3.024160e-01
1.055000e+00 3.013676e-01
1.057500e+00 3.003211e-01
1.060000e+00 2.992765e-01
1.062500e+00 2.982337e-01
1.065000e+00 2.971928e-01
1.067500e+00 2.961537e-01
1.070000e+00 2.951165e-01
1.072500e+00 2.940812e-01
1.075000e+00 2.930478e-01
1.077500e+00 2.920163e-01
1.080000e+00 2.909867e-01
1.082500e+00 2.899589e-01
1.085000e+00 2.889332e-01
1.087500e+00 2.879093e-01
1.090000e+00 2.868874e-01
1.092500e+00 2.858674e-01
1.095000e+00 2.848493e-01
1.097500e+00 2.838332e-01
1.100000e+00 2.828191e-01
1.102500e+00 2.818069e-01
1.105000e+00 2.807967e-01
1.107500e+00 2.797885e-01
1.110000e+00 2.787823e-01
1.112500e+00 2.777780e-01
1.115000e+00 2.767758e-01
1.117500e+00 2.757755e-01
1.120000e+00 2.747773e-01
1.122500e+00 2.737811e-01
1.125000e+00 2.727868e-01
1.127500e+00 2.717947e-01
1.130000e+00 2.708045e-01
1.132500e+00 2.698164e-01
1.135000e+00 2.688303e-01
1.137500e+00 2.678462e-01
1.140000e+00 2.668643e-01
1.142500e+00 2.658843e-01
1.145000e+00 2.649064e-01
1.147500e+00 2.639306e-01
1.150000e+00 2.629569e-01
1.152500e+00 2.619852e-01
1.155000e+00 2.610156e-01
1.157500e+00 2.600481e-01
1.160000e+00 2.590827e-01
1.162500e+00 2.581194e-01
1.165000e+00 2.571582e-01
1.167500e+00 2.561991e-01
1.170000e+00 2.552421e-01
1.172500e+00 2.542872e-01
1.175000e+00 2.533344e-01
1.177500e+00 2.523837e-01
1.180000e+00 2.514351e-01
1.182500e+00 2.504887e-01
1.185000e+00 2.495444e-01
1.187500e+00 2.486023e-01
1.190000e+00 2.476622e-01
1.192500e+00 2.467244e-01
1.195000e+00 2.457886e-01
1.197500e+00 2.448550e-01
1.200000e+00 2.439236e-01
1.202500e+00 2.429943e-01
1.205000e+00 2.420672e-01
1.207500e+00 2.411422e-01
1.210000e+00 2.402194e-01
1.212500e+00 2.392988e-01
1.215000e+00 2.383803e-01
1.217500e+00 2.374640e-01
1.220000e+00 2.365499e-01
1.222500e+00 2.356380e-01
1.225000e+00 2.347282e-01
1.227500e+00 2.338206e-01
1.230000e+00 2.329152e-01
1.232500e+00 2.320120e-01
1.235000e+00 2.311110e-01
1.237500e+00 2.302122e-01
1.240000e+00 2.293156e-01
1.242500e+00 2.284212e-01
1.245000e+00 2.275289e-01
1.247500e+00 2.266389e-01
1.250000e+00 2.257511e-01
1.252500e+00 2.248655e-01
1.255000e+00 2.239821e-01
1.257500e+00 2.231009e-01
1.260000e+00 2.222219e-01
1.262500e+00 2.213452e-01
1.265000e+00 2.204706e-01
1.267500e+00 2.195983e-01
1.270000e+00 2.187282e-01
1.272500e+00 2.178603e-01
1.275000e+00 2.169947e-01
1.277500e+00 2.161312e-01
1.280000e+00 2.152700e-01
1.282500e+00 2.144110e-01
1.285000e+00 2.135542e-01
1.287500e+00 2.126997e-01
1.290000e+00 2.118474e-01
1.292500e+00 2.109973e-01
1.295000e+00 2.101495e-01
1.297500e+00 2.093039e-01
1.300000e+00 2.084605e-01
1.302500e+00 2.076194e-01
1.305000e+00 2.067805e-01
1.307500e+00 2.059438e-01
1.310000e+00 2.051094e-01
1.312500e+00 2.042772e-01
1.315000e+00 2.034472e-01
1.317500e+00 2.026195e-01
1.320000e+00 2.017940e-01
1.322500e+00 2.009708e-01
1.325000e+00 2.001498e-01
1.327500e+00 1.993311e-01
1.330000e+00 1.985146e-01
1.332500e+00 1.977003e-01
1.335000e+00 1.968883e-01
1.337500e+00 1.960785e-01
1.340000e+00 1.952709e-01
1.342500e+00 1.944656e-01
1.345000e+00 1.936626e-01
1.347500e+00 1.928618e-01
1.350000e+00 1.920632e-01
1.352500e+00 1.912669e-01
1.355000e+00 1.904728e-01
1.357500e+00 1.896809e-01
1.360000e+00 1.888913e-01
1.362500e+00 1.881040e-01
1.365000e+00 1.873189e-01
1.367500e+00 1.865360e-01
1.370000e+00 1.857553e-01
1.372500e+00 1.849769e-01
1.375000e+00 1.842008e-01
1.377500e+00 1.834268e-01
1.380000e+00 1.826552e-01
1.382500e+00 1.818857e-01
1.385000e+00 1.811185e-01
1.387500e+00 1.803535e-01
1.390000e+00 1.795908e-01
1.392500e+00 1.788303e-01
1.395000e+00 1.780720e-01
1.397500e+00 1.773160e-01
1.400000e+00 1.765622e-01
1.402500e+00 1.758106e-01
1.405000e+00 1.750613e-01
1.407500e+00 1.743142e-01
1.410000e+00 1.735693e-01
1.412500e+00 1.728266e-01
1.415000e+00 1.720862e-01
1.417500e+00 1.713480e-01
1.420000e+00 1.706120e-01
1.422500e+00 1.698782e-01
1.425000e+00 1.691467e-01
1.427500e+00 1.684174e-01
1.430000e+00 1.676903e-01
1.432500e+00 1.669654e-01
1.435000e+00 1.662427e-01
1.437500e+00 1.655223e-01
1.440000e+00 1.648040e-01
1.442500e+00 1.640880e-01
1.445000e+00 1.633742e-01
1.447500e+00 1.626625e-01
1.450000e+00 1.619531e-01
1.452500e+00 1.612459e-01
1.455000e+00 1.605409e-01
1.457500e+00 1.598381e-01
1.460000e+00 1.591375e-01
1.462500e+00 1.584391e-01
1.465000e+00 1.577429e-01
1.467500e+00 1.570489e-01
1.470000e+00 1.563571e-01
1.472500e+00 1.556674e-01
1.475000e+00 1.549800e-01
1.477500e+00 1.542947e-01
1.480000e+00 1.536116e-01
1.482500e+00 1.529307e-01
1.485000e+00 1.522520e-01
1.487500e+00 1.515755e-01
1.490000e+00 1.509011e-01
1.492500e+00 1.502289e-01
1.495000e+00 1.495589e-01
1.497500e+00 1.488910e-01
1.500000e+00 1.482253e-01
1.502500e+00 1.475618e-01
1.505000e+00 1.469005e-01
1.507500e+00 1.462412e-01
1.510000e+00 1.455842e-01
1.512500e+00 1.449293e-01
1.515000e+00 1.442766e-01
1.517500e+00 1.436260e-01
1.520000e+00 1.429775e-01
1.522500e+00 1.423312e-01
1.525000e+00 1.416871e-01
1.527500e+00 1.410451e-01
1.530000e+00 1.404052e-01
1.532500e+00 1.397674e-01
1.535000e+00 1.391318e-01
1.537500e+00 1.384983e-01
1.540000e+00 1.378670e-01
1.542500e+00 1.372377e-01
1.545000e+00 1.366106e-01
1.547500e+00 1.359856e-01
1.550000e+00 1.353627e-01
1.552500e+00 1.347419e-01
1.555000e+00 1.341233e-01
1.557500e+00 1.335067e-01
1.560000e+00 1.328923e-01
1.562500e+00 1.322799e-01
1.565000e+00 1.316696e-01
1.567500e+00 1.310615e-01
1.570000e+00 1.304554e-01
1.572500e+00 1.298514e-01
1.575000e+00 1.292495e-01
1.577500e+00 1.286497e-01
1.580000e+00 1.280520e-01
1.582500e+00 1.274563e-01
1.585000e+00 1.268627e-01
1.587500e+00 1.262712e-01
1.590000e+00 1.256818e-01
1.592500e+00 1.250944e-01
1.595000e+00 1.245090e-01
1.597500e+00 1.239258e-01
1.600000e+00 1.233446e-01
1.602500e+00 1.227654e-01
1.605000e+00 1.221883e-01
1.607500e+00 1.216132e-01
1.610000e+00 1.210402e-01
1.612500e+00 1.204692e-01
1.615000e+00 1.199002e-01
1.617500e+00 1.193333e-01
1.620000e+00 1.187684e-01
1.622500e+00 1.182055e-01
1.625000e+00 1.176446e-01
1.627500e+00 1.170858e-01
1.630000e+00 1.165290e-01
1.632500e+00 1.159741e-01
1.635000e+00 1.154213e-01
1.637500e+00 1.148705e-01
1.640000e+00 1.143217e-01
1.642500e+00 1.137749e-01
1.645000e+00 1.132301e-01
1.647500e+00 1.126872e-01
1.650000e+00 1.121464e-01
1.652500e+00 1.116075e-01
1.655000e+00 1.110706e-01
1.657500e+00 1.105357e-01
1.660000e+00 1.100027e-01
1.662500e+00 1.094718e-01
1.665000e+00 1.089427e-01
1.667500e+00 1.084157e-01
1.670000e+00 1.078906e-01
1.672500e+00 1.073674e-01
1.675000e+00 1.068462e-01
1.677500e+00 1.063270e-01
1.680000e+00 1.058096e-01
1.682500e+00 1.052943e-01
1.685000e+00 1.047808e-01
1.687500e+00 1.042693e-01
1.690000e+00 1.037597e-01
1.692500e+00 1.032520e-01
1.695000e+00 1.027463e-01
1.697500e+00 1.022424e-01
1.700000e+00 1.017405e-01
1.702500e+00 1.012405e-01
1.705000e+00 1.007423e-01
1.707500e+00 1.002461e-01
1.710000e+00 9.975176e-02
1.712500e+00 9.925932e-02
1.715000e+00 9.876876e-02
1.717500e+00 9.828008e-02
1.720000e+00 9.779328e-02
1.722500e+00 9.730836e-02
1.725000e+00 9.682531e-02
1.727500e+00 9.634412e-02
1.730000e+00 9.586479e-02
1.732500e+00 9.538732e-02
1.735000e+00 9.491171e-02
1.737500e+00 9.443794e-02
1.740000e+00 9.396602e-02
1.742500e+00 9.349595e-02
1.745000e+00 9.302771e-02
1.747500e+00 9.256130e-02
1.750000e+00 9.209672e-02
1.752500e+00 9.163397e-02
1.755000e+00 9.117304e-02
1.757500e+00 9.071393e-02
1.760000e+00 9.025663e-02
1.762500e+00 8.980114e-02
1.765000e+00 8.934745e-02
1.767500e+00 8.889556e-02
1.770000e+00 8.844547e-02
1.772500e+00 8.799717e-02
1.775000e+00 8.755066e-02
1.777500e+00 8.710593e-02
1.780000e+00 8.666299e-02
1.782500e+00 8.622181e-02
1.785000e+00 8.578241e-02
1.787500e+00 8.534477e-02
1.790000e+00 8.490890e-02
1.792500e+00 8.447479e-02
1.795000e+00 8.404242e-02
1.797500e+00 8.361181e-02
1.800000e+00 8.318295e-02
1.802500e+00 8.275582e-02
1.805000e+00 8.233043e-02
1.807500e+00 8.190678e-02
1.810000e+00 8.148485e-02
1.812500e+00 8.106465e-02
1.815000e+00 8.064617e-02
1.817500e+00 8.022940e-02
1.820000e+00 7.981434e-02
1.822500e+00 7.940099e-02
1.825000e+00 7.898934e-02
1.827500e+00 7.857939e-02
1.830000e+00 7.817113e-02
1.832500e+00 7.776457e-02
1.835000e+00 7.735968e-02
1.837500e+00 7.695648e-02
1.840000e+00 7.655496e-02
1.842500e+00 7.615510e-02
1.845000e+00 7.575692e-02
1.847500e+00 7.536040e-02
1.850000e+00 7.496553e-02
1.852500e+00 7.457232e-02
1.855000e+00 7.418076e-02
1.857500e+00 7.379085e-02
1.860000e+00 7.340258e-02
1.862500e+00 7.301594e-02
1.865000e+00 7.263094e-02
1.867500e+00 7.224757e-02
1.870000e+00 7.186581e-02
1.872500e+00 7.148568e-02
1.875000e+00 7.110717e-02
1.877500e+00 7.073026e-02
1.880000e+00 7.035496e-02
1.882500e+00 6.998126e-02
1.885000e+00 6.960916e-02
1.887500e+00 6.923865e-02
1.890000e+00 6.886973e-02
1.892500e+00 6.850239e-02
1.895000e+00 6.813664e-02
1.897500e+00 6.777245e-02
1.900000e+00 6.740984e-02
1.902500e+00 6.704880e-02
1.905000e+00 6.668932e-02
1.907500e+00 6.633139e-02
1.910000e+00 6.597502e-02
1.912500e+00 6.562019e-02
1.915000e+00 6.526691e-02
1.917500e+00 6.491517e-02
1.920000e+00 6.456497e-02
1.922500e+00 6.421629e-02
1.925000e+00 6.386914e-02
1.927500e+00 6.352352e-02
1.930000e+00 6.317941e-02
1.932500e+00 6.283681e-02
1.935000e+00 6.249573e-02
1.937500e+00 6.215614e-02
1.940000e+00 6.181806e-02
1.942500e+00 6.148147e-02
1.945000e+00 6.114637e-02
1.947500e+00 6.081276e-02
1.950000e+00 6.048063e-02
1.952500e+00 6.014998e-02
1.955000e+00 5.982080e-02
1.957500e+00 5.949309e-02
1.960000e+00 5.916684e-02
1.962500e+00 5.884205e-02
1.965000e+00 5.851872e-02
1.967500e+00 5.819684e-02
1.970000e+00 5.787640e-02
1.972500e+00 5.755741e-02
1.975000e+00 5.723985e-02
1.977500e+00 5.692373e-02
1.980000e+00 5.660904e-02
1.982500e+00 5.629577e-02
1.985000e+00 5.598392e-02
1.987500e+00 5.567348e-02
1.990000e+00 5.536446e-02
1.992500e+00 5.505684e-02
1.995000e+00 5.475062e-02
1.997500e+00 5.444580e-02
2.000000e+00 5.414238e-02
2.002500e+00 5.384034e-02
2.005000e+00 5.353969e-02
2.007500e+00 5.324042e-02
2.010000e+00 5.294252e-02
2.012500e+00 5.264599e-02
2.015000e+00 5.235083e-02
2.017500e+00 5.205704e-02
2.020000e+00 5.176460e-02
2.022500e+00 5.147351e-02
2.025000e+00 5.118377e-02
2.027500e+00 5.089538e-02
2.030000e+00 5.060833e-02
2.032500e+00 5.032261e-02
2.035000e+00 5.003823e-02
2.037500e+00 4.975517e-02
2.040000e+00 4.947344e-02
2.042500e+00 4.919302e-02
2.045000e+00 4.891392e-02
2.047500e+00 4.863613e-02
2.050000e+00 4.835964e-02
2.052500e+00 4.808445e-02
2.055000e+00 4.781056e-02
2.057500e+00 4.753796e-02
2.060000e+00 4.726665e-02
2.062500e+00 4.699663e-02
2.065000e+00 4.672788e-02
2.067500e+00 4.646041e-02
2.070000e+00 4.619420e-02
2.072500e+00 4.592927e-02
2.075000e+00 4.566559e-02
2.077500e+00 4.540318e-02
2.080000e+00 4.514201e-02
2.082500e+00 4.488210e-02
2.085000e+00 4.462343e-02
2.087500e+00 4.436600e-02
2.090000e+00 4.410980e-02
2.092500e+00 4.385484e-02
2.095000e+00 4.360110e-02
2.097500e+00 4.334859e-02
2.100000e+00 4.309730e-02
2.102500e+00 4.284722e-02
2.105000e+00 4.259835e-02
2.107500e+00 4.235069e-02
2.110000e+00 4.210423e-02
2.112500e+00 4.185896e-02
2.115000e+00 4.161489e-02
2.117500e+00 4.137201e-02
2.120000e+00 4.113032e-02
2.122500e+00 4.088980e-02
2.125000e+00 4.065046e-02
2.127500e+00 4.041229e-02
2.130000e+00 4.017529e-02
2.132500e+00 3.993946e-02
2.135000e+00 3.970478e-02
2.137500e+00 3.947126e-02
2.140000e+00 3.923889e-02
2.142500e+00 3.900766e-02
2.145000e+00 3.877758e-02
2.147500e+00 3.854864e-02
2.150000e+00 3.832083e-02
2.152500e+00 3.809415e-02
2.155000e+00 3.786860e-02
2.157500e+00 3.764417e-02
2.160000e+00 3.742086e-02
2.162500e+00 3.719866e-02
2.165000e+00 3.697757e-02
2.167500e+00 3.675758e-02
2.170000e+00 3.653870e-02
2.172500e+00 3.632091e-02
2.175000e+00 3.610422e-02
2.177500e+00 3.588862e-02
2.180000e+00 3.567410e-02
2.182500e+00 3.546066e-02
2.185000e+00 3.524830e-02
2.187500e+00 3.503701e-02
2.190000e+00 3.482678e-02
2.192500e+00 3.461763e-02
2.195000e+00 3.440953e-02
2.197500e+00 3.420249e-02
2.200000e+00 3.399650e-02
2.202500e+00 3.379156e-02
2.205000e+00 3.358767e-02
2.207500e+00 3.338481e-02
2.210000e+00 3.318299e-02
2.212500e+00 3.298221e-02
2.215000e+00 3.278245e-02
2.217500e+00 3.258371e-02
2.220000e+00 3.238600e-02
2.222500e+00 3.218930e-02
2.225000e+00 3.199361e-02
2.227500e+00 3.179893e-02
2.230000e+00 3.160526e-02
2.232500e+00 3.141259e-02
2.235000e+00 3.122091e-02
2.237500e+00 3.103023e-02
2.240000e+00 3.084053e-02
2.242500e+00 3.065182e-02
2.245000e+00 3.046409e-02
2.247500e+00 3.027734e-02
2.250000e+00 3.009156e-02
2.252500e+00 2.990675e-02
2.255000e+00 2.972290e-02
2.257500e+00 2.954002e-02
2.260000e+00 2.935809e-02
2.262500e+00 2.917712e-02
2.265000e+00 2.899709e-02
2.267500e+00 2.881802e-02
2.270000e+00 2.863988e-02
2.272500e+00 2.846269e-02
2.275000e+00 2.828642e-02
2.277500e+00 2.811109e-02
2.280000e+00 2.793669e-02
2.282500e+00 2.776321e-02
2.285000e+00 2.759064e-02
2.287500e+00 2.741900e-02
2.290000e+00 2.724826e-02
2.292500e+00 2.707844e-02
2.295000e+00 2.690951e-02
2.297500e+00 2.674149e-02
2.300000e+00 2.657437e-02
2.302500e+00 2.640814e-02
2.305000e+00 2.624279e-02
2.307500e+00 2.607834e-02
2.310000e+00 2.591476e-02
2.312500e+00 2.575207e-02
2.315000e+00 2.559025e-02
2.317500e+00 2.542930e-02
2.320000e+00 2.526921e-02
2.322500e+00 2.510999e-02
2.325000e+00 2.495163e-02
2.327500e+00 2.479413e-02
2.330000e+00 2.463748e-02
2.332500e+00 2.448168e-02
2.335000e+00 2.432673e-02
2.337500e+00 2.417261e-02
2.340000e+00 2.401934e-02
2.342500e+00 2.386690e-02
2.345000e+00 2.371529e-02
2.347500e+00 2.356451e-02
2.350000e+00 2.341455e-02
2.352500e+00 2.326541e-02
2.355000e+00 2.311709e-02
2.357500e+00 2.296959e-02
2.360000e+00 2.282289e-02
2.362500e+00 2.267700e-02
2.365000e+00 2.253191e-02
2.367500e+00 2.238763e-02
2.370000e+00 2.224414e-02
2.372500e+00 2.210144e-02
2.375000e+00 2.195953e-02
2.377500e+00 2.181840e-02
2.380000e+00 2.167806e-02
2.382500e+00 2.153850e-02
2.385000e+00 2.139971e-02
2.387500e+00 2.126169e-02
2.390000e+00 2.112445e-02
2.392500e+00 2.098796e-02
2.395000e+00 2.085224e-02
2.397500e+00 2.071728e-02
2.400000e+00 2.058307e-02
2.402500e+00 2.044961e-02
2.405000e+00 2.031691e-02
2.407500e+00 2.018494e-02
2.410000e+00 2.005372e-02
2.412500e+00 1.992324e-02
2.415000e+00 1.979349e-02
2.417500e+00 1.966447e-02
2.420000e+00 1.953618e-02
2.422500e+00 1.940862e-02
2.425000e+00 1.928177e-02
2.427500e+00 1.915565e-02
2.430000e+00 1.903024e-02
2.432500e+00 1.890554e-02
2.435000e+00 1.878155e-02
2.437500e+00 1.865827e-02
2.440000e+00 1.853569e-02
2.442500e+00 1.841381e-02
2.445000e+00 1.829262e-02
2.447500e+00 1.817212e-02
2.450000e+00 1.805232e-02
2.452500e+00 1.793320e-02
2.455000e+00 1.781476e-02
2.457500e+00 1.769701e-02
2.460000e+00 1.757993e-02
2.462500e+00 1.746352e-02
2.465000e+00 1.734779e-02
2.467500e+00 1.723272e-02
2.470000e+00 1.711832e-02
2.472500e+00 1.700457e-02
2.475000e+00 1.689149e-02
2.477500e+00 1.677906e-02
2.480000e+00 1.666728e-02
2.482500e+00 1.655615e-02
2.485000e+00 1.644567e-02
2.487500e+00 1.633583e-02
2.490000e+00 1.622663e-02
2.492500e+00 1.611806e-02
2.495000e+00 1.601013e-02
2.497500e+00 1.590283e-02
2.500000e+00 1.579616e-02
2.502500e+00 1.569011e-02
2.505000e+00 1.558468e-02
2.507500e+00 1.547987e-02
2.510000e+00 1.537568e-02
2.512500e+00 1.527210e-02
2.515000e+00 1.516913e-02
2.517500e+00 1.506677e-02
2.520000e+00 1.496501e-02
2.522500e+00 1.486385e-02
2.525000e+00 1.476329e-02
2.527500e+00 1.466332e-02
2.530000e+00 1.456395e-02
2.532500e+00 1.446517e-02
2.535000e+00 1.436697e-02
2.537500e+00 1.426936e-02
2.540000e+00 1.417233e-02
2.542500e+00 1.407587e-02
2.545000e+00 1.397999e-02
2.547500e+00 1.388469e-02
2.550000e+00 1.378995e-02
2.552500e+00 1.369578e-02
2.555000e+00 1.360217e-02
2.557500e+00 1.350913e-02
2.560000e+00 1.341664e-02
2.562500e+00 1.332471e-02
2.565000e+00 1.323333e-02
2.567500e+00 1.314250e-02
2.570000e+00 1.305222e-02
2.572500e+00 1.296249e-02
2.575000e+00 1.287329e-02
2.577500e+00 1.278464e-02
2.580000e+00 1.269652e-02
2.582500e+00 1.260894e-02
2.585000e+00 1.252189e-02
2.587500e+00 1.243536e-02
2.590000e+00 1.234936e-02
2.592500e+00 1.226389e-02
2.595000e+00 1.217894e-02
2.597500e+00 1.209450e-02
2.600000e+00 1.201058e-02
2.602500e+00 1.192717e-02
2.605000e+00 1.184427e-02
2.607500e+00 1.176188e-02
2.610000e+00 1.168000e-02
2.612500e+00 1.159862e-02
2.615000e+00 1.151773e-02
2.617500e+00 1.143735e-02
2.620000e+00 1.135746e-02
2.622500e+00 1.127806e-02
2.625000e+00 1.119915e-02
2.627500e+00 1.112073e-02
2.630000e+00 1.104279e-02
2.632500e+00 1.096534e-02
2.635000e+00 1.088836e-02
2.637500e+00 1.081187e-02
2.640000e+00 1.073584e-02
2.642500e+00 1.066029e-02
2.645000e+00 1.058521e-02
2.647500e+00 1.051060e-02
2.650000e+00 1.043645e-02
2.652500e+00 1.036276e-02
2.655000e+00 1.028954e-02
2.657500e+00 1.021677e-02
2.660000e+00 1.014446e-02
2.662500e+00 1.007260e-02
2.665000e+00 1.000119e-02
2.667500e+00 9.930229e-03
2.670000e+00 9.859713e-03
2.672500e+00 9.789642e-03
2.675000e+00 9.720011e-03
2.677500e+00 9.650820e-03
2.680000e+00 9.582065e-03
2.682500e+00 9.513744e-03
2.685000e+00 9.445855e-03
2.687500e+00 9.378395e-03
2.690000e+00 9.311363e-03
2.692500e+00 9.244755e-03
2.695000e+00 9.178571e-03
2.697500e+00 9.112807e-03
2.700000e+00 9.047461e-03
2.702500e+00 8.982531e-03
2.705000e+00 8.918015e-03
2.707500e+00 8.853910e-03
2.710000e+00 8.790215e-03
2.712500e+00 8.726927e-03
2.715000e+00 8.664043e-03
2.717500e+00 8.601563e-03
2.720000e+00 8.539483e-03
2.722500e+00 8.477801e-03
2.725000e+00 8.416516e-03
2.727500e+00 8.355624e-03
2.730000e+00 8.295125e-03
2.732500e+00 8.235015e-03
2.735000e+00 8.175293e-03
2.737500e+00 8.115956e-03
2.740000e+00 8.057003e-03
2.742500e+00 7.998431e-03
2.745000e+00 7.940238e-03
2.747500e+00 7.882422e-03
2.750000e+00 7.824982e-03
2.752500e+00 7.767914e-03
2.755000e+00 7.711218e-03
2.757500e+00 7.654890e-03
2.760000e+00 7.598929e-03
2.762500e+00 7.543333e-03
2.765000e+00 7.488100e-03
2.767500e+00 7.433227e-03
2.770000e+00 7.378713e-03
2.772500e+00 7.324556e-03
2.775000e+00 7.270754e-03
2.777500e+00 7.217305e-03
2.780000e+00 7.164206e-03
2.782500e+00 7.111456e-03
2.785000e+00 7.059054e-03
2.787500e+00 7.006996e-03
2.790000e+00 6.955281e-03
2.792500e+00 6.903907e-03
2.795000e+00 6.852873e-03
2.797500e+00 6.802175e-03
2.800000e+00 6.751813e-03
2.802500e+00 6.701785e-03
2.805000e+00 6.652088e-03
2.807500e+00 6.602721e-03
2.810000e+00 6.553681e-03
2.812500e+00 6.504968e-03
2.815000e+00 6.456578e-03
2.817500e+00 6.408511e-03
2.820000e+00 6.360764e-03
2.822500e+00 6.313336e-03
2.825000e+00 6.266225e-03
2.827500e+00 6.219428e-03
2.830000e+00 6.172945e-03
2.832500e+00 6.126773e-03
2.835000e+00 6.080910e-03
2.837500e+00 6.035356e-03
2.840000e+00 5.990107e-03
2.842500e+00 5.945162e-03
2.845000e+00 5.900520e-03
2.847500e+00 5.856179e-03
2.850000e+00 5.812137e-03
2.852500e+00 5.768391e-03
2.855000e+00 5.724942e-03
2.857500e+00 5.681786e-03
2.860000e+00 5.638922e-03
2.862500e+00 5.596349e-03
2.865000e+00 5.554064e-03
2.867500e+00 5.512066e-03
2.870000e+00 5.470354e-03
2.872500e+00 5.428925e-03
2.875000e+00 5.387778e-03
2.877500e+00 5.346912e-03
2.880000e+00 5.306324e-03
2.882500e+00 5.266013e-03
2.885000e+00 5.225978e-03
2.887500e+00 5.186216e-03
2.890000e+00 5.146727e-03
2.892500e+00 5.107508e-03
2.895000e+00 5.068558e-03
2.897500e+00 5.029875e-03
2.900000e+00 4.991458e-03
2.902500e+00 4.953305e-03
2.905000e+00 4.915415e-03
2.907500e+00 4.877786e-03
2.910000e+00 4.840416e-03
2.912500e+00 4.803305e-03
2.915000e+00 4.766449e-03
2.917500e+00 4.729849e-03
2.920000e+00 4.693502e-03
2.922500e+00 4.657406e-03
2.925000e+00 4.621561e-03
2.927500e+00 4.585965e-03
2.930000e+00 4.550616e-03
2.932500e+00 4.515513e-03
2.935000e+00 4.480654e-03
2.937500e+00 4.446037e-03
2.940000e+00 4.411663e-03
2.942500e+00 4.377528e-03
2.945000e+00 4.343631e-03
2.947500e+00 4.309972e-03
2.950000e+00 4.276548e-03
2.952500e+00 4.243358e-03
2.955000e+00 4.210401e-03
2.957500e+00 4.177675e-03
2.960000e+00 4.145179e-03
2.962500e+00 4.112911e-03
2.965000e+00 4.080870e-03
2.967500e+00 4.049055e-03
2.970000e+00 4.017465e-03
2.972500e+00 3.986097e-03
2.975000e+00 3.954950e-03
2.977500e+00 3.924024e-03
2.980000e+00 3.893317e-03
2.982500e+00 3.862827e-03
2.985000e+00 3.832553e-03
2.987500e+00 3.802493e-03
2.990000e+00 3.772648e-03
2.992500e+00 3.743014e-03
2.995000e+00 3.713591e-03
2.997500e+00 3.684378e-03
3.000000e+00 3.655372e-03
3.002500e+00 3.626574e-03
3.005000e+00 3.597981e-03
3.007500e+00 3.569592e-03
3.010000e+00 3.541407e-03
3.012500e+00 3.513423e-03
3.015000e+00 3.485639e-03
3.017500e+00 3.458055e-03
3.020000e+00 3.430669e-03
3.022500e+00 3.403479e-03
3.025000e+00 3.376485e-03
3.027500e+00 3.349685e-03
3.030000e+00 3.323078e-03
3.032500e+00 3.296663e-03
3.035000e+00 3.270439e-03
3.037500e+00 3.244404e-03
3.040000e+00 3.218557e-03
3.042500e+00 3.192897e-03
3.045000e+00 3.167422e-03
3.047500e+00 3.142133e-03
3.050000e+00 3.117026e-03
3.052500e+00 3.092102e-03
3.055000e+00 3.067360e-03
3.057500e+00 3.042797e-03
3.060000e+00 3.018412e-03
3.062500e+00 2.994206e-03
3.065000e+00 2.970176e-03
3.067500e+00 2.946321e-03
3.070000e+00 2.922641e-03
3.072500e+00 2.899133e-03
3.075000e+00 2.875798e-03
3.077500e+00 2.852633e-03
3.080000e+00 2.829639e-03
3.082500e+00 2.806813e-03
3.085000e+00 2.784154e-03
3.087500e+00 2.761662e-03
3.090000e+00 2.739336e-03
3.092500e+00 2.717174e-03
3.095000e+00 2.695175e-03
3.097500e+00 2.673338e-03
3.100000e+00 2.651662e-03
3.102500e+00 2.630147e-03
3.105000e+00 2.608791e-03
3.107500e+00 2.587592e-03
3.110000e+00 2.566551e-03
3.112500e+00 2.545666e-03
3.115000e+00 2.524935e-03
3.117500e+00 2.504359e-03
3.120000e+00 2.483935e-03
3.122500e+00 2.463663e-03
3.125000e+00 2.443543e-03
3.127500e+00 2.423572e-03
3.130000e+00 2.403750e-03
3.132500e+00 2.384076e-03
3.135000e+00 2.364549e-03
3.137500e+00 2.345168e-03
3.140000e+00 2.325931e-03
3.142500e+00 2.306839e-03
3.145000e+00 2.287890e-03
3.147500e+00 2.269084e-03
3.150000e+00 2.250418e-03
3.152500e+00 2.231893e-03
3.155000e+00 2.213507e-03
3.157500e+00 2.195259e-03
3.160000e+00 2.177149e-03
3.162500e+00 2.159175e-03
3.165000e+00 2.141337e-03
3.167500e+00 2.123634e-03
3.170000e+00 2.106064e-03
3.172500e+00 2.088628e-03
3.175000e+00 2.071323e-03
3.177500e+00 2.054150e-03
3.180000e+00 2.037107e-03
3.182500e+00 2.020193e-03
3.185000e+00 2.003408e-03
3.187500e+00 1.986750e-03
3.190000e+00 1.970219e-03
3.192500e+00 1.953814e-03
3.195000e+00 1.937534e-03
3.197500e+00 1.921378e-03
3.200000e+00 1.905346e-03
3.202500e+00 1.889436e-03
3.205000e+00 1.873648e-03
3.207500e+00 1.857980e-03
3.210000e+00 1.842433e-03
3.212500e+00 1.827005e-03
3.215000e+00 1.811695e-03
3.217500e+00 1.796503e-03
3.220000e+00 1.781427e-03
3.222500e+00 1.766468e-03
3.225000e+00 1.751623e-03
3.227500e+00 1.736894e-03
3.230000e+00 1.722277e-03
3.232500e+00 1.707774e-03
3.235000e+00 1.693382e-03
3.237500e+00 1.679102e-03
3.240000e+00 1.664932e-03
3.242500e+00 1.650872e-03
3.245000e+00 1.636921e-03
3.247500e+00 1.623078e-03
3.250000e+00 1.609343e-03
3.252500e+00 1.595714e-03
3.255000e+00 1.582191e-03
3.257500e+00 1.568774e-03
3.260000e+00 1.555461e-03
3.262500e+00 1.542252e-03
3.265000e+00 1.529145e-03
3.267500e+00 1.516141e-03
3.270000e+00 1.503239e-03
3.272500e+00 1.490438e-03
3.275000e+00 1.477737e-03
3.277500e+00 1.465135e-03
3.280000e+00 1.452632e-03
3.282500e+00 1.440227e-03
3.285000e+00 1.427920e-03
3.287500e+00 1.415709e-03
3.290000e+00 1.403594e-03
3.292500e+00 1.391575e-03
3.295000e+00 1.379650e-03
3.297500e+00 1.367819e-03
3.300000e+00 1.356082e-03
3.302500e+00 1.344437e-03
3.305000e+00 1.332885e-03
3.307500e+00 1.321423e-03
3.310000e+00 1.310053e-03
3.312500e+00 1.298772e-03
3.315000e+00 1.287581e-03
3.317500e+00 1.276479e-03
3.320000e+00 1.265465e-03
3.322500e+00 1.254538e-03
3.325000e+00 1.243699e-03
3.327500e+00 1.232945e-03
3.330000e+00 1.222278e-03
3.332500e+00 1.211695e-03
3.335000e+00 1.201197e-03
3.337500e+00 1.190782e-03
3.340000e+00 1.180451e-03
3.342500e+00 1.170203e-03
3.345000e+00 1.160036e-03
3.347500e+00 1.149951e-03
3.350000e+00 1.139947e-03
3.352500e+00 1.130023e-03
3.355000e+00 1.120179e-03
3.357500e+00 1.110414e-03
3.360000e+00 1.100727e-03
3.362500e+00 1.091118e-03
3.365000e+00 1.081587e-03
3.367500e+00 1.072133e-03
3.370000e+00 1.062755e-03
3.372500e+00 1.053452e-03
3.375000e+00 1.044225e-03
3.377500e+00 1.035072e-03
3.380000e+00 1.025994e-03
3.382500e+00 1.016989e-03
3.385000e+00 1.008057e-03
3.387500e+00 9.991972e-04
3.390000e+00 9.904095e-04
3.392500e+00 9.816933e-04
3.395000e+00 9.730480e-04
3.397500e+00 9.644730e-04
3.400000e+00 9.559678e-04
3.402500e+00 9.475320e-04
3.405000e+00 9.391650e-04
3.407500e+00 9.308662e-04
3.410000e+00 9.226353e-04
3.412500e+00 9.144717e-04
3.415000e+00 9.063749e-04
3.417500e+00 8.983443e-04
3.420000e+00 8.903796e-04
3.422500e+00 8.824802e-04
3.425000e+00 8.746457e-04
3.427500e+00 8.668755e-04
3.430000e+00 8.591691e-04
3.432500e+00 8.515262e-04
3.435000e+00 8.439462e-04
3.437500e+00 8.364287e-04
3.440000e+00 8.289731e-04
3.442500e+00 8.215791e-04
3.445000e+00 8.142461e-04
3.447500e+00 8.069738e-04
3.450000e+00 7.997616e-04
3.452500e+00 7.926091e-04
3.455000e+00 7.855158e-04
3.457500e+00 7.784814e-04
3.460000e+00 7.715053e-04
3.462500e+00 7.645871e-04
3.465000e+00 7.577265e-04
3.467500e+00 7.509228e-04
3.470000e+00 7.441758e-04
3.472500e+00 7.374850e-04
3.475000e+00 7.308500e-04
3.477500e+00 7.242703e-04
3.480000e+00 7.177455e-04
3.482500e+00 7.112753e-04
3.485000e+00 7.048591e-04
3.487500e+00 6.984966e-04
3.490000e+00 6.921874e-04
3.492500e+00 6.859311e-04
3.495000e+00 6.797272e-04
3.497500e+00 6.735754e-04
3.500000e+00 6.674752e-04
3.502500e+00 6.614263e-04
3.505000e+00 6.554283e-04
3.507500e+00 6.494808e-04
3.510000e+00 6.435834e-04
3.512500e+00 6.377357e-04
3.515000e+00 6.319374e-04
3.517500e+00 6.261880e-04
3.520000e+00 6.204871e-04
3.522500e+00 6.148345e-04
3.525000e+00 6.092297e-04
3.527500e+00 6.036724e-04
3.530000e+00 5.981622e-04
3.532500e+00 5.926987e-04
3.535000e+00 5.872815e-04
3.537500e+00 5.819104e-04
3.540000e+00 5.765850e-04
3.542500e+00 5.713048e-04
3.545000e+00 5.660696e-04
3.547500e+00 5.608790e-04
3.550000e+00 5.557326e-04
3.552500e+00 5.506302e-04
3.555000e+00 5.455713e-04
3.557500e+00 5.405556e-04
3.560000e+00 5.355829e-04
3.562500e+00 5.306527e-04
3.565000e+00 5.257647e-04
3.567500e+00 5.209185e-04
3.570000e+00 5.161140e-04
3.572500e+00 5.113507e-04
3.575000e+00 5.066283e-04
3.577500e+00 5.019465e-04
3.580000e+00 4.973050e-04
3.582500e+00 4.927034e-04
3.585000e+00 4.881414e-04
3.587500e+00 4.836188e-04
3.590000e+00 4.791352e-04
3.592500e+00 4.746903e-04
3.595000e+00 4.702838e-04
3.597500e+00 4.659154e-04
3.600000e+00 4.615849e-04
3.602500e+00 4.572918e-04
3.605000e+00 4.530359e-04
3.607500e+00 4.488169e-04
3.610000e+00 4.446345e-04
3.612500e+00 4.404885e-04
3.615000e+00 4.363784e-04
3.617500e+00 4.323041e-04
3.620000e+00 4.282653e-04
3.622500e+00 4.242617e-04
3.625000e+00 4.202929e-04
3.627500e+00 4.163588e-04
3.630000e+00 4.124590e-04
3.632500e+00 4.085933e-04
3.635000e+00 4.047613e-04
3.637500e+00 4.009629e-04
3.640000e+00 3.971978e-04
3.642500e+00 3.934656e-04
3.645000e+00 3.897661e-04
3.647500e+00 3.860991e-04
3.650000e+00 3.824643e-04
3.652500e+00 3.788614e-04
3.655000e+00 3.752902e-04
3.657500e+00 3.717504e-04
3.660000e+00 3.682418e-04
3.662500e+00 3.647641e-04
3.665000e+00 3.613171e-04
3.667500e+00 3.579004e-04
3.670000e+00 3.545140e-04
3.672500e+00 3.511575e-04
3.675000e+00 3.478306e-04
3.677500e+00 3.445332e-04
3.680000e+00 3.412650e-04
3.682500e+00 3.380257e-04
3.685000e+00 3.348152e-04
3.687500e+00 3.316332e-04
3.690000e+00 3.284794e-04
3.692500e+00 3.253537e-04
3.695000e+00 3.222557e-04
3.697500e+00 3.191854e-04
3.700000e+00 3.161423e-04
3.702500e+00 3.131264e-04
3.705000e+00 3.101374e-04
3.707500e+00 3.071751e-04
3.710000e+00 3.042392e-04
3.712500e+00 3.013296e-04
3.715000e+00 2.984460e-04
3.717500e+00 2.955882e-04
3.720000e+00 2.927560e-04
3.722500e+00 2.899491e-04
3.725000e+00 2.871675e-04
3.727500e+00 2.844108e-04
3.730000e+00 2.816789e-04
3.732500e+00 2.789716e-04
3.735000e+00 2.762885e-04
3.737500e+00 2.736297e-04
3.740000e+00 2.709948e-04
3.742500e+00 2.683836e-04
3.745000e+00 2.657960e-04
3.747500e+00 2.632318e-04
3.750000e+00 2.606907e-04
3.752500e+00 2.581726e-04
3.755000e+00 2.556772e-04
3.757500e+00 2.532045e-04
3.760000e+00 2.507541e-04
3.762500e+00 2.483260e-04
3.765000e+00 2.459199e-04
3.767500e+00 2.435356e-04
3.770000e+00 2.411730e-04
3.772500e+00 2.388319e-04
3.775000e+00 2.365120e-04
3.777500e+00 2.342133e-04
3.780000e+00 2.319355e-04
3.782500e+00 2.296785e-04
3.785000e+00 2.274420e-04
3.787500e+00 2.252260e-04
3.790000e+00 2.230302e-04
3.792500e+00 2.208545e-04
3.795000e+00 2.186987e-04
3.797500e+00 2.165626e-04
3.800000e+00 2.144461e-04
3.802500e+00 2.123489e-04
3.805000e+00 2.102711e-04
3.807500e+00 2.082123e-04
3.810000e+00 2.061723e-04
3.812500e+00 2.041512e-04
3.815000e+00 2.021486e-04
3.817500e+00 2.001645e-04
3.820000e+00 1.981986e-04
3.822500e+00 1.962509e-04
3.825000e+00 1.943211e-04
3.827500e+00 1.924091e-04
3.830000e+00 1.905148e-04
3.832500e+00 1.886380e-04
3.835000e+00 1.867786e-04
3.837500e+00 1.849363e-04
3.840000e+00 1.831112e-04
3.842500e+00 1.813029e-04
3.845000e+00 1.795114e-04
3.847500e+00 1.777365e-04
3.850000e+00 1.759781e-04
3.852500e+00 1.742361e-04
3.855000e+00 1.725102e-04
3.857500e+00 1.708004e-04
3.860000e+00 1.691065e-04
3.862500e+00 1.674284e-04
3.865000e+00 1.657660e-04
3.867500e+00 1.641191e-04
3.870000e+00 1.624875e-04
3.872500e+00 1.608712e-04
3.875000e+00 1.592700e-04
3.877500e+00 1.576837e-04
3.880000e+00 1.561124e-04
3.882500e+00 1.545557e-04
3.885000e+00 1.530136e-04
3.887500e+00 1.514861e-04
3.890000e+00 1.499728e-04
3.892500e+00 1.484737e-04
3.895000e+00 1.469888e-04
3.897500e+00 1.455178e-04
3.900000e+00 1.440607e-04
3.902500e+00 1.426172e-04
3.905000e+00 1.411874e-04
3.907500e+00 1.397711e-04
3.910000e+00 1.383681e-04
3.912500e+00 1.369784e-04
3.915000e+00 1.356018e-04
3.917500e+00 1.342383e-04
3.920000e+00 1.328876e-04
3.922500e+00 1.315497e-04
3.925000e+00 1.302245e-04
3.927500e+00 1.289119e-04
3.930000e+00 1.276117e-04
3.932500e+00 1.263239e-04
3.935000e+00 1.250483e-04
3.937500e+00 1.237848e-04
3.940000e+00 1.225334e-04
3.942500e+00 1.212938e-04
3.945000e+00 1.200661e-04
3.947500e+00 1.188500e-04
3.950000e+00 1.176456e-04
3.952500e+00 1.164527e-04
3.955000e+00 1.152711e-04
3.957500e+00 1.141009e-04
3.960000e+00 1.129418e-04
3.962500e+00 1.117939e-04
3.965000e+00 1.106569e-04
3.967500e+00 1.095308e-04
3.970000e+00 1.084155e-04
3.972500e+00 1.073109e-04
3.975000e+00 1.062169e-04
3.977500e+00 1.051335e-04
3.980000e+00 1.040604e-04
3.982500e+00 1.029977e-04
3.985000e+00 1.019452e-04
3.987500e+00 1.009028e-04
3.990000e+00 9.987052e-05
3.992500e+00 9.884816e-05
3.995000e+00 9.783567e-05
3.997500e+00 9.683295e-05
4.000000e+00 9.583993e-05
4.002500e+00 9.485651e-05
4.005000e+00 9.388260e-05
4.007500e+00 9.291813e-05
4.010000e+00 9.196300e-05
4.012500e+00 9.101713e-05
4.015000e+00 9.008043e-05
4.017500e+00 8.915283e-05
4.020000e+00 8.823424e-05
4.022500e+00 8.732458e-05
4.025000e+00 8.642376e-05
4.027500e+00 8.553172e-05
4.030000e+00 8.464836e-05
4.032500e+00 8.377361e-05
4.035000e+00 8.290739e-05
4.037500e+00 8.204962e-05
4.040000e+00 8.120022e-05
4.042500e+00 8.035913e-05
4.045000e+00 7.952626e-05
4.047500e+00 7.870153e-05
4.050000e+00 7.788488e-05
4.052500e+00 7.707623e-05
4.055000e+00 7.627550e-05
4.057500e+00 7.548263e-05
4.060000e+00 7.469754e-05
4.062500e+00 7.392016e-05
4.065000e+00 7.315041e-05
4.067500e+00 7.238824e-05
4.070000e+00 7.163356e-05
4.072500e+00 7.088631e-05
4.075000e+00 7.014643e-05
4.077500e+00 6.941384e-05
4.080000e+00 6.868847e-05
4.082500e+00 6.797026e-05
4.085000e+00 6.725915e-05
4.087500e+00 6.655506e-05
4.090000e+00 6.585794e-05
4.092500e+00 6.516772e-05
4.095000e+00 6.448432e-05
4.097500e+00 6.380770e-05
4.100000e+00 6.313779e-05
4.102500e+00 6.247452e-05
4.105000e+00 6.181783e-05
4.107500e+00 6.116767e-05
4.110000e+00 6.052397e-05
4.112500e+00 5.988666e-05
4.115000e+00 5.925570e-05
4.117500e+00 5.863103e-05
4.120000e+00 5.801257e-05
4.122500e+00 5.740028e-05
4.125000e+00 5.679410e-05
4.127500e+00 5.619397e-05
4.130000e+00 5.559983e-05
4.132500e+00 5.501163e-05
4.135000e+00 5.442932e-05
4.137500e+00 5.385283e-05
4.140000e+00 5.328211e-05
4.142500e+00 5.271710e-05
4.145000e+00 5.215777e-05
4.147500e+00 5.160404e-05
4.150000e+00 5.105587e-05
4.152500e+00 5.051320e-05
4.155000e+00 4.997599e-05
4.157500e+00 4.944418e-05
4.160000e+00 4.891772e-05
4.162500e+00 4.839656e-05
4.165000e+00 4.788065e-05
4.167500e+00 4.736994e-05
4.170000e+00 4.686438e-05
4.172500e+00 4.636392e-05
4.175000e+00 4.586852e-05
4.177500e+00 4.537812e-05
4.180000e+00 4.489268e-05
4.182500e+00 4.441215e-05
4.185000e+00 4.393648e-05
4.187500e+00 4.346563e-05
4.190000e+00 4.299956e-05
4.192500e+00 4.253820e-05
4.195000e+00 4.208153e-05
4.197500e+00 4.162950e-05
4.200000e+00 4.118206e-05
4.202500e+00 4.073916e-05
4.205000e+00 4.030077e-05
4.207500e+00 3.986684e-05
4.210000e+00 3.943733e-05
4.212500e+00 3.901220e-05
4.215000e+00 3.859139e-05
4.217500e+00 3.817489e-05
4.220000e+00 3.776263e-05
4.222500e+00 3.735458e-05
4.225000e+00 3.695070e-05
4.227500e+00 3.655095e-05
4.230000e+00 3.615529e-05
4.232500e+00 3.576368e-05
4.235000e+00 3.537608e-05
4.237500e+00 3.499245e-05
4.240000e+00 3.461276e-05
4.242500e+00 3.423696e-05
4.245000e+00 3.386502e-05
4.247500e+00 3.349690e-05
4.250000e+00 3.313256e-05
4.252500e+00 3.277197e-05
4.255000e+00 3.241509e-05
4.257500e+00 3.206188e-05
4.260000e+00 3.171231e-05
4.262500e+00 3.136635e-05
4.265000e+00 3.102395e-05
4.267500e+00 3.068508e-05
4.270000e+00 3.034971e-05
4.272500e+00 3.001781e-05
4.275000e+00 2.968934e-05
4.277500e+00 2.936426e-05
4.280000e+00 2.904255e-05
4.282500e+00 2.872417e-05
4.285000e+00 2.840908e-05
4.287500e+00 2.809726e-05
4.290000e+00 2.778868e-05
4.292500e+00 2.748329e-05
4.295000e+00 2.718108e-05
4.297500e+00 2.688200e-05
4.300000e+00 2.658603e-05
4.302500e+00 2.629314e-05
4.305000e+00 2.600330e-05
4.307500e+00 2.571647e-05
4.310000e+00 2.543263e-05
4.312500e+00 2.515175e-05
4.315000e+00 2.487380e-05
4.317500e+00 2.459874e-05
4.320000e+00 2.432656e-05
4.322500e+00 2.405722e-05
4.325000e+00 2.379069e-05
4.327500e+00 2.352695e-05
4.330000e+00 2.326597e-05
4.332500e+00 2.300771e-05
4.335000e+00 2.275216e-05
4.337500e+00 2.249929e-05
4.340000e+00 2.224907e-05
4.342500e+00 2.200147e-05
4.345000e+00 2.175647e-05
4.347500e+00 2.151404e-05
4.350000e+00 2.127415e-05
4.352500e+00 2.103679e-05
4.355000e+00 2.080192e-05
4.357500e+00 2.056952e-05
4.360000e+00 2.033956e-05
4.362500e+00 2.011203e-05
4.365000e+00 1.988689e-05
4.367500e+00 1.966412e-05
4.370000e+00 1.944370e-05
4.372500e+00 1.922561e-05
4.375000e+00 1.900982e-05
4.377500e+00 1.879630e-05
4.380000e+00 1.858505e-05
4.382500e+00 1.837602e-05
4.385000e+00 1.816920e-05
4.387500e+00 1.796457e-05
4.390000e+00 1.776210e-05
4.392500e+00 1.756178e-05
4.395000e+00 1.736358e-05
4.397500e+00 1.716748e-05
4.400000e+00 1.697346e-05
4.402500e+00 1.678149e-05
4.405000e+00 1.659156e-05
4.407500e+00 1.640365e-05
4.410000e+00 1.621773e-05
4.412500e+00 1.603379e-05
4.415000e+00 1.585180e-05
4.417500e+00 1.567175e-05
4.420000e+00 1.549361e-05
4.422500e+00 1.531736e-05
4.425000e+00 1.514299e-05
4.427500e+00 1.497048e-05
4.430000e+00 1.479981e-05
4.432500e+00 1.463095e-05
4.435000e+00 1.446389e-05
4.437500e+00 1.429862e-05
4.440000e+00 1.413511e-05
4.442500e+00 1.397334e-05
4.445000e+00 1.381330e-05
4.447500e+00 1.365497e-05
4.450000e+00 1.349833e-05
4.452500e+00 1.334336e-05
4.455000e+00 1.319005e-05
4.457500e+00 1.303838e-05
4.460000e+00 1.288833e-05
4.462500e+00 1.273989e-05
4.465000e+00 1.259303e-05
4.467500e+00 1.244775e-05
4.470000e+00 1.230402e-05
4.472500e+00 1.216184e-05
4.475000e+00 1.202117e-05
4.477500e+00 1.188202e-05
4.480000e+00 1.174435e-05
4.482500e+00 1.160817e-05
4.485000e+00 1.147344e-05
4.487500e+00 1.134016e-05
4.490000e+00 1.120831e-05
4.492500e+00 1.107787e-05
4.495000e+00 1.094883e-05
4.497500e+00 1.082118e-05
4.500000e+00 1.069490e-05
4.502500e+00 1.056998e-05
4.505000e+00 1.044640e-05
4.507500e+00 1.032415e-05
4.510000e+00 1.020321e-05
4.512500e+00 1.008357e-05
4.515000e+00 9.965216e-06
4.517500e+00 9.848135e-06
4.520000e+00 9.732314e-06
4.522500e+00 9.617738e-06
4.525000e+00 9.504395e-06
4.527500e+00 9.392270e-06
4.530000e+00 9.281352e-06
4.532500e+00 9.171627e-06
4.535000e+00 9.063083e-06
4.537500e+00 8.955706e-06
4.540000e+00 8.849485e-06
4.542500e+00 8.744406e-06
4.545000e+00 8.640458e-06
4.547500e+00 8.537629e-06
4.550000e+00 8.435905e-06
4.552500e+00 8.335276e-06
4.555000e+00 8.235730e-06
4.557500e+00 8.137255e-06
4.560000e+00 8.039838e-06
4.562500e+00 7.943470e-06
4.565000e+00 7.848137e-06
4.567500e+00 7.753830e-06
4.570000e+00 7.660537e-06
4.572500e+00 7.568246e-06
4.575000e+00 7.476947e-06
4.577500e+00 7.386630e-06
4.580000e+00 7.297282e-06
4.582500e+00 7.208894e-06
4.585000e+00 7.121455e-06
4.587500e+00 7.034955e-06
4.590000e+00 6.949383e-06
4.592500e+00 6.864728e-06
4.595000e+00 6.780982e-06
4.597500e+00 6.698133e-06
4.600000e+00 6.616173e-06
4.602500e+00 6.535090e-06
4.605000e+00 6.454875e-06
4.607500e+00 6.375519e-06
4.610000e+00 6.297011e-06
4.612500e+00 6.219343e-06
4.615000e+00 6.142505e-06
4.617500e+00 6.066488e-06
4.620000e+00 5.991282e-06
4.622500e+00 5.916878e-06
4.625000e+00 5.843268e-06
4.627500e+00 5.770441e-06
4.630000e+00 5.698390e-06
4.632500e+00 5.627106e-06
4.635000e+00 5.556579e-06
4.637500e+00 5.486802e-06
4.640000e+00 5.417765e-06
4.642500e+00 5.349461e-06
4.645000e+00 5.281880e-06
4.647500e+00 5.215014e-06
4.650000e+00 5.148856e-06
4.652500e+00 5.083397e-06
4.655000e+00 5.018628e-06
4.657500e+00 4.954543e-06
4.660000e+00 4.891132e-06
4.662500e+00 4.828389e-06
4.665000e+00 4.766305e-06
4.667500e+00 4.704872e-06
4.670000e+00 4.644083e-06
4.672500e+00 4.583931e-06
4.675000e+00 4.524408e-06
4.677500e+00 4.465506e-06
4.680000e+00 4.407218e-06
4.682500e+00 4.349536e-06
4.685000e+00 4.292454e-06
4.687500e+00 4.235965e-06
4.690000e+00 4.180061e-06
4.692500e+00 4.124734e-06
4.695000e+00 4.069980e-06
4.697500e+00 4.015789e-06
4.700000e+00 3.962156e-06
4.702500e+00 3.909073e-06
4.705000e+00 3.856534e-06
4.707500e+00 3.804533e-06
4.710000e+00 3.753062e-06
4.712500e+00 3.702115e-06
4.715000e+00 3.651686e-06
4.717500e+00 3.601768e-06
4.720000e+00 3.552354e-06
4.722500e+00 3.503440e-06
4.725000e+00 3.455017e-06
4.727500e+00 3.407080e-06
4.730000e+00 3.359623e-06
4.732500e+00 3.312640e-06
4.735000e+00 3.266125e-06
4.737500e+00 3.220071e-06
4.740000e+00 3.174473e-06
4.742500e+00 3.129325e-06
4.745000e+00 3.084621e-06
4.747500e+00 3.040355e-06
4.750000e+00 2.996521e-06
4.752500e+00 2.953115e-06
4.755000e+00 2.910129e-06
4.757500e+00 2.867559e-06
4.760000e+00 2.825399e-06
4.762500e+00 2.783643e-06
4.765000e+00 2.742287e-06
4.767500e+00 2.701324e-06
4.770000e+00 2.660749e-06
4.772500e+00 2.620557e-06
4.775000e+00 2.580743e-06
4.777500e+00 2.541301e-06
4.780000e+00 2.502226e-06
4.782500e+00 2.463513e-06
4.785000e+00 2.425158e-06
4.787500e+00 2.387154e-06
4.790000e+00 2.349496e-06
4.792500e+00 2.312181e-06
4.795000e+00 2.275202e-06
4.797500e+00 2.238556e-06
4.800000e+00 2.202236e-06
4.802500e+00 2.166239e-06
4.805000e+00 2.130559e-06
4.807500e+00 2.095191e-06
4.810000e+00 2.060132e-06
4.812500e+00 2.025375e-06
4.815000e+00 1.990917e-06
4.817500e+00 1.956753e-06
4.820000e+00 1.922878e-06
4.822500e+00 1.889288e-06
4.825000e+00 1.855978e-06
4.827500e+00 1.822943e-06
4.830000e+00 1.790180e-06
4.832500e+00 1.757683e-06
4.835000e+00 1.725449e-06
4.837500e+00 1.693473e-06
4.840000e+00 1.661750e-06
4.842500e+00 1.630276e-06
4.845000e+00 1.599047e-06
4.847500e+00 1.568059e-06
4.850000e+00 1.537308e-06
4.852500e+00 1.506788e-06
4.855000e+00 1.476497e-06
4.857500e+00 1.446429e-06
4.860000e+00 1.416581e-06
4.862500e+00 1.386949e-06
4.865000e+00 1.357528e-06
4.867500e+00 1.328314e-06
4.870000e+00 1.299304e-06
4.872500e+00 1.270493e-06
4.875000e+00 1.241877e-06
4.877500e+00 1.213453e-06
4.880000e+00 1.185216e-06
4.882500e+00 1.157162e-06
4.885000e+00 1.129288e-06
4.887500e+00 1.101590e-06
4.890000e+00 1.074063e-06
4.892500e+00 1.046704e-06
4.895000e+00 1.019509e-06
4.897500e+00 9.924739e-07
4.900000e+00 9.655954e-07
4.902500e+00 9.388694e-07
4.905000e+00 9.122921e-07
4.907500e+00 8.858598e-07
4.910000e+00 8.595687e-07
4.912500e+00 8.334152e-07
4.915000e+00 8.073953e-07
4.917500e+00 7.815056e-07
4.920000e+00 7.557421e-07
4.922500e+00 7.301014e-07
4.925000e+00 7.045796e-07
4.927500e+00 6.791731e-07
4.930000e+00 6.538783e-07
4.932500e+00 6.286916e-07
4.935000e+00 6.036092e-07
4.937500e+00 5.786277e-07
4.940000e+00 5.537433e-07
4.942500e+00 5.289524e-07
4.945000e+00 5.042515e-07
4.947500e+00 4.796370e-07
4.950000e+00 4.551052e-07
4.952500e+00 4.306527e-07
4.955000e+00 4.062758e-07
4.957500e+00 3.819710e-07
4.960000e+00 3.577347e-07
4.962500e+00 3.335633e-07
4.965000e+00 3.094534e-07
4.967500e+00 2.854013e-07
4.970000e+00 2.614035e-07
4.972500e+00 2.374565e-07
4.975000e+00 2.135567e-07
4.977500e+00 1.897006e-07
4.980000e+00 1.658847e-07
4.982500e+00 1.421054e-07
4.985000e+00 1.183591e-07
4.987500e+00 9.464240e-08
4.990000e+00 7.095167e-08
4.992500e+00 4.728339e-08
4.995000e+00 2.363401e-08
4.997500e+00 0.000000e+00
