0.000000e+00 5.641896e-01
2.500000e-03 5.641878e-01
5.000000e-03 5.641825e-01
7.500000e-03 5.641737e-01
1.000000e-02 5.641614e-01
1.250000e-02 5.641455e-01
1.500000e-02 5.641261e-01
1.750000e-02 5.641032e-01
2.000000e-02 5.640768e-01
2.250000e-02 5.640468e-01
2.500000e-02 5.640133e-01
2.750000e-02 5.639763e-01
3.000000e-02 5.639358e-01
3.250000e-02 5.638917e-01
3.500000e-02 5.638441e-01
3.750000e-02 5.637930e-01
4.000000e-02 5.637384e-01
4.250000e-02 5.636803e-01
4.500000e-02 5.636186e-01
4.750000e-02 5.635535e-01
5.000000e-02 5.634848e-01
5.250000e-02 5.634126e-01
5.500000e-02 5.633369e-01
5.750000e-02 5.632577e-01
6.000000e-02 5.631750e-01
6.250000e-02 5.630887e-01
6.500000e-02 5.629990e-01
6.750000e-02 5.629058e-01
7.000000e-02 5.628090e-01
7.250000e-02 5.627088e-01
7.500000e-02 5.626050e-01
7.750000e-02 5.624978e-01
8.000000e-02 5.623871e-01
8.250000e-02 5.622728e-01
8.500000e-02 5.621551e-01
8.750000e-02 5.620339e-01
9.000000e-02 5.619092e-01
9.250000e-02 5.617811e-01
9.500000e-02 5.616494e-01
9.750000e-02 5.615143e-01
1.000000e-01 5.613757e-01
1.025000e-01 5.612336e-01
1.050000e-01 5.610880e-01
1.075000e-01 5.609390e-01
1.100000e-01 5.607865e-01
1.125000e-01 5.606306e-01
1.150000e-01 5.604712e-01
1.175000e-01 5.603083e-01
1.200000e-01 5.601420e-01
1.225000e-01 5.599722e-01
1.250000e-01 5.597990e-01
1.275000e-01 5.596224e-01
1.300000e-01 5.594423e-01
1.325000e-01 5.592587e-01
1.350000e-01 5.590718e-01
1.375000e-01 5.588814e-01
1.400000e-01 5.586875e-01
1.425000e-01 5.584903e-01
1.450000e-01 5.582896e-01
1.475000e-01 5.580855e-01
1.500000e-01 5.578780e-01
1.525000e-01 5.576671e-01
1.550000e-01 5.574528e-01
1.575000e-01 5.572351e-01
1.600000e-01 5.570140e-01
1.625000e-01 5.567895e-01
1.650000e-01 5.565616e-01
1.675000e-01 5.563303e-01
1.700000e-01 5.560957e-01
1.725000e-01 5.558576e-01
1.750000e-01 5.556162e-01
1.775000e-01 5.553715e-01
1.800000e-01 5.551233e-01
1.825000e-01 5.548719e-01
1.850000e-01 5.546170e-01
1.875000e-01 5.543588e-01
1.900000e-01 5.540973e-01
1.925000e-01 5.538325e-01
1.950000e-01 5.535643e-01
1.975000e-01 5.532927e-01
2.000000e-01 5.530179e-01
2.025000e-01 5.527397e-01
2.050000e-01 5.524582e-01
2.075000e-01 5.521734e-01
2.100000e-01 5.518854e-01
2.125000e-01 5.515940e-01
2.150000e-01 5.512993e-01
2.175000e-01 5.510013e-01
2.200000e-01 5.507001e-01
2.225000e-01 5.503956e-01
2.250000e-01 5.500878e-01
2.275000e-01 5.497767e-01
2.300000e-01 5.494624e-01
2.325000e-01 5.491448e-01
2.350000e-01 5.488240e-01
2.375000e-01 5.485000e-01
2.400000e-01 5.481727e-01
2.425000e-01 5.478422e-01
2.450000e-01 5.475084e-01
2.475000e-01 5.471715e-01
2.500000e-01 5.468313e-01
2.525000e-01 5.464879e-01
2.550000e-01 5.461414e-01
2.575000e-01 5.457916e-01
2.600000e-01 5.454387e-01
2.625000e-01 5.450825e-01
2.650000e-01 5.447232e-01
2.675000e-01 5.443608e-01
2.700000e-01 5.439952e-01
2.725000e-01 5.436264e-01
2.750000e-01 5.432545e-01
2.775000e-01 5.428794e-01
2.800000e-01 5.425012e-01
2.825000e-01 5.421199e-01
2.850000e-01 5.417355e-01
2.875000e-01 5.413479e-01
2.900000e-01 5.409573e-01
2.925000e-01 5.405636e-01
2.950000e-01 5.401667e-01
2.975000e-01 5.397668e-01
3.000000e-01 5.393638e-01
3.025000e-01 5.389578e-01
3.050000e-01 5.385487e-01
3.075000e-01 5.381365e-01
3.100000e-01 5.377213e-01
3.125000e-01 5.373030e-01
3.150000e-01 5.368817e-01
3.175000e-01 5.364574e-01
3.200000e-01 5.360301e-01
3.225000e-01 5.355998e-01
3.250000e-01 5.351665e-01
3.275000e-01 5.347301e-01
3.300000e-01 5.342908e-01
3.325000e-01 5.338486e-01
3.350000e-01 5.334033e-01
3.375000e-01 5.329551e-01
3.400000e-01 5.325040e-01
3.425000e-01 5.320499e-01
3.450000e-01 5.315928e-01
3.475000e-01 5.311329e-01
3.500000e-01 5.306700e-01
3.525000e-01 5.302042e-01
3.550000e-01 5.297355e-01
3.575000e-01 5.292639e-01
3.600000e-01 5.287894e-01
3.625000e-01 5.283121e-01
3.650000e-01 5.278319e-01
3.675000e-01 5.273488e-01
3.700000e-01 5.268629e-01
3.725000e-01 5.263741e-01
3.750000e-01 5.258825e-01
3.775000e-01 5.253881e-01
3.800000e-01 5.248908e-01
3.825000e-01 5.243908e-01
3.850000e-01 5.238880e-01
3.875000e-01 5.233823e-01
3.900000e-01 5.228739e-01
3.925000e-01 5.223627e-01
3.950000e-01 5.218488e-01
3.975000e-01 5.213321e-01
4.000000e-01 5.208126e-01
4.025000e-01 5.202904e-01
4.050000e-01 5.197655e-01
4.075000e-01 5.192379e-01
4.100000e-01 5.187076e-01
4.125000e-01 5.181746e-01
4.150000e-01 5.176389e-01
4.175000e-01 5.171005e-01
4.200000e-01 5.165594e-01
4.225000e-01 5.160157e-01
4.250000e-01 5.154693e-01
4.275000e-01 5.149203e-01
4.300000e-01 5.143687e-01
4.325000e-01 5.138145e-01
4.350000e-01 5.132576e-01
4.375000e-01 5.126981e-01
4.400000e-01 5.121361e-01
4.425000e-01 5.115714e-01
4.450000e-01 5.110042e-01
4.475000e-01 5.104344e-01
4.500000e-01 5.098621e-01
4.525000e-01 5.092873e-01
4.550000e-01 5.087099e-01
4.575000e-01 5.081299e-01
4.600000e-01 5.075475e-01
4.625000e-01 5.069626e-01
4.650000e-01 5.063752e-01
4.675000e-01 5.057853e-01
4.700000e-01 5.051929e-01
4.725000e-01 5.045981e-01
4.750000e-01 5.040008e-01
4.775000e-01 5.034011e-01
4.800000e-01 5.027989e-01
4.825000e-01 5.021944e-01
4.850000e-01 5.015874e-01
4.875000e-01 5.009780e-01
4.900000e-01 5.003663e-01
4.925000e-01 4.997521e-01
4.950000e-01 4.991356e-01
4.975000e-01 4.985168e-01
5.000000e-01 4.978956e-01
5.025000e-01 4.972720e-01
5.050000e-01 4.966462e-01
5.075000e-01 4.960180e-01
5.100000e-01 4.953875e-01
5.125000e-01 4.947548e-01
5.150000e-01 4.941197e-01
5.175000e-01 4.934824e-01
5.200000e-01 4.928428e-01
5.225000e-01 4.922010e-01
5.250000e-01 4.915570e-01
5.275000e-01 4.909107e-01
5.300000e-01 4.902622e-01
5.325000e-01 4.896115e-01
5.350000e-01 4.889586e-01
5.375000e-01 4.883035e-01
5.400000e-01 4.876463e-01
5.425000e-01 4.869869e-01
5.450000e-01 4.863253e-01
5.475000e-01 4.856617e-01
5.500000e-01 4.849959e-01
5.525000e-01 4.843279e-01
5.550000e-01 4.836579e-01
5.575000e-01 4.829858e-01
5.600000e-01 4.823116e-01
5.625000e-01 4.816353e-01
5.650000e-01 4.809570e-01
5.675000e-01 4.802766e-01
5.700000e-01 4.795942e-01
5.725000e-01 4.789098e-01
5.750000e-01 4.782233e-01
5.775000e-01 4.775349e-01
5.800000e-01 4.768444e-01
5.825000e-01 4.761520e-01
5.850000e-01 4.754577e-01
5.875000e-01 4.747613e-01
5.900000e-01 4.740631e-01
5.925000e-01 4.733628e-01
5.950000e-01 4.726607e-01
5.975000e-01 4.719567e-01
6.000000e-01 4.712508e-01
6.025000e-01 4.705429e-01
6.050000e-01 4.698332e-01
6.075000e-01 4.691217e-01
6.100000e-01 4.684083e-01
6.125000e-01 4.676931e-01
6.150000e-01 4.669760e-01
6.175000e-01 4.662571e-01
6.200000e-01 4.655364e-01
6.225000e-01 4.648139e-01
6.250000e-01 4.640897e-01
6.275000e-01 4.633637e-01
6.300000e-01 4.626359e-01
6.325000e-01 4.619064e-01
6.350000e-01 4.611751e-01
6.375000e-01 4.604421e-01
6.400000e-01 4.597075e-01
6.425000e-01 4.589711e-01
6.450000e-01 4.582330e-01
6.475000e-01 4.574933e-01
6.500000e-01 4.567519e-01
6.525000e-01 4.560088e-01
6.550000e-01 4.552642e-01
6.575000e-01 4.545179e-01
6.600000e-01 4.537699e-01
6.625000e-01 4.530204e-01
6.650000e-01 4.522693e-01
6.675000e-01 4.515166e-01
6.700000e-01 4.507624e-01
6.725000e-01 4.500066e-01
6.750000e-01 4.492492e-01
6.775000e-01 4.484904e-01
6.800000e-01 4.477300e-01
6.825000e-01 4.469681e-01
6.850000e-01 4.462047e-01
6.875000e-01 4.454398e-01
6.900000e-01 4.446735e-01
6.925000e-01 4.439057e-01
6.950000e-01 4.431365e-01
6.975000e-01 4.423658e-01
7.000000e-01 4.415937e-01
7.025000e-01 4.408203e-01
7.050000e-01 4.400454e-01
7.075000e-01 4.392691e-01
7.100000e-01 4.384915e-01
7.125000e-01 4.377125e-01
7.150000e-01 4.369321e-01
7.175000e-01 4.361504e-01
7.200000e-01 4.353674e-01
7.225000e-01 4.345831e-01
7.250000e-01 4.337975e-01
7.275000e-01 4.330106e-01
7.300000e-01 4.322224e-01
7.325000e-01 4.314330e-01
7.350000e-01 4.306423e-01
7.375000e-01 4.298504e-01
7.400000e-01 4.290572e-01
7.425000e-01 4.282629e-01
7.450000e-01 4.274673e-01
7.475000e-01 4.266706e-01
7.500000e-01 4.258726e-01
7.525000e-01 4.250735e-01
7.550000e-01 4.242733e-01
7.575000e-01 4.234719e-01
7.600000e-01 4.226694e-01
7.625000e-01 4.218658e-01
7.650000e-01 4.210611e-01
7.675000e-01 4.202552e-01
7.700000e-01 4.194483e-01
7.725000e-01 4.186404e-01
7.750000e-01 4.178313e-01
7.775000e-01 4.170213e-01
7.800000e-01 4.162102e-01
7.825000e-01 4.153980e-01
7.850000e-01 4.145849e-01
7.875000e-01 4.137708e-01
7.900000e-01 4.129557e-01
7.925000e-01 4.121396e-01
7.950000e-01 4.113226e-01
7.975000e-01 4.105046e-01
8.000000e-01 4.096857e-01
8.025000e-01 4.088659e-01
8.050000e-01 4.080452e-01
8.075000e-01 4.072235e-01
8.100000e-01 4.064010e-01
8.125000e-01 4.055776e-01
8.150000e-01 4.047533e-01
8.175000e-01 4.039282e-01
8.200000e-01 4.031023e-01
8.225000e-01 4.022755e-01
8.250000e-01 4.014479e-01
8.275000e-01 4.006195e-01
8.300000e-01 3.997904e-01
8.325000e-01 3.989604e-01
8.350000e-01 3.981297e-01
8.375000e-01 3.972982e-01
8.400000e-01 3.964660e-01
8.425000e-01 3.956331e-01
8.450000e-01 3.947994e-01
8.475000e-01 3.939651e-01
8.500000e-01 3.931300e-01
8.525000e-01 3.922943e-01
8.550000e-01 3.914578e-01
8.575000e-01 3.906208e-01
8.600000e-01 3.897831e-01
8.625000e-01 3.889447e-01
8.650000e-01 3.881057e-01
8.675000e-01 3.872662e-01
8.700000e-01 3.864260e-01
8.725000e-01 3.855852e-01
8.750000e-01 3.847439e-01
8.775000e-01 3.839020e-01
8.800000e-01 3.830595e-01
8.825000e-01 3.822165e-01
8.850000e-01 3.813730e-01
8.875000e-01 3.805289e-01
8.900000e-01 3.796844e-01
8.925000e-01 3.788393e-01
8.950000e-01 3.779938e-01
8.975000e-01 3.771478e-01
9.000000e-01 3.763014e-01
9.025000e-01 3.754545e-01
9.050000e-01 3.746071e-01
9.075000e-01 3.737594e-01
9.100000e-01 3.729112e-01
9.125000e-01 3.720626e-01
9.150000e-01 3.712137e-01
9.175000e-01 3.703643e-01
9.200000e-01 3.695146e-01
9.225000e-01 3.686646e-01
9.250000e-01 3.678142e-01
9.275000e-01 3.669634e-01
9.300000e-01 3.661124e-01
9.325000e-01 3.652610e-01
9.350000e-01 3.644094e-01
9.375000e-01 3.635574e-01
9.400000e-01 3.627052e-01
9.425000e-01 3.618527e-01
9.450000e-01 3.610000e-01
9.475000e-01 3.601470e-01
9.500000e-01 3.592938e-01
9.525000e-01 3.584403e-01
9.550000e-01 3.575867e-01
9.575000e-01 3.567329e-01
9.600000e-01 3.558788e-01
9.625000e-01 3.550246e-01
9.650000e-01 3.541703e-01
9.675000e-01 3.533158e-01
9.700000e-01 3.524611e-01
9.725000e-01 3.516063e-01
9.750000e-01 3.507514e-01
9.775000e-01 3.498964e-01
9.800000e-01 3.490413e-01
9.825000e-01 3.481861e-01
9.850000e-01 3.473309e-01
9.875000e-01 3.464755e-01
9.900000e-01 3.456201e-01
9.925000e-01 3.447647e-01
9.950000e-01 3.439093e-01
9.975000e-01 3.430538e-01
1.000000e+00 3.421983e-01
1.002500e+00 3.413428e-01
1.005000e+00 3.404873e-01
1.007500e+00 3.396318e-01
1.010000e+00 3.387764e-01
1.012500e+00 3.379210e-01
1.015000e+00 3.370657e-01
1.017500e+00 3.362104e-01
1.020000e+00 3.353552e-01
1.022500e+00 3.345001e-01
1.025000e+00 3.336451e-01
1.027500e+00 3.327902e-01
1.030000e+00 3.319354e-01
1.032500e+00 3.310807e-01
1.035000e+00 3.302262e-01
1.037500e+00 3.293718e-01
1.040000e+00 3.285176e-01
1.042500e+00 3.276635e-01
1.045000e+00 3.268096e-01
1.047500e+00 3.259559e-01
1.050000e+00 3.251024e-01
1.052500e+00 3.242492e-01
1.055000e+00 3.233961e-01
1.057500e+00 3.225432e-01
1.060000e+00 3.216906e-01
1.062500e+00 3.208383e-01
1.065000e+00 3.199862e-01
1.067500e+00 3.191344e-01
1.070000e+00 3.182828e-01
1.072500e+00 3.174316e-01
1.075000e+00 3.165806e-01
1.077500e+00 3.157299e-01
1.080000e+00 3.148796e-01
1.082500e+00 3.140296e-01
1.085000e+00 3.131799e-01
1.087500e+00 3.123306e-01
1.090000e+00 3.114816e-01
1.092500e+00 3.106330e-01
1.095000e+00 3.097848e-01
1.097500e+00 3.089370e-01
1.100000e+00 3.080895e-01
1.102500e+00 3.072425e-01
1.105000e+00 3.063958e-01
1.107500e+00 3.055496e-01
1.110000e+00 3.047039e-01
1.112500e+00 3.038585e-01
1.115000e+00 3.030136e-01
1.117500e+00 3.021692e-01
1.120000e+00 3.013253e-01
1.122500e+00 3.004818e-01
1.125000e+00 2.996388e-01
1.127500e+00 2.987963e-01
1.130000e+00 2.979544e-01
1.132500e+00 2.971129e-01
1.135000e+00 2.962720e-01
1.137500e+00 2.954316e-01
1.140000e+00 2.945917e-01
1.142500e+00 2.937524e-01
1.145000e+00 2.929136e-01
1.147500e+00 2.920755e-01
1.150000e+00 2.912379e-01
1.152500e+00 2.904009e-01
1.155000e+00 2.895644e-01
1.157500e+00 2.887286e-01
1.160000e+00 2.878934e-01
1.162500e+00 2.870588e-01
1.165000e+00 2.862249e-01
1.167500e+00 2.853916e-01
1.170000e+00 2.845589e-01
1.172500e+00 2.837269e-01
1.175000e+00 2.828956e-01
1.177500e+00 2.820649e-01
1.180000e+00 2.812349e-01
1.182500e+00 2.804056e-01
1.185000e+00 2.795770e-01
1.187500e+00 2.787491e-01
1.190000e+00 2.779220e-01
1.192500e+00 2.770955e-01
1.195000e+00 2.762698e-01
1.197500e+00 2.754448e-01
1.200000e+00 2.746206e-01
1.202500e+00 2.737971e-01
1.205000e+00 2.729744e-01
1.207500e+00 2.721524e-01
1.210000e+00 2.713312e-01
1.212500e+00 2.705109e-01
1.215000e+00 2.696913e-01
1.217500e+00 2.688725e-01
1.220000e+00 2.680545e-01
1.222500e+00 2.672373e-01
1.225000e+00 2.664210e-01
1.227500e+00 2.656055e-01
1.230000e+00 2.647909e-01
1.232500e+00 2.639771e-01
1.235000e+00 2.631641e-01
1.237500e+00 2.623520e-01
1.240000e+00 2.615408e-01
1.242500e+00 2.607305e-01
1.245000e+00 2.599210e-01
1.247500e+00 2.591125e-01
1.250000e+00 2.583048e-01
1.252500e+00 2.574981e-01
1.255000e+00 2.566922e-01
1.257500e+00 2.558873e-01
1.260000e+00 2.550833e-01
1.262500e+00 2.542803e-01
1.265000e+00 2.534782e-01
1.267500e+00 2.526771e-01
1.270000e+00 2.518769e-01
1.272500e+00 2.510776e-01
1.275000e+00 2.502794e-01
1.277500e+00 2.494821e-01
1.280000e+00 2.486858e-01
1.282500e+00 2.478905e-01
1.285000e+00 2.470962e-01
1.287500e+00 2.463029e-01
1.290000e+00 2.455107e-01
1.292500e+00 2.447194e-01
1.295000e+00 2.439292e-01
1.297500e+00 2.431400e-01
1.300000e+00 2.423518e-01
1.302500e+00 2.415647e-01
1.305000e+00 2.407786e-01
1.307500e+00 2.399936e-01
1.310000e+00 2.392096e-01
1.312500e+00 2.384268e-01
1.315000e+00 2.376450e-01
1.317500e+00 2.368643e-01
1.320000e+00 2.360846e-01
1.322500e+00 2.353061e-01
1.325000e+00 2.345287e-01
1.327500e+00 2.337523e-01
1.330000e+00 2.329771e-01
1.332500e+00 2.322031e-01
1.335000e+00 2.314301e-01
1.337500e+00 2.306583e-01
1.340000e+00 2.298876e-01
1.342500e+00 2.291180e-01
1.345000e+00 2.283496e-01
1.347500e+00 2.275824e-01
1.350000e+00 2.268163e-01
1.352500e+00 2.260514e-01
1.355000e+00 2.252876e-01
1.357500e+00 2.245250e-01
1.360000e+00 2.237636e-01
1.362500e+00 2.230034e-01
1.365000e+00 2.222444e-01
1.367500e+00 2.214866e-01
1.370000e+00 2.207300e-01
1.372500e+00 2.199746e-01
1.375000e+00 2.192204e-01
1.377500e+00 2.184675e-01
1.380000e+00 2.177158e-01
1.382500e+00 2.169653e-01
1.385000e+00 2.162160e-01
1.387500e+00 2.154680e-01
1.390000e+00 2.147212e-01
1.392500e+00 2.139756e-01
1.395000e+00 2.132314e-01
1.397500e+00 2.124884e-01
1.400000e+00 2.117466e-01
1.402500e+00 2.110061e-01
1.405000e+00 2.102669e-01
1.407500e+00 2.095290e-01
1.410000e+00 2.087924e-01
1.412500e+00 2.080570e-01
1.415000e+00 2.073230e-01
1.417500e+00 2.065902e-01
1.420000e+00 2.058588e-01
1.422500e+00 2.051286e-01
1.425000e+00 2.043998e-01
1.427500e+00 2.036723e-01
1.430000e+00 2.029461e-01
1.432500e+00 2.022212e-01
1.435000e+00 2.014977e-01
1.437500e+00 2.007755e-01
1.440000e+00 2.000546e-01
1.442500e+00 1.993351e-01
1.445000e+00 1.986169e-01
1.447500e+00 1.979001e-01
1.450000e+00 1.971846e-01
1.452500e+00 1.964705e-01
1.455000e+00 1.957577e-01
1.457500e+00 1.950463e-01
1.460000e+00 1.943363e-01
1.462500e+00 1.936277e-01
1.465000e+00 1.929204e-01
1.467500e+00 1.922146e-01
1.470000e+00 1.915101e-01
1.472500e+00 1.908070e-01
1.475000e+00 1.901052e-01
1.477500e+00 1.894049e-01
1.480000e+00 1.887060e-01
1.482500e+00 1.880085e-01
1.485000e+00 1.873124e-01
1.487500e+00 1.866177e-01
1.490000e+00 1.859244e-01
1.492500e+00 1.852326e-01
1.495000e+00 1.845421e-01
1.497500e+00 1.838531e-01
1.500000e+00 1.831655e-01
1.502500e+00 1.824794e-01
1.505000e+00 1.817947e-01
1.507500e+00 1.811114e-01
1.510000e+00 1.804295e-01
1.512500e+00 1.797491e-01
1.515000e+00 1.790702e-01
1.517500e+00 1.783927e-01
1.520000e+00 1.777166e-01
1.522500e+00 1.770420e-01
1.525000e+00 1.763689e-01
1.527500e+00 1.756972e-01
1.530000e+00 1.750270e-01
1.532500e+00 1.743583e-01
1.535000e+00 1.736910e-01
1.537500e+00 1.730252e-01
1.540000e+00 1.723609e-01
1.542500e+00 1.716980e-01
1.545000e+00 1.710366e-01
1.547500e+00 1.703768e-01
1.550000e+00 1.697184e-01
1.552500e+00 1.690614e-01
1.555000e+00 1.684060e-01
1.557500e+00 1.677521e-01
1.560000e+00 1.670996e-01
1.562500e+00 1.664487e-01
1.565000e+00 1.657993e-01
1.567500e+00 1.651513e-01
1.570000e+00 1.645049e-01
1.572500e+00 1.638600e-01
1.575000e+00 1.632165e-01
1.577500e+00 1.625746e-01
1.580000e+00 1.619342e-01
1.582500e+00 1.612954e-01
1.585000e+00 1.606580e-01
1.587500e+00 1.600221e-01
1.590000e+00 1.593878e-01
1.592500e+00 1.587550e-01
1.595000e+00 1.581237e-01
1.597500e+00 1.574940e-01
1.600000e+00 1.568657e-01
1.602500e+00 1.562391e-01
1.605000e+00 1.556139e-01
1.607500e+00 1.549902e-01
1.610000e+00 1.543682e-01
1.612500e+00 1.537476e-01
1.615000e+00 1.531286e-01
1.617500e+00 1.525111e-01
1.620000e+00 1.518951e-01
1.622500e+00 1.512807e-01
1.625000e+00 1.506679e-01
1.627500e+00 1.500565e-01
1.630000e+00 1.494468e-01
1.632500e+00 1.488386e-01
1.635000e+00 1.482319e-01
1.637500e+00 1.476268e-01
1.640000e+00 1.470232e-01
1.642500e+00 1.464212e-01
1.645000e+00 1.458207e-01
1.647500e+00 1.452218e-01
1.650000e+00 1.446244e-01
1.652500e+00 1.440286e-01
1.655000e+00 1.434344e-01
1.657500e+00 1.428417e-01
1.660000e+00 1.422506e-01
1.662500e+00 1.416610e-01
1.665000e+00 1.410730e-01
1.667500e+00 1.404866e-01
1.670000e+00 1.399017e-01
1.672500e+00 1.393184e-01
1.675000e+00 1.387367e-01
1.677500e+00 1.381565e-01
1.680000e+00 1.375779e-01
1.682500e+00 1.370009e-01
1.685000e+00 1.364254e-01
1.687500e+00 1.358515e-01
1.690000e+00 1.352791e-01
1.692500e+00 1.347084e-01
1.695000e+00 1.341392e-01
1.697500e+00 1.335715e-01
1.700000e+00 1.330055e-01
1.702500e+00 1.324410e-01
1.705000e+00 1.318781e-01
1.707500e+00 1.313167e-01
1.710000e+00 1.307570e-01
1.712500e+00 1.301988e-01
1.715000e+00 1.296421e-01
1.717500e+00 1.290871e-01
1.720000e+00 1.285336e-01
1.722500e+00 1.279817e-01
1.725000e+00 1.274314e-01
1.727500e+00 1.268826e-01
1.730000e+00 1.263354e-01
1.732500e+00 1.257898e-01
1.735000e+00 1.252458e-01
1.737500e+00 1.247033e-01
1.740000e+00 1.241624e-01
1.742500e+00 1.236231e-01
1.745000e+00 1.230853e-01
1.747500e+00 1.225492e-01
1.750000e+00 1.220146e-01
1.752500e+00 1.214815e-01
1.755000e+00 1.209501e-01
1.757500e+00 1.204202e-01
1.760000e+00 1.198919e-01
1.762500e+00 1.193651e-01
1.765000e+00 1.188400e-01
1.767500e+00 1.183164e-01
1.770000e+00 1.177944e-01
1.772500e+00 1.172739e-01
1.775000e+00 1.167550e-01
1.777500e+00 1.162377e-01
1.780000e+00 1.157220e-01
1.782500e+00 1.152078e-01
1.785000e+00 1.146952e-01
1.787500e+00 1.141841e-01
1.790000e+00 1.136746e-01
1.792500e+00 1.131667e-01
1.795000e+00 1.126604e-01
1.797500e+00 1.121556e-01
1.800000e+00 1.116524e-01
1.802500e+00 1.111507e-01
1.805000e+00 1.106506e-01
1.807500e+00 1.101521e-01
1.810000e+00 1.096551e-01
1.812500e+00 1.091597e-01
1.815000e+00 1.086659e-01
1.817500e+00 1.081736e-01
1.820000e+00 1.076829e-01
1.822500e+00 1.071937e-01
1.825000e+00 1.067060e-01
1.827500e+00 1.062200e-01
1.830000e+00 1.057355e-01
1.832500e+00 1.052525e-01
1.835000e+00 1.047711e-01
1.837500e+00 1.042912e-01
1.840000e+00 1.038129e-01
1.842500e+00 1.033361e-01
1.845000e+00 1.028609e-01
1.847500e+00 1.023873e-01
1.850000e+00 1.019151e-01
1.852500e+00 1.014445e-01
1.855000e+00 1.009755e-01
1.857500e+00 1.005080e-01
1.860000e+00 1.000420e-01
1.862500e+00 9.957760e-02
1.865000e+00 9.911471e-02
1.867500e+00 9.865335e-02
1.870000e+00 9.819353e-02
1.872500e+00 9.773524e-02
1.875000e+00 9.727848e-02
1.877500e+00 9.682326e-02
1.880000e+00 9.636956e-02
1.882500e+00 9.591738e-02
1.885000e+00 9.546673e-02
1.887500e+00 9.501761e-02
1.890000e+00 9.457000e-02
1.892500e+00 9.412392e-02
1.895000e+00 9.367936e-02
1.897500e+00 9.323631e-02
1.900000e+00 9.279478e-02
1.902500e+00 9.235476e-02
1.905000e+00 9.191625e-02
1.907500e+00 9.147925e-02
1.910000e+00 9.104377e-02
1.912500e+00 9.060979e-02
1.915000e+00 9.017731e-02
1.917500e+00 8.974634e-02
1.920000e+00 8.931687e-02
1.922500e+00 8.888889e-02
1.925000e+00 8.846242e-02
1.927500e+00 8.803744e-02
1.930000e+00 8.761396e-02
1.932500e+00 8.719197e-02
1.935000e+00 8.677147e-02
1.937500e+00 8.635245e-02
1.940000e+00 8.593493e-02
1.942500e+00 8.551888e-02
1.945000e+00 8.510432e-02
1.947500e+00 8.469124e-02
1.950000e+00 8.427964e-02
1.952500e+00 8.386952e-02
1.955000e+00 8.346086e-02
1.957500e+00 8.305369e-02
1.960000e+00 8.264798e-02
1.962500e+00 8.224373e-02
1.965000e+00 8.184096e-02
1.967500e+00 8.143965e-02
1.970000e+00 8.103980e-02
1.972500e+00 8.064140e-02
1.975000e+00 8.024447e-02
1.977500e+00 7.984899e-02
1.980000e+00 7.945496e-02
1.982500e+00 7.906238e-02
1.985000e+00 7.867125e-02
1.987500e+00 7.828157e-02
1.990000e+00 7.789333e-02
1.992500e+00 7.750653e-02
1.995000e+00 7.712117e-02
1.997500e+00 7.673725e-02
2.000000e+00 7.635476e-02
2.002500e+00 7.597370e-02
2.005000e+00 7.559407e-02
2.007500e+00 7.521587e-02
2.010000e+00 7.483909e-02
2.012500e+00 7.446373e-02
2.015000e+00 7.408980e-02
2.017500e+00 7.371728e-02
2.020000e+00 7.334617e-02
2.022500e+00 7.297648e-02
2.025000e+00 7.260820e-02
2.027500e+00 7.224132e-02
2.030000e+00 7.187585e-02
2.032500e+00 7.151178e-02
2.035000e+00 7.114911e-02
2.037500e+00 7.078784e-02
2.040000e+00 7.042796e-02
2.042500e+00 7.006947e-02
2.045000e+00 6.971237e-02
2.047500e+00 6.935666e-02
2.050000e+00 6.900233e-02
2.052500e+00 6.864939e-02
2.055000e+00 6.829782e-02
2.057500e+00 6.794763e-02
2.060000e+00 6.759881e-02
2.062500e+00 6.725136e-02
2.065000e+00 6.690528e-02
2.067500e+00 6.656056e-02
2.070000e+00 6.621721e-02
2.072500e+00 6.587521e-02
2.075000e+00 6.553457e-02
2.077500e+00 6.519529e-02
2.080000e+00 6.485736e-02
2.082500e+00 6.452077e-02
2.085000e+00 6.418553e-02
2.087500e+00 6.385164e-02
2.090000e+00 6.351908e-02
2.092500e+00 6.318786e-02
2.095000e+00 6.285798e-02
2.097500e+00 6.252942e-02
2.100000e+00 6.220220e-02
2.102500e+00 6.187630e-02
2.105000e+00 6.155172e-02
2.107500e+00 6.122847e-02
2.110000e+00 6.090653e-02
2.112500e+00 6.058590e-02
2.115000e+00 6.026659e-02
2.117500e+00 5.994858e-02
2.120000e+00 5.963188e-02
2.122500e+00 5.931648e-02
2.125000e+00 5.900238e-02
2.127500e+00 5.868958e-02
2.130000e+00 5.837807e-02
2.132500e+00 5.806785e-02
2.135000e+00 5.775892e-02
2.137500e+00 5.745128e-02
2.140000e+00 5.714491e-02
2.142500e+00 5.683982e-02
2.145000e+00 5.653601e-02
2.147500e+00 5.623347e-02
2.150000e+00 5.593221e-02
2.152500e+00 5.563220e-02
2.155000e+00 5.533346e-02
2.157500e+00 5.503598e-02
2.160000e+00 5.473976e-02
2.162500e+00 5.444479e-02
2.165000e+00 5.415108e-02
2.167500e+00 5.385861e-02
2.170000e+00 5.356738e-02
2.172500e+00 5.327740e-02
2.175000e+00 5.298866e-02
2.177500e+00 5.270115e-02
2.180000e+00 5.241487e-02
2.182500e+00 5.212982e-02
2.185000e+00 5.184600e-02
2.187500e+00 5.156340e-02
2.190000e+00 5.128203e-02
2.192500e+00 5.100187e-02
2.195000e+00 5.072292e-02
2.197500e+00 5.044518e-02
2.200000e+00 5.016865e-02
2.202500e+00 4.989332e-02
2.205000e+00 4.961920e-02
2.207500e+00 4.934627e-02
2.210000e+00 4.907454e-02
2.212500e+00 4.880400e-02
2.215000e+00 4.853464e-02
2.217500e+00 4.826647e-02
2.220000e+00 4.799949e-02
2.222500e+00 4.773368e-02
2.225000e+00 4.746905e-02
2.227500e+00 4.720558e-02
2.230000e+00 4.694329e-02
2.232500e+00 4.668217e-02
2.235000e+00 4.642220e-02
2.237500e+00 4.616340e-02
2.240000e+00 4.590575e-02
2.242500e+00 4.564925e-02
2.245000e+00 4.539390e-02
2.247500e+00 4.513970e-02
2.250000e+00 4.488665e-02
2.252500e+00 4.463473e-02
2.255000e+00 4.438395e-02
2.257500e+00 4.413430e-02
2.260000e+00 4.388578e-02
2.262500e+00 4.363839e-02
2.265000e+00 4.339212e-02
2.267500e+00 4.314697e-02
2.270000e+00 4.290294e-02
2.272500e+00 4.266002e-02
2.275000e+00 4.241821e-02
2.277500e+00 4.217751e-02
2.280000e+00 4.193792e-02
2.282500e+00 4.169942e-02
2.285000e+00 4.146202e-02
2.287500e+00 4.122571e-02
2.290000e+00 4.099050e-02
2.292500e+00 4.075637e-02
2.295000e+00 4.052333e-02
2.297500e+00 4.029137e-02
2.300000e+00 4.006048e-02
2.302500e+00 3.983067e-02
2.305000e+00 3.960193e-02
2.307500e+00 3.937426e-02
2.310000e+00 3.914765e-02
2.312500e+00 3.892210e-02
2.315000e+00 3.869761e-02
2.317500e+00 3.847417e-02
2.320000e+00 3.825179e-02
2.322500e+00 3.803045e-02
2.325000e+00 3.781016e-02
2.327500e+00 3.759091e-02
2.330000e+00 3.737269e-02
2.332500e+00 3.715551e-02
2.335000e+00 3.693937e-02
2.337500e+00 3.672425e-02
2.340000e+00 3.651015e-02
2.342500e+00 3.629708e-02
2.345000e+00 3.608502e-02
2.347500e+00 3.587398e-02
2.350000e+00 3.566395e-02
2.352500e+00 3.545493e-02
2.355000e+00 3.524691e-02
2.357500e+00 3.503989e-02
2.360000e+00 3.483388e-02
2.362500e+00 3.462885e-02
2.365000e+00 3.442482e-02
2.367500e+00 3.422178e-02
2.370000e+00 3.401972e-02
2.372500e+00 3.381864e-02
2.375000e+00 3.361854e-02
2.377500e+00 3.341942e-02
2.380000e+00 3.322127e-02
2.382500e+00 3.302409e-02
2.385000e+00 3.282787e-02
2.387500e+00 3.263261e-02
2.390000e+00 3.243832e-02
2.392500e+00 3.224497e-02
2.395000e+00 3.205259e-02
2.397500e+00 3.186114e-02
2.400000e+00 3.167065e-02
2.402500e+00 3.148110e-02
2.405000e+00 3.129248e-02
2.407500e+00 3.110480e-02
2.410000e+00 3.091806e-02
2.412500e+00 3.073224e-02
2.415000e+00 3.054735e-02
2.417500e+00 3.036338e-02
2.420000e+00 3.018033e-02
2.422500e+00 2.999819e-02
2.425000e+00 2.981697e-02
2.427500e+00 2.963666e-02
2.430000e+00 2.945726e-02
2.432500e+00 2.927876e-02
2.435000e+00 2.910115e-02
2.437500e+00 2.892445e-02
2.440000e+00 2.874864e-02
2.442500e+00 2.857371e-02
2.445000e+00 2.839968e-02
2.447500e+00 2.822653e-02
2.450000e+00 2.805426e-02
2.452500e+00 2.788286e-02
2.455000e+00 2.771234e-02
2.457500e+00 2.754269e-02
2.460000e+00 2.737391e-02
2.462500e+00 2.720599e-02
2.465000e+00 2.703893e-02
2.467500e+00 2.687274e-02
2.470000e+00 2.670739e-02
2.472500e+00 2.654290e-02
2.475000e+00 2.637925e-02
2.477500e+00 2.621645e-02
2.480000e+00 2.605450e-02
2.482500e+00 2.589338e-02
2.485000e+00 2.573309e-02
2.487500e+00 2.557364e-02
2.490000e+00 2.541502e-02
2.492500e+00 2.525722e-02
2.495000e+00 2.510025e-02
2.497500e+00 2.494410e-02
2.500000e+00 2.478876e-02
2.502500e+00 2.463424e-02
2.505000e+00 2.448052e-02
2.507500e+00 2.432762e-02
2.510000e+00 2.417551e-02
2.512500e+00 2.402421e-02
2.515000e+00 2.387371e-02
2.517500e+00 2.372400e-02
2.520000e+00 2.357508e-02
2.522500e+00 2.342695e-02
2.525000e+00 2.327961e-02
2.527500e+00 2.313305e-02
2.530000e+00 2.298726e-02
2.532500e+00 2.284226e-02
2.535000e+00 2.269802e-02
2.537500e+00 2.255456e-02
2.540000e+00 2.241186e-02
2.542500e+00 2.226993e-02
2.545000e+00 2.212875e-02
2.547500e+00 2.198834e-02
2.550000e+00 2.184868e-02
2.552500e+00 2.170977e-02
2.555000e+00 2.157160e-02
2.557500e+00 2.143419e-02
2.560000e+00 2.129751e-02
2.562500e+00 2.116158e-02
2.565000e+00 2.102638e-02
2.567500e+00 2.089191e-02
2.570000e+00 2.075818e-02
2.572500e+00 2.062517e-02
2.575000e+00 2.049289e-02
2.577500e+00 2.036132e-02
2.580000e+00 2.023048e-02
2.582500e+00 2.010035e-02
2.585000e+00 1.997093e-02
2.587500e+00 1.984222e-02
2.590000e+00 1.971422e-02
2.592500e+00 1.958692e-02
2.595000e+00 1.946033e-02
2.597500e+00 1.933443e-02
2.600000e+00 1.920922e-02
2.602500e+00 1.908470e-02
2.605000e+00 1.896088e-02
2.607500e+00 1.883774e-02
2.610000e+00 1.871528e-02
2.612500e+00 1.859350e-02
2.615000e+00 1.847240e-02
2.617500e+00 1.835198e-02
2.620000e+00 1.823222e-02
2.622500e+00 1.811313e-02
2.625000e+00 1.799471e-02
2.627500e+00 1.787695e-02
2.630000e+00 1.775985e-02
2.632500e+00 1.764341e-02
2.635000e+00 1.752762e-02
2.637500e+00 1.741248e-02
2.640000e+00 1.729799e-02
2.642500e+00 1.718415e-02
2.645000e+00 1.707094e-02
2.647500e+00 1.695838e-02
2.650000e+00 1.684646e-02
2.652500e+00 1.673517e-02
2.655000e+00 1.662451e-02
2.657500e+00 1.651447e-02
2.660000e+00 1.640507e-02
2.662500e+00 1.629629e-02
2.665000e+00 1.618812e-02
2.667500e+00 1.608058e-02
2.670000e+00 1.597365e-02
2.672500e+00 1.586733e-02
2.675000e+00 1.576162e-02
2.677500e+00 1.565652e-02
2.680000e+00 1.555202e-02
2.682500e+00 1.544812e-02
2.685000e+00 1.534482e-02
2.687500e+00 1.524211e-02
2.690000e+00 1.514000e-02
2.692500e+00 1.503848e-02
2.695000e+00 1.493754e-02
2.697500e+00 1.483720e-02
2.700000e+00 1.473743e-02
2.702500e+00 1.463824e-02
2.705000e+00 1.453963e-02
2.707500e+00 1.444159e-02
2.710000e+00 1.434412e-02
2.712500e+00 1.424723e-02
2.715000e+00 1.415089e-02
2.717500e+00 1.405513e-02
2.720000e+00 1.395992e-02
2.722500e+00 1.386527e-02
2.725000e+00 1.377118e-02
2.727500e+00 1.367764e-02
2.730000e+00 1.358465e-02
2.732500e+00 1.349221e-02
2.735000e+00 1.340031e-02
2.737500e+00 1.330896e-02
2.740000e+00 1.321814e-02
2.742500e+00 1.312787e-02
2.745000e+00 1.303813e-02
2.747500e+00 1.294892e-02
2.750000e+00 1.286024e-02
2.752500e+00 1.277209e-02
2.755000e+00 1.268446e-02
2.757500e+00 1.259736e-02
2.760000e+00 1.251078e-02
2.762500e+00 1.242471e-02
2.765000e+00 1.233916e-02
2.767500e+00 1.225412e-02
2.770000e+00 1.216959e-02
2.772500e+00 1.208557e-02
2.775000e+00 1.200205e-02
2.777500e+00 1.191904e-02
2.780000e+00 1.183653e-02
2.782500e+00 1.175451e-02
2.785000e+00 1.167299e-02
2.787500e+00 1.159197e-02
2.790000e+00 1.151143e-02
2.792500e+00 1.143138e-02
2.795000e+00 1.135182e-02
2.797500e+00 1.127274e-02
2.800000e+00 1.119414e-02
2.802500e+00 1.111602e-02
2.805000e+00 1.103837e-02
2.807500e+00 1.096120e-02
2.810000e+00 1.088451e-02
2.812500e+00 1.080828e-02
2.815000e+00 1.073251e-02
2.817500e+00 1.065722e-02
2.820000e+00 1.058238e-02
2.822500e+00 1.050800e-02
2.825000e+00 1.043408e-02
2.827500e+00 1.036062e-02
2.830000e+00 1.028761e-02
2.832500e+00 1.021505e-02
2.835000e+00 1.014294e-02
2.837500e+00 1.007127e-02
2.840000e+00 1.000005e-02
2.842500e+00 9.929272e-03
2.845000e+00 9.858932e-03
2.847500e+00 9.789028e-03
2.850000e+00 9.719560e-03
2.852500e+00 9.650524e-03
2.855000e+00 9.581919e-03
2.857500e+00 9.513741e-03
2.860000e+00 9.445990e-03
2.862500e+00 9.378663e-03
2.865000e+00 9.311757e-03
2.867500e+00 9.245271e-03
2.870000e+00 9.179203e-03
2.872500e+00 9.113549e-03
2.875000e+00 9.048309e-03
2.877500e+00 8.983479e-03
2.880000e+00 8.919058e-03
2.882500e+00 8.855044e-03
2.885000e+00 8.791434e-03
2.887500e+00 8.728227e-03
2.890000e+00 8.665420e-03
2.892500e+00 8.603011e-03
2.895000e+00 8.540998e-03
2.897500e+00 8.479379e-03
2.900000e+00 8.418152e-03
2.902500e+00 8.357315e-03
2.905000e+00 8.296866e-03
2.907500e+00 8.236802e-03
2.910000e+00 8.177123e-03
2.912500e+00 8.117825e-03
2.915000e+00 8.058906e-03
2.917500e+00 8.000365e-03
2.920000e+00 7.942200e-03
2.922500e+00 7.884409e-03
2.925000e+00 7.826989e-03
2.927500e+00 7.769938e-03
2.930000e+00 7.713255e-03
2.932500e+00 7.656938e-03
2.935000e+00 7.600985e-03
2.937500e+00 7.545393e-03
2.940000e+00 7.490161e-03
2.942500e+00 7.435287e-03
2.945000e+00 7.380769e-03
2.947500e+00 7.326605e-03
2.950000e+00 7.272793e-03
2.952500e+00 7.219330e-03
2.955000e+00 7.166217e-03
2.957500e+00 7.113449e-03
2.960000e+00 7.061026e-03
2.962500e+00 7.008945e-03
2.965000e+00 6.957205e-03
2.967500e+00 6.905804e-03
2.970000e+00 6.854740e-03
2.972500e+00 6.804010e-03
2.975000e+00 6.753614e-03
2.977500e+00 6.703550e-03
2.980000e+00 6.653815e-03
2.982500e+00 6.604407e-03
2.985000e+00 6.555326e-03
2.987500e+00 6.506569e-03
2.990000e+00 6.458133e-03
2.992500e+00 6.410019e-03
2.995000e+00 6.362223e-03
2.997500e+00 6.314744e-03
3.000000e+00 6.267580e-03
3.002500e+00 6.220730e-03
3.005000e+00 6.174191e-03
3.007500e+00 6.127962e-03
3.010000e+00 6.082041e-03
3.012500e+00 6.036427e-03
3.015000e+00 5.991117e-03
3.017500e+00 5.946110e-03
3.020000e+00 5.901404e-03
3.022500e+00 5.856998e-03
3.025000e+00 5.812890e-03
3.027500e+00 5.769078e-03
3.030000e+00 5.725560e-03
3.032500e+00 5.682335e-03
3.035000e+00 5.639401e-03
3.037500e+00 5.596756e-03
3.040000e+00 5.554400e-03
3.042500e+00 5.512329e-03
3.045000e+00 5.470543e-03
3.047500e+00 5.429039e-03
3.050000e+00 5.387817e-03
3.052500e+00 5.346875e-03
3.055000e+00 5.306210e-03
3.057500e+00 5.265822e-03
3.060000e+00 5.225708e-03
3.062500e+00 5.185868e-03
3.065000e+00 5.146299e-03
3.067500e+00 5.107000e-03
3.070000e+00 5.067970e-03
3.072500e+00 5.029206e-03
3.075000e+00 4.990708e-03
3.077500e+00 4.952474e-03
3.080000e+00 4.914502e-03
3.082500e+00 4.876790e-03
3.085000e+00 4.839338e-03
3.087500e+00 4.802143e-03
3.090000e+00 4.765204e-03
3.092500e+00 4.728520e-03
3.095000e+00 4.692089e-03
3.097500e+00 4.655909e-03
3.100000e+00 4.619980e-03
3.102500e+00 4.584299e-03
3.105000e+00 4.548865e-03
3.107500e+00 4.513677e-03
3.110000e+00 4.478734e-03
3.112500e+00 4.444033e-03
3.115000e+00 4.409573e-03
3.117500e+00 4.375353e-03
3.120000e+00 4.341372e-03
3.122500e+00 4.307627e-03
3.125000e+00 4.274118e-03
3.127500e+00 4.240844e-03
3.130000e+00 4.207802e-03
3.132500e+00 4.174991e-03
3.135000e+00 4.142410e-03
3.137500e+00 4.110058e-03
3.140000e+00 4.077933e-03
3.142500e+00 4.046034e-03
3.145000e+00 4.014360e-03
3.147500e+00 3.982908e-03
3.150000e+00 3.951678e-03
3.152500e+00 3.920669e-03
3.155000e+00 3.889878e-03
3.157500e+00 3.859305e-03
3.160000e+00 3.828949e-03
3.162500e+00 3.798808e-03
3.165000e+00 3.768880e-03
3.167500e+00 3.739165e-03
3.170000e+00 3.709660e-03
3.172500e+00 3.680366e-03
3.175000e+00 3.651280e-03
3.177500e+00 3.622402e-03
3.180000e+00 3.593729e-03
3.182500e+00 3.565261e-03
3.185000e+00 3.536996e-03
3.187500e+00 3.508934e-03
3.190000e+00 3.481072e-03
3.192500e+00 3.453410e-03
3.195000e+00 3.425947e-03
3.197500e+00 3.398680e-03
3.200000e+00 3.371610e-03
3.202500e+00 3.344734e-03
3.205000e+00 3.318052e-03
3.207500e+00 3.291562e-03
3.210000e+00 3.265263e-03
3.212500e+00 3.239154e-03
3.215000e+00 3.213234e-03
3.217500e+00 3.187501e-03
3.220000e+00 3.161954e-03
3.222500e+00 3.136593e-03
3.225000e+00 3.111416e-03
3.227500e+00 3.086421e-03
3.230000e+00 3.061608e-03
3.232500e+00 3.036976e-03
3.235000e+00 3.012523e-03
3.237500e+00 2.988248e-03
3.240000e+00 2.964150e-03
3.242500e+00 2.940228e-03
3.245000e+00 2.916481e-03
3.247500e+00 2.892908e-03
3.250000e+00 2.869507e-03
3.252500e+00 2.846278e-03
3.255000e+00 2.823219e-03
3.257500e+00 2.800330e-03
3.260000e+00 2.777609e-03
3.262500e+00 2.755054e-03
3.265000e+00 2.732666e-03
3.267500e+00 2.710443e-03
3.270000e+00 2.688384e-03
3.272500e+00 2.666488e-03
3.275000e+00 2.644753e-03
3.277500e+00 2.623180e-03
3.280000e+00 2.601766e-03
3.282500e+00 2.580510e-03
3.285000e+00 2.559413e-03
3.287500e+00 2.538472e-03
3.290000e+00 2.517686e-03
3.292500e+00 2.497055e-03
3.295000e+00 2.476578e-03
3.297500e+00 2.456253e-03
3.300000e+00 2.436080e-03
3.302500e+00 2.416058e-03
3.305000e+00 2.396185e-03
3.307500e+00 2.376461e-03
3.310000e+00 2.356884e-03
3.312500e+00 2.337454e-03
3.315000e+00 2.318169e-03
3.317500e+00 2.299030e-03
3.320000e+00 2.280034e-03
3.322500e+00 2.261181e-03
3.325000e+00 2.242470e-03
3.327500e+00 2.223900e-03
3.330000e+00 2.205469e-03
3.332500e+00 2.187178e-03
3.335000e+00 2.169025e-03
3.337500e+00 2.151009e-03
3.340000e+00 2.133130e-03
3.342500e+00 2.115386e-03
3.345000e+00 2.097776e-03
3.347500e+00 2.080300e-03
3.350000e+00 2.062957e-03
3.352500e+00 2.045745e-03
3.355000e+00 2.028665e-03
3.357500e+00 2.011714e-03
3.360000e+00 1.994893e-03
3.362500e+00 1.978200e-03
3.365000e+00 1.961634e-03
3.367500e+00 1.945195e-03
3.370000e+00 1.928882e-03
3.372500e+00 1.912693e-03
3.375000e+00 1.896628e-03
3.377500e+00 1.880687e-03
3.380000e+00 1.864868e-03
3.382500e+00 1.849171e-03
3.385000e+00 1.833594e-03
3.387500e+00 1.818137e-03
3.390000e+00 1.802799e-03
3.392500e+00 1.787579e-03
3.395000e+00 1.772477e-03
3.397500e+00 1.757491e-03
3.400000e+00 1.742621e-03
3.402500e+00 1.727866e-03
3.405000e+00 1.713225e-03
3.407500e+00 1.698698e-03
3.410000e+00 1.684284e-03
3.412500e+00 1.669981e-03
3.415000e+00 1.655789e-03
3.417500e+00 1.641708e-03
3.420000e+00 1.627736e-03
3.422500e+00 1.613874e-03
3.425000e+00 1.600119e-03
3.427500e+00 1.586471e-03
3.430000e+00 1.572930e-03
3.432500e+00 1.559495e-03
3.435000e+00 1.546165e-03
3.437500e+00 1.532940e-03
3.440000e+00 1.519818e-03
3.442500e+00 1.506799e-03
3.445000e+00 1.493882e-03
3.447500e+00 1.481066e-03
3.450000e+00 1.468351e-03
3.452500e+00 1.455737e-03
3.455000e+00 1.443222e-03
3.457500e+00 1.430805e-03
3.460000e+00 1.418486e-03
3.462500e+00 1.406265e-03
3.465000e+00 1.394140e-03
3.467500e+00 1.382111e-03
3.470000e+00 1.370178e-03
3.472500e+00 1.358338e-03
3.475000e+00 1.346593e-03
3.477500e+00 1.334941e-03
3.480000e+00 1.323382e-03
3.482500e+00 1.311914e-03
3.485000e+00 1.300538e-03
3.487500e+00 1.289252e-03
3.490000e+00 1.278056e-03
3.492500e+00 1.266950e-03
3.495000e+00 1.255932e-03
3.497500e+00 1.245002e-03
3.500000e+00 1.234160e-03
3.502500e+00 1.223404e-03
3.505000e+00 1.212735e-03
3.507500e+00 1.202151e-03
3.510000e+00 1.191652e-03
3.512500e+00 1.181237e-03
3.515000e+00 1.170906e-03
3.517500e+00 1.160658e-03
3.520000e+00 1.150493e-03
3.522500e+00 1.140409e-03
3.525000e+00 1.130407e-03
3.527500e+00 1.120486e-03
3.530000e+00 1.110644e-03
3.532500e+00 1.100883e-03
3.535000e+00 1.091200e-03
3.537500e+00 1.081595e-03
3.540000e+00 1.072069e-03
3.542500e+00 1.062620e-03
3.545000e+00 1.053247e-03
3.547500e+00 1.043951e-03
3.550000e+00 1.034730e-03
3.552500e+00 1.025584e-03
3.555000e+00 1.016513e-03
3.557500e+00 1.007515e-03
3.560000e+00 9.985913e-04
3.562500e+00 9.897402e-04
3.565000e+00 9.809614e-04
3.567500e+00 9.722544e-04
3.570000e+00 9.636186e-04
3.572500e+00 9.550536e-04
3.575000e+00 9.465588e-04
3.577500e+00 9.381337e-04
3.580000e+00 9.297778e-04
3.582500e+00 9.214905e-04
3.585000e+00 9.132714e-04
3.587500e+00 9.051200e-04
3.590000e+00 8.970357e-04
3.592500e+00 8.890180e-04
3.595000e+00 8.810665e-04
3.597500e+00 8.731807e-04
3.600000e+00 8.653600e-04
3.602500e+00 8.576040e-04
3.605000e+00 8.499123e-04
3.607500e+00 8.422842e-04
3.610000e+00 8.347194e-04
3.612500e+00 8.272174e-04
3.615000e+00 8.197776e-04
3.617500e+00 8.123997e-04
3.620000e+00 8.050832e-04
3.622500e+00 7.978276e-04
3.625000e+00 7.906324e-04
3.627500e+00 7.834972e-04
3.630000e+00 7.764216e-04
3.632500e+00 7.694050e-04
3.635000e+00 7.624471e-04
3.637500e+00 7.555474e-04
3.640000e+00 7.487054e-04
3.642500e+00 7.419208e-04
3.645000e+00 7.351930e-04
3.647500e+00 7.285218e-04
3.650000e+00 7.219065e-04
3.652500e+00 7.153468e-04
3.655000e+00 7.088423e-04
3.657500e+00 7.023926e-04
3.660000e+00 6.959972e-04
3.662500e+00 6.896557e-04
3.665000e+00 6.833677e-04
3.667500e+00 6.771329e-04
3.670000e+00 6.709507e-04
3.672500e+00 6.648208e-04
3.675000e+00 6.587428e-04
3.677500e+00 6.527162e-04
3.680000e+00 6.467408e-04
3.682500e+00 6.408161e-04
3.685000e+00 6.349417e-04
3.687500e+00 6.291172e-04
3.690000e+00 6.233422e-04
3.692500e+00 6.176164e-04
3.695000e+00 6.119393e-04
3.697500e+00 6.063107e-04
3.700000e+00 6.007300e-04
3.702500e+00 5.951970e-04
3.705000e+00 5.897113e-04
3.707500e+00 5.842725e-04
3.710000e+00 5.788802e-04
3.712500e+00 5.735342e-04
3.715000e+00 5.682339e-04
3.717500e+00 5.629791e-04
3.720000e+00 5.577694e-04
3.722500e+00 5.526045e-04
3.725000e+00 5.474839e-04
3.727500e+00 5.424075e-04
3.730000e+00 5.373747e-04
3.732500e+00 5.323853e-04
3.735000e+00 5.274389e-04
3.737500e+00 5.225353e-04
3.740000e+00 5.176740e-04
3.742500e+00 5.128547e-04
3.745000e+00 5.080771e-04
3.747500e+00 5.033408e-04
3.750000e+00 4.986456e-04
3.752500e+00 4.939911e-04
3.755000e+00 4.893770e-04
3.757500e+00 4.848029e-04
3.760000e+00 4.802686e-04
3.762500e+00 4.757738e-04
3.765000e+00 4.713180e-04
3.767500e+00 4.669011e-04
3.770000e+00 4.625227e-04
3.772500e+00 4.581825e-04
3.775000e+00 4.538801e-04
3.777500e+00 4.496154e-04
3.780000e+00 4.453879e-04
3.782500e+00 4.411974e-04
3.785000e+00 4.370437e-04
3.787500e+00 4.329263e-04
3.790000e+00 4.288450e-04
3.792500e+00 4.247996e-04
3.795000e+00 4.207897e-04
3.797500e+00 4.168150e-04
3.800000e+00 4.128753e-04
3.802500e+00 4.089703e-04
3.805000e+00 4.050997e-04
3.807500e+00 4.012632e-04
3.810000e+00 3.974605e-04
3.812500e+00 3.936915e-04
3.815000e+00 3.899557e-04
3.817500e+00 3.862530e-04
3.820000e+00 3.825830e-04
3.822500e+00 3.789455e-04
3.825000e+00 3.753403e-04
3.827500e+00 3.717671e-04
3.830000e+00 3.682255e-04
3.832500e+00 3.647155e-04
3.835000e+00 3.612366e-04
3.837500e+00 3.577887e-04
3.840000e+00 3.543714e-04
3.842500e+00 3.509846e-04
3.845000e+00 3.476281e-04
3.847500e+00 3.443014e-04
3.850000e+00 3.410045e-04
3.852500e+00 3.377370e-04
3.855000e+00 3.344987e-04
3.857500e+00 3.312895e-04
3.860000e+00 3.281089e-04
3.862500e+00 3.249569e-04
3.865000e+00 3.218331e-04
3.867500e+00 3.187374e-04
3.870000e+00 3.156694e-04
3.872500e+00 3.126291e-04
3.875000e+00 3.096161e-04
3.877500e+00 3.066302e-04
3.880000e+00 3.036712e-04
3.882500e+00 3.007389e-04
3.885000e+00 2.978331e-04
3.887500e+00 2.949534e-04
3.890000e+00 2.920998e-04
3.892500e+00 2.892720e-04
3.895000e+00 2.864698e-04
3.897500e+00 2.836929e-04
3.900000e+00 2.809413e-04
3.902500e+00 2.782145e-04
3.905000e+00 2.755125e-04
3.907500e+00 2.728351e-04
3.910000e+00 2.701819e-04
3.912500e+00 2.675529e-04
3.915000e+00 2.649479e-04
3.917500e+00 2.623665e-04
3.920000e+00 2.598087e-04
3.922500e+00 2.572742e-04
3.925000e+00 2.547629e-04
3.927500e+00 2.522744e-04
3.930000e+00 2.498087e-04
3.932500e+00 2.473656e-04
3.935000e+00 2.449449e-04
3.937500e+00 2.425463e-04
3.940000e+00 2.401697e-04
3.942500e+00 2.378149e-04
3.945000e+00 2.354817e-04
3.947500e+00 2.331699e-04
3.950000e+00 2.308794e-04
3.952500e+00 2.286100e-04
3.955000e+00 2.263615e-04
3.957500e+00 2.241336e-04
3.960000e+00 2.219264e-04
3.962500e+00 2.197394e-04
3.965000e+00 2.175727e-04
3.967500e+00 2.154260e-04
3.970000e+00 2.132991e-04
3.972500e+00 2.111920e-04
3.975000e+00 2.091043e-04
3.977500e+00 2.070360e-04
3.980000e+00 2.049868e-04
3.982500e+00 2.029567e-04
3.985000e+00 2.009454e-04
3.987500e+00 1.989528e-04
3.990000e+00 1.969787e-04
3.992500e+00 1.950230e-04
3.995000e+00 1.930855e-04
3.997500e+00 1.911661e-04
4.000000e+00 1.892645e-04
4.002500e+00 1.873807e-04
4.005000e+00 1.855145e-04
4.007500e+00 1.836657e-04
4.010000e+00 1.818343e-04
4.012500e+00 1.800199e-04
4.015000e+00 1.782226e-04
4.017500e+00 1.764420e-04
4.020000e+00 1.746782e-04
4.022500e+00 1.729310e-04
4.025000e+00 1.712001e-04
4.027500e+00 1.694855e-04
4.030000e+00 1.677870e-04
4.032500e+00 1.661046e-04
4.035000e+00 1.644379e-04
4.037500e+00 1.627870e-04
4.040000e+00 1.611516e-04
4.042500e+00 1.595317e-04
4.045000e+00 1.579270e-04
4.047500e+00 1.563376e-04
4.050000e+00 1.547631e-04
4.052500e+00 1.532036e-04
4.055000e+00 1.516588e-04
4.057500e+00 1.501286e-04
4.060000e+00 1.486130e-04
4.062500e+00 1.471117e-04
4.065000e+00 1.456248e-04
4.067500e+00 1.441519e-04
4.070000e+00 1.426930e-04
4.072500e+00 1.412480e-04
4.075000e+00 1.398168e-04
4.077500e+00 1.383992e-04
4.080000e+00 1.369952e-04
4.082500e+00 1.356045e-04
4.085000e+00 1.342271e-04
4.087500e+00 1.328629e-04
4.090000e+00 1.315117e-04
4.092500e+00 1.301734e-04
4.095000e+00 1.288480e-04
4.097500e+00 1.275352e-04
4.100000e+00 1.262350e-04
4.102500e+00 1.249474e-04
4.105000e+00 1.236720e-04
4.107500e+00 1.224090e-04
4.110000e+00 1.211580e-04
4.112500e+00 1.199191e-04
4.115000e+00 1.186921e-04
4.117500e+00 1.174770e-04
4.120000e+00 1.162736e-04
4.122500e+00 1.150817e-04
4.125000e+00 1.139014e-04
4.127500e+00 1.127325e-04
4.130000e+00 1.115748e-04
4.132500e+00 1.104284e-04
4.135000e+00 1.092931e-04
4.137500e+00 1.081687e-04
4.140000e+00 1.070553e-04
4.142500e+00 1.059527e-04
4.145000e+00 1.048607e-04
4.147500e+00 1.037794e-04
4.150000e+00 1.027086e-04
4.152500e+00 1.016482e-04
4.155000e+00 1.005981e-04
4.157500e+00 9.955821e-05
4.160000e+00 9.852848e-05
4.162500e+00 9.750879e-05
4.165000e+00 9.649905e-05
4.167500e+00 9.549916e-05
4.170000e+00 9.450905e-05
4.172500e+00 9.352862e-05
4.175000e+00 9.255778e-05
4.177500e+00 9.159645e-05
4.180000e+00 9.064453e-05
4.182500e+00 8.970195e-05
4.185000e+00 8.876861e-05
4.187500e+00 8.784444e-05
4.190000e+00 8.692934e-05
4.192500e+00 8.602324e-05
4.195000e+00 8.512605e-05
4.197500e+00 8.423769e-05
4.200000e+00 8.335809e-05
4.202500e+00 8.248715e-05
4.205000e+00 8.162480e-05
4.207500e+00 8.077096e-05
4.210000e+00 7.992555e-05
4.212500e+00 7.908850e-05
4.215000e+00 7.825973e-05
4.217500e+00 7.743915e-05
4.220000e+00 7.662670e-05
4.222500e+00 7.582230e-05
4.225000e+00 7.502588e-05
4.227500e+00 7.423736e-05
4.230000e+00 7.345666e-05
4.232500e+00 7.268372e-05
4.235000e+00 7.191847e-05
4.237500e+00 7.116083e-05
4.240000e+00 7.041073e-05
4.242500e+00 6.966810e-05
4.245000e+00 6.893287e-05
4.247500e+00 6.820497e-05
4.250000e+00 6.748434e-05
4.252500e+00 6.677091e-05
4.255000e+00 6.606460e-05
4.257500e+00 6.536536e-05
4.260000e+00 6.467312e-05
4.262500e+00 6.398780e-05
4.265000e+00 6.330936e-05
4.267500e+00 6.263771e-05
4.270000e+00 6.197280e-05
4.272500e+00 6.131457e-05
4.275000e+00 6.066295e-05
4.277500e+00 6.001788e-05
4.280000e+00 5.937930e-05
4.282500e+00 5.874714e-05
4.285000e+00 5.812135e-05
4.287500e+00 5.750187e-05
4.290000e+00 5.688864e-05
4.292500e+00 5.628159e-05
4.295000e+00 5.568067e-05
4.297500e+00 5.508583e-05
4.300000e+00 5.449700e-05
4.302500e+00 5.391412e-05
4.305000e+00 5.333715e-05
4.307500e+00 5.276602e-05
4.310000e+00 5.220068e-05
4.312500e+00 5.164108e-05
4.315000e+00 5.108716e-05
4.317500e+00 5.053886e-05
4.320000e+00 4.999613e-05
4.322500e+00 4.945892e-05
4.325000e+00 4.892718e-05
4.327500e+00 4.840086e-05
4.330000e+00 4.787989e-05
4.332500e+00 4.736424e-05
4.335000e+00 4.685385e-05
4.337500e+00 4.634867e-05
4.340000e+00 4.584864e-05
4.342500e+00 4.535373e-05
4.345000e+00 4.486388e-05
4.347500e+00 4.437905e-05
4.350000e+00 4.389918e-05
4.352500e+00 4.342423e-05
4.355000e+00 4.295414e-05
4.357500e+00 4.248888e-05
4.360000e+00 4.202840e-05
4.362500e+00 4.157265e-05
4.365000e+00 4.112158e-05
4.367500e+00 4.067516e-05
4.370000e+00 4.023332e-05
4.372500e+00 3.979604e-05
4.375000e+00 3.936327e-05
4.377500e+00 3.893496e-05
4.380000e+00 3.851107e-05
4.382500e+00 3.809155e-05
4.385000e+00 3.767637e-05
4.387500e+00 3.726548e-05
4.390000e+00 3.685884e-05
4.392500e+00 3.645642e-05
4.395000e+00 3.605816e-05
4.397500e+00 3.566403e-05
4.400000e+00 3.527398e-05
4.402500e+00 3.488798e-05
4.405000e+00 3.450600e-05
4.407500e+00 3.412798e-05
4.410000e+00 3.375389e-05
4.412500e+00 3.338369e-05
4.415000e+00 3.301735e-05
4.417500e+00 3.265482e-05
4.420000e+00 3.229607e-05
4.422500e+00 3.194107e-05
4.425000e+00 3.158976e-05
4.427500e+00 3.124213e-05
4.430000e+00 3.089813e-05
4.432500e+00 3.055772e-05
4.435000e+00 3.022088e-05
4.437500e+00 2.988756e-05
4.440000e+00 2.955774e-05
4.442500e+00 2.923137e-05
4.445000e+00 2.890843e-05
4.447500e+00 2.858887e-05
4.450000e+00 2.827267e-05
4.452500e+00 2.795979e-05
4.455000e+00 2.765020e-05
4.457500e+00 2.734387e-05
4.460000e+00 2.704077e-05
4.462500e+00 2.674085e-05
4.465000e+00 2.644410e-05
4.467500e+00 2.615048e-05
4.470000e+00 2.585995e-05
4.472500e+00 2.557250e-05
4.475000e+00 2.528808e-05
4.477500e+00 2.500667e-05
4.480000e+00 2.472823e-05
4.482500e+00 2.445275e-05
4.485000e+00 2.418018e-05
4.487500e+00 2.391050e-05
4.490000e+00 2.364367e-05
4.492500e+00 2.337969e-05
4.495000e+00 2.311850e-05
4.497500e+00 2.286009e-05
4.500000e+00 2.260442e-05
4.502500e+00 2.235148e-05
4.505000e+00 2.210123e-05
4.507500e+00 2.185364e-05
4.510000e+00 2.160869e-05
4.512500e+00 2.136636e-05
4.515000e+00 2.112660e-05
4.517500e+00 2.088941e-05
4.520000e+00 2.065476e-05
4.522500e+00 2.042261e-05
4.525000e+00 2.019294e-05
4.527500e+00 1.996573e-05
4.530000e+00 1.974096e-05
4.532500e+00 1.951859e-05
4.535000e+00 1.929861e-05
4.537500e+00 1.908099e-05
4.540000e+00 1.886570e-05
4.542500e+00 1.865273e-05
4.545000e+00 1.844205e-05
4.547500e+00 1.823363e-05
4.550000e+00 1.802745e-05
4.552500e+00 1.782349e-05
4.555000e+00 1.762174e-05
4.557500e+00 1.742215e-05
4.560000e+00 1.722472e-05
4.562500e+00 1.702942e-05
4.565000e+00 1.683623e-05
4.567500e+00 1.664513e-05
4.570000e+00 1.645609e-05
4.572500e+00 1.626910e-05
4.575000e+00 1.608413e-05
4.577500e+00 1.590117e-05
4.580000e+00 1.572019e-05
4.582500e+00 1.554117e-05
4.585000e+00 1.536409e-05
4.587500e+00 1.518894e-05
4.590000e+00 1.501569e-05
4.592500e+00 1.484432e-05
4.595000e+00 1.467482e-05
4.597500e+00 1.450716e-05
4.600000e+00 1.434133e-05
4.602500e+00 1.417731e-05
4.605000e+00 1.401507e-05
4.607500e+00 1.385460e-05
4.610000e+00 1.369589e-05
4.612500e+00 1.353891e-05
4.615000e+00 1.338364e-05
4.617500e+00 1.323007e-05
4.620000e+00 1.307819e-05
4.622500e+00 1.292796e-05
4.625000e+00 1.277938e-05
4.627500e+00 1.263243e-05
4.630000e+00 1.248709e-05
4.632500e+00 1.234335e-05
4.635000e+00 1.220119e-05
4.637500e+00 1.206058e-05
4.640000e+00 1.192153e-05
4.642500e+00 1.178400e-05
4.645000e+00 1.164798e-05
4.647500e+00 1.151347e-05
4.650000e+00 1.138043e-05
4.652500e+00 1.124887e-05
4.655000e+00 1.111875e-05
4.657500e+00 1.099007e-05
4.660000e+00 1.086282e-05
4.662500e+00 1.073697e-05
4.665000e+00 1.061251e-05
4.667500e+00 1.048942e-05
4.670000e+00 1.036770e-05
4.672500e+00 1.024733e-05
4.675000e+00 1.012830e-05
4.677500e+00 1.001058e-05
4.680000e+00 9.894169e-06
4.682500e+00 9.779051e-06
4.685000e+00 9.665213e-06
4.687500e+00 9.552639e-06
4.690000e+00 9.441318e-06
4.692500e+00 9.331236e-06
4.695000e+00 9.222380e-06
4.697500e+00 9.114736e-06
4.700000e+00 9.008293e-06
4.702500e+00 8.903037e-06
4.705000e+00 8.798956e-06
4.707500e+00 8.696038e-06
4.710000e+00 8.594269e-06
4.712500e+00 8.493639e-06
4.715000e+00 8.394134e-06
4.717500e+00 8.295743e-06
4.720000e+00 8.198454e-06
4.722500e+00 8.102256e-06
4.725000e+00 8.007136e-06
4.727500e+00 7.913083e-06
4.730000e+00 7.820086e-06
4.732500e+00 7.728134e-06
4.735000e+00 7.637216e-06
4.737500e+00 7.547320e-06
4.740000e+00 7.458435e-06
4.742500e+00 7.370551e-06
4.745000e+00 7.283657e-06
4.747500e+00 7.197743e-06
4.750000e+00 7.112797e-06
4.752500e+00 7.028811e-06
4.755000e+00 6.945772e-06
4.757500e+00 6.863671e-06
4.760000e+00 6.782499e-06
4.762500e+00 6.702245e-06
4.765000e+00 6.622899e-06
4.767500e+00 6.544451e-06
4.770000e+00 6.466892e-06
4.772500e+00 6.390212e-06
4.775000e+00 6.314402e-06
4.777500e+00 6.239453e-06
4.780000e+00 6.165354e-06
4.782500e+00 6.092098e-06
4.785000e+00 6.019674e-06
4.787500e+00 5.948074e-06
4.790000e+00 5.877289e-06
4.792500e+00 5.807310e-06
4.795000e+00 5.738129e-06
4.797500e+00 5.669736e-06
4.800000e+00 5.602123e-06
4.802500e+00 5.535282e-06
4.805000e+00 5.469204e-06
4.807500e+00 5.403881e-06
4.810000e+00 5.339306e-06
4.812500e+00 5.275468e-06
4.815000e+00 5.212362e-06
4.817500e+00 5.149978e-06
4.820000e+00 5.088309e-06
4.822500e+00 5.027347e-06
4.825000e+00 4.967085e-06
4.827500e+00 4.907514e-06
4.830000e+00 4.848627e-06
4.832500e+00 4.790417e-06
4.835000e+00 4.732876e-06
4.837500e+00 4.675997e-06
4.840000e+00 4.619773e-06
4.842500e+00 4.564197e-06
4.845000e+00 4.509260e-06
4.847500e+00 4.454957e-06
4.850000e+00 4.401281e-06
4.852500e+00 4.348224e-06
4.855000e+00 4.295780e-06
4.857500e+00 4.243942e-06
4.860000e+00 4.192703e-06
4.862500e+00 4.142057e-06
4.865000e+00 4.091997e-06
4.867500e+00 4.042517e-06
4.870000e+00 3.993610e-06
4.872500e+00 3.945270e-06
4.875000e+00 3.897491e-06
4.877500e+00 3.850267e-06
4.880000e+00 3.803591e-06
4.882500e+00 3.757457e-06
4.885000e+00 3.711860e-06
4.887500e+00 3.666793e-06
4.890000e+00 3.622251e-06
4.892500e+00 3.578227e-06
4.895000e+00 3.534717e-06
4.897500e+00 3.491713e-06
4.900000e+00 3.449211e-06
4.902500e+00 3.407206e-06
4.905000e+00 3.365690e-06
4.907500e+00 3.324660e-06
4.910000e+00 3.284110e-06
4.912500e+00 3.244034e-06
4.915000e+00 3.204426e-06
4.917500e+00 3.165283e-06
4.920000e+00 3.126598e-06
4.922500e+00 3.088367e-06
4.925000e+00 3.050584e-06
4.927500e+00 3.013245e-06
4.930000e+00 2.976344e-06
4.932500e+00 2.939876e-06
4.935000e+00 2.903837e-06
4.937500e+00 2.868222e-06
4.940000e+00 2.833027e-06
4.942500e+00 2.798245e-06
4.945000e+00 2.763873e-06
4.947500e+00 2.729907e-06
4.950000e+00 2.696341e-06
4.952500e+00 2.663171e-06
4.955000e+00 2.630393e-06
4.957500e+00 2.598001e-06
4.960000e+00 2.565993e-06
4.962500e+00 2.534363e-06
4.965000e+00 2.503108e-06
4.967500e+00 2.472222e-06
4.970000e+00 2.441703e-06
4.972500e+00 2.411545e-06
4.975000e+00 2.381744e-06
4.977500e+00 2.352297e-06
4.980000e+00 2.323200e-06
4.982500e+00 2.294448e-06
4.985000e+00 2.266038e-06
4.987500e+00 2.237966e-06
4.990000e+00 2.210228e-06
4.992500e+00 2.182820e-06
4.995000e+00 2.155738e-06
4.997500e+00 2.128979e-06
