0.000000e+00 6.753465e-01
2.500000e-03 6.753465e-01
5.000000e-03 6.753372e-01
7.500000e-03 6.753206e-01
1.000000e-02 6.752968e-01
1.250000e-02 6.752659e-01
1.500000e-02 6.752281e-01
1.750000e-02 6.751833e-01
2.000000e-02 6.751315e-01
2.250000e-02 6.750727e-01
2.500000e-02 6.750070e-01
2.750000e-02 6.749343e-01
3.000000e-02 6.748547e-01
3.250000e-02 6.747682e-01
3.500000e-02 6.746747e-01
3.750000e-02 6.745744e-01
4.000000e-02 6.744671e-01
4.250000e-02 6.743529e-01
4.500000e-02 6.742318e-01
4.750000e-02 6.741038e-01
5.000000e-02 6.739689e-01
5.250000e-02 6.738271e-01
5.500000e-02 6.736785e-01
5.750000e-02 6.735229e-01
6.000000e-02 6.733605e-01
6.250000e-02 6.731913e-01
6.500000e-02 6.730152e-01
6.750000e-02 6.728322e-01
7.000000e-02 6.726424e-01
7.250000e-02 6.724458e-01
7.500000e-02 6.722424e-01
7.750000e-02 6.720321e-01
8.000000e-02 6.718151e-01
8.250000e-02 6.715912e-01
8.500000e-02 6.713606e-01
8.750000e-02 6.711232e-01
9.000000e-02 6.708790e-01
9.250000e-02 6.706281e-01
9.500000e-02 6.703705e-01
9.750000e-02 6.701061e-01
1.000000e-01 6.698350e-01
1.025000e-01 6.695572e-01
1.050000e-01 6.692726e-01
1.075000e-01 6.689814e-01
1.100000e-01 6.686836e-01
1.125000e-01 6.683790e-01
1.150000e-01 6.680679e-01
1.175000e-01 6.677501e-01
1.200000e-01 6.674256e-01
1.225000e-01 6.670946e-01
1.250000e-01 6.667569e-01
1.275000e-01 6.664127e-01
1.300000e-01 6.660619e-01
1.325000e-01 6.657046e-01
1.350000e-01 6.653407e-01
1.375000e-01 6.649703e-01
1.400000e-01 6.645934e-01
1.425000e-01 6.642101e-01
1.450000e-01 6.638202e-01
1.475000e-01 6.634239e-01
1.500000e-01 6.630211e-01
1.525000e-01 6.626119e-01
1.550000e-01 6.621963e-01
1.575000e-01 6.617743e-01
1.600000e-01 6.613460e-01
1.625000e-01 6.609113e-01
1.650000e-01 6.604702e-01
1.675000e-01 6.600228e-01
1.700000e-01 6.595692e-01
1.725000e-01 6.591092e-01
1.750000e-01 6.586430e-01
1.775000e-01 6.581705e-01
1.800000e-01 6.576918e-01
1.825000e-01 6.572069e-01
1.850000e-01 6.567158e-01
1.875000e-01 6.562185e-01
1.900000e-01 6.557151e-01
1.925000e-01 6.552055e-01
1.950000e-01 6.546899e-01
1.975000e-01 6.541681e-01
2.000000e-01 6.536403e-01
2.025000e-01 6.531065e-01
2.050000e-01 6.525666e-01
2.075000e-01 6.520207e-01
2.100000e-01 6.514689e-01
2.125000e-01 6.509111e-01
2.150000e-01 6.503473e-01
2.175000e-01 6.497777e-01
2.200000e-01 6.492021e-01
2.225000e-01 6.486207e-01
2.250000e-01 6.480334e-01
2.275000e-01 6.474403e-01
2.300000e-01 6.468414e-01
2.325000e-01 6.462368e-01
2.350000e-01 6.456263e-01
2.375000e-01 6.450102e-01
2.400000e-01 6.443883e-01
2.425000e-01 6.437608e-01
2.450000e-01 6.431276e-01
2.475000e-01 6.424888e-01
2.500000e-01 6.418444e-01
2.525000e-01 6.411944e-01
2.550000e-01 6.405388e-01
2.575000e-01 6.398777e-01
2.600000e-01 6.392111e-01
2.625000e-01 6.385390e-01
2.650000e-01 6.378615e-01
2.675000e-01 6.371785e-01
2.700000e-01 6.364902e-01
2.725000e-01 6.357964e-01
2.750000e-01 6.350973e-01
2.775000e-01 6.343929e-01
2.800000e-01 6.336832e-01
2.825000e-01 6.329682e-01
2.850000e-01 6.322480e-01
2.875000e-01 6.315226e-01
2.900000e-01 6.307919e-01
2.925000e-01 6.300561e-01
2.950000e-01 6.293152e-01
2.975000e-01 6.285692e-01
3.000000e-01 6.278181e-01
3.025000e-01 6.270619e-01
3.050000e-01 6.263007e-01
3.075000e-01 6.255345e-01
3.100000e-01 6.247634e-01
3.125000e-01 6.239873e-01
3.150000e-01 6.232063e-01
3.175000e-01 6.224204e-01
3.200000e-01 6.216297e-01
3.225000e-01 6.208341e-01
3.250000e-01 6.200338e-01
3.275000e-01 6.192287e-01
3.300000e-01 6.184188e-01
3.325000e-01 6.176042e-01
3.350000e-01 6.167850e-01
3.375000e-01 6.159611e-01
3.400000e-01 6.151326e-01
3.425000e-01 6.142995e-01
3.450000e-01 6.134618e-01
3.475000e-01 6.126196e-01
3.500000e-01 6.117729e-01
3.525000e-01 6.109217e-01
3.550000e-01 6.100661e-01
3.575000e-01 6.092061e-01
3.600000e-01 6.083417e-01
3.625000e-01 6.074729e-01
3.650000e-01 6.065998e-01
3.675000e-01 6.057225e-01
3.700000e-01 6.048408e-01
3.725000e-01 6.039550e-01
3.750000e-01 6.030649e-01
3.775000e-01 6.021707e-01
3.800000e-01 6.012723e-01
3.825000e-01 6.003698e-01
3.850000e-01 5.994632e-01
3.875000e-01 5.985526e-01
3.900000e-01 5.976380e-01
3.925000e-01 5.967194e-01
3.950000e-01 5.957968e-01
3.975000e-01 5.948703e-01
4.000000e-01 5.939399e-01
4.025000e-01 5.930057e-01
4.050000e-01 5.920676e-01
4.075000e-01 5.911257e-01
4.100000e-01 5.901801e-01
4.125000e-01 5.892307e-01
4.150000e-01 5.882776e-01
4.175000e-01 5.873208e-01
4.200000e-01 5.863604e-01
4.225000e-01 5.853964e-01
4.250000e-01 5.844288e-01
4.275000e-01 5.834576e-01
4.300000e-01 5.824829e-01
4.325000e-01 5.815047e-01
4.350000e-01 5.805231e-01
4.375000e-01 5.795381e-01
4.400000e-01 5.785496e-01
4.425000e-01 5.775578e-01
4.450000e-01 5.765627e-01
4.475000e-01 5.755642e-01
4.500000e-01 5.745625e-01
4.525000e-01 5.735576e-01
4.550000e-01 5.725494e-01
4.575000e-01 5.715381e-01
4.600000e-01 5.705236e-01
4.625000e-01 5.695060e-01
4.650000e-01 5.684853e-01
4.675000e-01 5.674616e-01
4.700000e-01 5.664349e-01
4.725000e-01 5.654051e-01
4.750000e-01 5.643724e-01
4.775000e-01 5.633368e-01
4.800000e-01 5.622983e-01
4.825000e-01 5.612569e-01
4.850000e-01 5.602127e-01
4.875000e-01 5.591657e-01
4.900000e-01 5.581159e-01
4.925000e-01 5.570634e-01
4.950000e-01 5.560082e-01
4.975000e-01 5.549503e-01
5.000000e-01 5.538897e-01
5.025000e-01 5.528265e-01
5.050000e-01 5.517608e-01
5.075000e-01 5.506925e-01
5.100000e-01 5.496216e-01
5.125000e-01 5.485483e-01
5.150000e-01 5.474725e-01
5.175000e-01 5.463943e-01
5.200000e-01 5.453137e-01
5.225000e-01 5.442307e-01
5.250000e-01 5.431454e-01
5.275000e-01 5.420577e-01
5.300000e-01 5.409678e-01
5.325000e-01 5.398756e-01
5.350000e-01 5.387812e-01
5.375000e-01 5.376846e-01
5.400000e-01 5.365859e-01
5.425000e-01 5.354850e-01
5.450000e-01 5.343820e-01
5.475000e-01 5.332770e-01
5.500000e-01 5.321699e-01
5.525000e-01 5.310608e-01
5.550000e-01 5.299498e-01
5.575000e-01 5.288367e-01
5.600000e-01 5.277218e-01
5.625000e-01 5.266050e-01
5.650000e-01 5.254863e-01
5.675000e-01 5.243657e-01
5.700000e-01 5.232434e-01
5.725000e-01 5.221193e-01
5.750000e-01 5.209935e-01
5.775000e-01 5.198659e-01
5.800000e-01 5.187366e-01
5.825000e-01 5.176057e-01
5.850000e-01 5.164732e-01
5.875000e-01 5.153390e-01
5.900000e-01 5.142033e-01
5.925000e-01 5.130661e-01
5.950000e-01 5.119273e-01
5.975000e-01 5.107871e-01
6.000000e-01 5.096454e-01
6.025000e-01 5.085022e-01
6.050000e-01 5.073577e-01
6.075000e-01 5.062117e-01
6.100000e-01 5.050645e-01
6.125000e-01 5.039159e-01
6.150000e-01 5.027660e-01
6.175000e-01 5.016149e-01
6.200000e-01 5.004625e-01
6.225000e-01 4.993090e-01
6.250000e-01 4.981542e-01
6.275000e-01 4.969983e-01
6.300000e-01 4.958413e-01
6.325000e-01 4.946831e-01
6.350000e-01 4.935239e-01
6.375000e-01 4.923637e-01
6.400000e-01 4.912024e-01
6.425000e-01 4.900402e-01
6.450000e-01 4.888769e-01
6.475000e-01 4.877128e-01
6.500000e-01 4.865477e-01
6.525000e-01 4.853817e-01
6.550000e-01 4.842149e-01
6.575000e-01 4.830473e-01
6.600000e-01 4.818788e-01
6.625000e-01 4.807096e-01
6.650000e-01 4.795396e-01
6.675000e-01 4.783689e-01
6.700000e-01 4.771974e-01
6.725000e-01 4.760253e-01
6.750000e-01 4.748526e-01
6.775000e-01 4.736792e-01
6.800000e-01 4.725052e-01
6.825000e-01 4.713306e-01
6.850000e-01 4.701555e-01
6.875000e-01 4.689798e-01
6.900000e-01 4.678037e-01
6.925000e-01 4.666271e-01
6.950000e-01 4.654500e-01
6.975000e-01 4.642724e-01
7.000000e-01 4.630945e-01
7.025000e-01 4.619162e-01
7.050000e-01 4.607375e-01
7.075000e-01 4.595585e-01
7.100000e-01 4.583792e-01
7.125000e-01 4.571996e-01
7.150000e-01 4.560197e-01
7.175000e-01 4.548396e-01
7.200000e-01 4.536593e-01
7.225000e-01 4.524787e-01
7.250000e-01 4.512980e-01
7.275000e-01 4.501172e-01
7.300000e-01 4.489362e-01
7.325000e-01 4.477552e-01
7.350000e-01 4.465740e-01
7.375000e-01 4.453928e-01
7.400000e-01 4.442115e-01
7.425000e-01 4.430303e-01
7.450000e-01 4.418490e-01
7.475000e-01 4.406678e-01
7.500000e-01 4.394866e-01
7.525000e-01 4.383055e-01
7.550000e-01 4.371245e-01
7.575000e-01 4.359436e-01
7.600000e-01 4.347629e-01
7.625000e-01 4.335823e-01
7.650000e-01 4.324019e-01
7.675000e-01 4.312217e-01
7.700000e-01 4.300417e-01
7.725000e-01 4.288619e-01
7.750000e-01 4.276825e-01
7.775000e-01 4.265033e-01
7.800000e-01 4.253244e-01
7.825000e-01 4.241458e-01
7.850000e-01 4.229676e-01
7.875000e-01 4.217897e-01
7.900000e-01 4.206122e-01
7.925000e-01 4.194352e-01
7.950000e-01 4.182585e-01
7.975000e-01 4.170823e-01
8.000000e-01 4.159066e-01
8.025000e-01 4.147313e-01
8.050000e-01 4.135565e-01
8.075000e-01 4.123823e-01
8.100000e-01 4.112086e-01
8.125000e-01 4.100355e-01
8.150000e-01 4.088629e-01
8.175000e-01 4.076909e-01
8.200000e-01 4.065196e-01
8.225000e-01 4.053488e-01
8.250000e-01 4.041787e-01
8.275000e-01 4.030093e-01
8.300000e-01 4.018406e-01
8.325000e-01 4.006726e-01
8.350000e-01 3.995053e-01
8.375000e-01 3.983387e-01
8.400000e-01 3.971729e-01
8.425000e-01 3.960079e-01
8.450000e-01 3.948436e-01
8.475000e-01 3.936802e-01
8.500000e-01 3.925176e-01
8.525000e-01 3.913558e-01
8.550000e-01 3.901949e-01
8.575000e-01 3.890349e-01
8.600000e-01 3.878757e-01
8.625000e-01 3.867175e-01
8.650000e-01 3.855602e-01
8.675000e-01 3.844038e-01
8.700000e-01 3.832484e-01
8.725000e-01 3.820939e-01
8.750000e-01 3.809405e-01
8.775000e-01 3.797880e-01
8.800000e-01 3.786366e-01
8.825000e-01 3.774861e-01
8.850000e-01 3.763368e-01
8.875000e-01 3.751885e-01
8.900000e-01 3.740413e-01
8.925000e-01 3.728952e-01
8.950000e-01 3.717502e-01
8.975000e-01 3.706063e-01
9.000000e-01 3.694635e-01
9.025000e-01 3.683219e-01
9.050000e-01 3.671815e-01
9.075000e-01 3.660422e-01
9.100000e-01 3.649042e-01
9.125000e-01 3.637673e-01
9.150000e-01 3.626317e-01
9.175000e-01 3.614973e-01
9.200000e-01 3.603642e-01
9.225000e-01 3.592323e-01
9.250000e-01 3.581018e-01
9.275000e-01 3.569725e-01
9.300000e-01 3.558445e-01
9.325000e-01 3.547178e-01
9.350000e-01 3.535924e-01
9.375000e-01 3.524684e-01
9.400000e-01 3.513458e-01
9.425000e-01 3.502245e-01
9.450000e-01 3.491046e-01
9.475000e-01 3.479861e-01
9.500000e-01 3.468690e-01
9.525000e-01 3.457533e-01
9.550000e-01 3.446391e-01
9.575000e-01 3.435263e-01
9.600000e-01 3.424149e-01
9.625000e-01 3.413050e-01
9.650000e-01 3.401966e-01
9.675000e-01 3.390897e-01
9.700000e-01 3.379843e-01
9.725000e-01 3.368804e-01
9.750000e-01 3.357780e-01
9.775000e-01 3.346771e-01
9.800000e-01 3.335778e-01
9.825000e-01 3.324801e-01
9.850000e-01 3.313839e-01
9.875000e-01 3.302893e-01
9.900000e-01 3.291963e-01
9.925000e-01 3.281048e-01
9.950000e-01 3.270150e-01
9.975000e-01 3.259268e-01
1.000000e+00 3.248403e-01
1.002500e+00 3.237553e-01
1.005000e+00 3.226721e-01
1.007500e+00 3.215905e-01
1.010000e+00 3.205105e-01
1.012500e+00 3.194323e-01
1.015000e+00 3.183557e-01
1.017500e+00 3.172808e-01
1.020000e+00 3.162076e-01
1.022500e+00 3.151362e-01
1.025000e+00 3.140665e-01
1.027500e+00 3.129985e-01
1.030000e+00 3.119322e-01
1.032500e+00 3.108677e-01
1.035000e+00 3.098050e-01
1.037500e+00 3.087441e-01
1.040000e+00 3.076849e-01
1.042500e+00 3.066275e-01
1.045000e+00 3.055719e-01
1.047500e+00 3.045181e-01
1.050000e+00 3.034661e-01
1.052500e+00 3.024160e-01
1.055000e+00 3.013676e-01
1.057500e+00 3.003211e-01
1.060000e+00 2.992765e-01
1.062500e+00 2.982337e-01
1.065000e+00 2.971928e-01
1.067500e+00 2.961537e-01
1.070000e+00 2.951165e-01
1.072500e+00 2.940812e-01
1.075000e+00 2.930478e-01
1.077500e+00 2.920163e-01
1.080000e+00 2.909866e-01
1.082500e+00 2.899589e-01
1.085000e+00 2.889331e-01
1.087500e+00 2.879093e-01
1.090000e+00 2.868874e-01
1.092500e+00 2.858674e-01
1.095000e+00 2.848493e-01
1.097500e+00 2.838332e-01
1.100000e+00 2.828191e-01
1.102500e+00 2.818069e-01
1.105000e+00 2.807967e-01
1.107500e+00 2.797885e-01
1.110000e+00 2.787823e-01
1.112500e+00 2.777780e-01
1.115000e+00 2.767758e-01
1.117500e+00 2.757755e-01
1.120000e+00 2.747773e-01
1.122500e+00 2.737810e-01
1.125000e+00 2.727868e-01
1.127500e+00 2.717946e-01
1.130000e+00 2.708045e-01
1.132500e+00 2.698164e-01
1.135000e+00 2.688303e-01
1.137500e+00 2.678462e-01
1.140000e+00 2.668642e-01
1.142500e+00 2.658843e-01
1.145000e+00 2.649064e-01
1.147500e+00 2.639306e-01
1.150000e+00 2.629569e-01
1.152500e+00 2.619852e-01
1.155000e+00 2.610156e-01
1.157500e+00 2.600481e-01
1.160000e+00 2.590827e-01
1.162500e+00 2.581194e-01
1.165000e+00 2.571582e-01
1.167500e+00 2.561991e-01
1.170000e+00 2.552420e-01
1.172500e+00 2.542871e-01
1.175000e+00 2.533343e-01
1.177500e+00 2.523837e-01
1.180000e+00 2.514351e-01
1.182500e+00 2.504887e-01
1.185000e+00 2.495444e-01
1.187500e+00 2.486022e-01
1.190000e+00 2.476622e-01
1.192500e+00 2.467243e-01
1.195000e+00 2.457886e-01
1.197500e+00 2.448550e-01
1.200000e+00 2.439236e-01
1.202500e+00 2.429943e-01
1.205000e+00 2.420672e-01
1.207500e+00 2.411422e-01
1.210000e+00 2.402194e-01
1.212500e+00 2.392988e-01
1.215000e+00 2.383803e-01
1.217500e+00 2.374640e-01
1.220000e+00 2.365499e-01
1.222500e+00 2.356379e-01
1.225000e+00 2.347282e-01
1.227500e+00 2.338206e-01
1.230000e+00 2.329152e-01
1.232500e+00 2.320120e-01
1.235000e+00 2.311110e-01
1.237500e+00 2.302122e-01
1.240000e+00 2.293156e-01
1.242500e+00 2.284211e-01
1.245000e+00 2.275289e-01
1.247500e+00 2.266389e-01
1.250000e+00 2.257511e-01
1.252500e+00 2.248655e-01
1.255000e+00 2.239821e-01
1.257500e+00 2.231009e-01
1.260000e+00 2.222219e-01
1.262500e+00 2.213452e-01
1.265000e+00 2.204706e-01
1.267500e+00 2.195983e-01
1.270000e+00 2.187282e-01
1.272500e+00 2.178603e-01
1.275000e+00 2.169946e-01
1.277500e+00 2.161312e-01
1.280000e+00 2.152700e-01
1.282500e+00 2.144110e-01
1.285000e+00 2.135542e-01
1.287500e+00 2.126997e-01
1.290000e+00 2.118474e-01
1.292500e+00 2.109973e-01
1.295000e+00 2.101495e-01
1.297500e+00 2.093039e-01
1.300000e+00 2.084605e-01
1.302500e+00 2.076193e-01
1.305000e+00 2.067804e-01
1.307500e+00 2.059438e-01
1.310000e+00 2.051093e-01
1.312500e+00 2.042772e-01
1.315000e+00 2.034472e-01
1.317500e+00 2.026195e-01
1.320000e+00 2.017940e-01
1.322500e+00 2.009708e-01
1.325000e+00 2.001498e-01
1.327500e+00 1.993310e-01
1.330000e+00 1.985145e-01
1.332500e+00 1.977003e-01
1.335000e+00 1.968882e-01
1.337500e+00 1.960785e-01
1.340000e+00 1.952709e-01
1.342500e+00 1.944656e-01
1.345000e+00 1.936626e-01
1.347500e+00 1.928617e-01
1.350000e+00 1.920632e-01
1.352500e+00 1.912668e-01
1.355000e+00 1.904728e-01
1.357500e+00 1.896809e-01
1.360000e+00 1.888913e-01
1.362500e+00 1.881039e-01
1.365000e+00 1.873188e-01
1.367500e+00 1.865359e-01
1.370000e+00 1.857553e-01
1.372500e+00 1.849769e-01
1.375000e+00 1.842007e-01
1.377500e+00 1.834268e-01
1.380000e+00 1.826551e-01
1.382500e+00 1.818857e-01
1.385000e+00 1.811185e-01
1.387500e+00 1.803535e-01
1.390000e+00 1.795908e-01
1.392500e+00 1.788303e-01
1.395000e+00 1.780720e-01
1.397500e+00 1.773160e-01
1.400000e+00 1.765622e-01
1.402500e+00 1.758106e-01
1.405000e+00 1.750613e-01
1.407500e+00 1.743141e-01
1.410000e+00 1.735693e-01
1.412500e+00 1.728266e-01
1.415000e+00 1.720862e-01
1.417500e+00 1.713480e-01
1.420000e+00 1.706120e-01
1.422500e+00 1.698782e-01
1.425000e+00 1.691467e-01
1.427500e+00 1.684174e-01
1.430000e+00 1.676903e-01
1.432500e+00 1.669654e-01
1.435000e+00 1.662427e-01
1.437500e+00 1.655222e-01
1.440000e+00 1.648040e-01
1.442500e+00 1.640880e-01
1.445000e+00 1.633741e-01
1.447500e+00 1.626625e-01
1.450000e+00 1.619531e-01
1.452500e+00 1.612459e-01
1.455000e+00 1.605409e-01
1.457500e+00 1.598381e-01
1.460000e+00 1.591375e-01
1.462500e+00 1.584391e-01
1.465000e+00 1.577429e-01
1.467500e+00 1.570489e-01
1.470000e+00 1.563570e-01
1.472500e+00 1.556674e-01
1.475000e+00 1.549799e-01
1.477500e+00 1.542947e-01
1.480000e+00 1.536116e-01
1.482500e+00 1.529307e-01
1.485000e+00 1.522520e-01
1.487500e+00 1.515754e-01
1.490000e+00 1.509011e-01
1.492500e+00 1.502289e-01
1.495000e+00 1.495589e-01
1.497500e+00 1.488910e-01
1.500000e+00 1.482253e-01
1.502500e+00 1.475618e-01
1.505000e+00 1.469004e-01
1.507500e+00 1.462412e-01
1.510000e+00 1.455842e-01
1.512500e+00 1.449293e-01
1.515000e+00 1.442765e-01
1.517500e+00 1.436260e-01
1.520000e+00 1.429775e-01
1.522500e+00 1.423312e-01
1.525000e+00 1.416870e-01
1.527500e+00 1.410450e-01
1.530000e+00 1.404051e-01
1.532500e+00 1.397674e-01
1.535000e+00 1.391318e-01
1.537500e+00 1.384983e-01
1.540000e+00 1.378669e-01
1.542500e+00 1.372377e-01
1.545000e+00 1.366106e-01
1.547500e+00 1.359856e-01
1.550000e+00 1.353627e-01
1.552500e+00 1.347419e-01
1.555000e+00 1.341232e-01
1.557500e+00 1.335067e-01
1.560000e+00 1.328922e-01
1.562500e+00 1.322799e-01
1.565000e+00 1.316696e-01
1.567500e+00 1.310615e-01
1.570000e+00 1.304554e-01
1.572500e+00 1.298514e-01
1.575000e+00 1.292495e-01
1.577500e+00 1.286497e-01
1.580000e+00 1.280519e-01
1.582500e+00 1.274563e-01
1.585000e+00 1.268627e-01
1.587500e+00 1.262712e-01
1.590000e+00 1.256817e-01
1.592500e+00 1.250943e-01
1.595000e+00 1.245090e-01
1.597500e+00 1.239257e-01
1.600000e+00 1.233445e-01
1.602500e+00 1.227654e-01
1.605000e+00 1.221882e-01
1.607500e+00 1.216132e-01
1.610000e+00 1.210401e-01
1.612500e+00 1.204691e-01
1.615000e+00 1.199002e-01
1.617500e+00 1.193332e-01
1.620000e+00 1.187683e-01
1.622500e+00 1.182055e-01
1.625000e+00 1.176446e-01
1.627500e+00 1.170858e-01
1.630000e+00 1.165289e-01
1.632500e+00 1.159741e-01
1.635000e+00 1.154213e-01
1.637500e+00 1.148705e-01
1.640000e+00 1.143217e-01
1.642500e+00 1.137749e-01
1.645000e+00 1.132300e-01
1.647500e+00 1.126872e-01
1.650000e+00 1.121463e-01
1.652500e+00 1.116075e-01
1.655000e+00 1.110706e-01
1.657500e+00 1.105357e-01
1.660000e+00 1.100027e-01
1.662500e+00 1.094717e-01
1.665000e+00 1.089427e-01
1.667500e+00 1.084157e-01
1.670000e+00 1.078906e-01
1.672500e+00 1.073674e-01
1.675000e+00 1.068462e-01
1.677500e+00 1.063269e-01
1.680000e+00 1.058096e-01
1.682500e+00 1.052942e-01
1.685000e+00 1.047808e-01
1.687500e+00 1.042693e-01
1.690000e+00 1.037597e-01
1.692500e+00 1.032520e-01
1.695000e+00 1.027462e-01
1.697500e+00 1.022424e-01
1.700000e+00 1.017405e-01
1.702500e+00 1.012404e-01
1.705000e+00 1.007423e-01
1.707500e+00 1.002461e-01
1.710000e+00 9.975174e-02
1.712500e+00 9.925930e-02
1.715000e+00 9.876874e-02
1.717500e+00 9.828006e-02
1.720000e+00 9.779326e-02
1.722500e+00 9.730834e-02
1.725000e+00 9.682528e-02
1.727500e+00 9.634409e-02
1.730000e+00 9.586477e-02
1.732500e+00 9.538730e-02
1.735000e+00 9.491169e-02
1.737500e+00 9.443792e-02
1.740000e+00 9.396600e-02
1.742500e+00 9.349592e-02
1.745000e+00 9.302769e-02
1.747500e+00 9.256128e-02
1.750000e+00 9.209670e-02
1.752500e+00 9.163395e-02
1.755000e+00 9.117302e-02
1.757500e+00 9.071391e-02
1.760000e+00 9.025661e-02
1.762500e+00 8.980111e-02
1.765000e+00 8.934743e-02
1.767500e+00 8.889554e-02
1.770000e+00 8.844545e-02
1.772500e+00 8.799715e-02
1.775000e+00 8.755064e-02
1.777500e+00 8.710591e-02
1.780000e+00 8.666296e-02
1.782500e+00 8.622179e-02
1.785000e+00 8.578239e-02
1.787500e+00 8.534475e-02
1.790000e+00 8.490888e-02
1.792500e+00 8.447476e-02
1.795000e+00 8.404240e-02
1.797500e+00 8.361179e-02
1.800000e+00 8.318293e-02
1.802500e+00 8.275580e-02
1.805000e+00 8.233041e-02
1.807500e+00 8.190676e-02
1.810000e+00 8.148483e-02
1.812500e+00 8.106463e-02
1.815000e+00 8.064614e-02
1.817500e+00 8.022938e-02
1.820000e+00 7.981432e-02
1.822500e+00 7.940097e-02
1.825000e+00 7.898932e-02
1.827500e+00 7.857937e-02
1.830000e+00 7.817111e-02
1.832500e+00 7.776455e-02
1.835000e+00 7.735966e-02
1.837500e+00 7.695646e-02
1.840000e+00 7.655494e-02
1.842500e+00 7.615508e-02
1.845000e+00 7.575690e-02
1.847500e+00 7.536038e-02
1.850000e+00 7.496551e-02
1.852500e+00 7.457230e-02
1.855000e+00 7.418074e-02
1.857500e+00 7.379083e-02
1.860000e+00 7.340256e-02
1.862500e+00 7.301592e-02
1.865000e+00 7.263092e-02
1.867500e+00 7.224754e-02
1.870000e+00 7.186579e-02
1.872500e+00 7.148566e-02
1.875000e+00 7.110715e-02
1.877500e+00 7.073024e-02
1.880000e+00 7.035494e-02
1.882500e+00 6.998124e-02
1.885000e+00 6.960914e-02
1.887500e+00 6.923863e-02
1.890000e+00 6.886971e-02
1.892500e+00 6.850237e-02
1.895000e+00 6.813662e-02
1.897500e+00 6.777244e-02
1.900000e+00 6.740982e-02
1.902500e+00 6.704878e-02
1.905000e+00 6.668930e-02
1.907500e+00 6.633137e-02
1.910000e+00 6.597500e-02
1.912500e+00 6.562017e-02
1.915000e+00 6.526689e-02
1.917500e+00 6.491515e-02
1.920000e+00 6.456495e-02
1.922500e+00 6.421627e-02
1.925000e+00 6.386913e-02
1.927500e+00 6.352350e-02
1.930000e+00 6.317939e-02
1.932500e+00 6.283679e-02
1.935000e+00 6.249571e-02
1.937500e+00 6.215612e-02
1.940000e+00 6.181804e-02
1.942500e+00 6.148145e-02
1.945000e+00 6.114635e-02
1.947500e+00 6.081274e-02
1.950000e+00 6.048061e-02
1.952500e+00 6.014996e-02
1.955000e+00 5.982078e-02
1.957500e+00 5.949307e-02
1.960000e+00 5.916682e-02
1.962500e+00 5.884203e-02
1.965000e+00 5.851870e-02
1.967500e+00 5.819682e-02
1.970000e+00 5.787638e-02
1.972500e+00 5.755739e-02
1.975000e+00 5.723984e-02
1.977500e+00 5.692371e-02
1.980000e+00 5.660902e-02
1.982500e+00 5.629575e-02
1.985000e+00 5.598390e-02
1.987500e+00 5.567346e-02
1.990000e+00 5.536444e-02
1.992500e+00 5.505682e-02
1.995000e+00 5.475060e-02
1.997500e+00 5.444579e-02
2.000000e+00 5.414236e-02
2.002500e+00 5.384032e-02
2.005000e+00 5.353967e-02
2.007500e+00 5.324040e-02
2.010000e+00 5.294250e-02
2.012500e+00 5.264598e-02
2.015000e+00 5.235082e-02
2.017500e+00 5.205702e-02
2.020000e+00 5.176458e-02
2.022500e+00 5.147349e-02
2.025000e+00 5.118376e-02
2.027500e+00 5.089536e-02
2.030000e+00 5.060831e-02
2.032500e+00 5.032260e-02
2.035000e+00 5.003821e-02
2.037500e+00 4.975516e-02
2.040000e+00 4.947342e-02
2.042500e+00 4.919300e-02
2.045000e+00 4.891390e-02
2.047500e+00 4.863611e-02
2.050000e+00 4.835962e-02
2.052500e+00 4.808443e-02
2.055000e+00 4.781054e-02
2.057500e+00 4.753795e-02
2.060000e+00 4.726664e-02
2.062500e+00 4.699661e-02
2.065000e+00 4.672786e-02
2.067500e+00 4.646039e-02
2.070000e+00 4.619419e-02
2.072500e+00 4.592925e-02
2.075000e+00 4.566558e-02
2.077500e+00 4.540316e-02
2.080000e+00 4.514200e-02
2.082500e+00 4.488208e-02
2.085000e+00 4.462341e-02
2.087500e+00 4.436598e-02
2.090000e+00 4.410979e-02
2.092500e+00 4.385482e-02
2.095000e+00 4.360109e-02
2.097500e+00 4.334858e-02
2.100000e+00 4.309728e-02
2.102500e+00 4.284720e-02
2.105000e+00 4.259834e-02
2.107500e+00 4.235067e-02
2.110000e+00 4.210421e-02
2.112500e+00 4.185895e-02
2.115000e+00 4.161488e-02
2.117500e+00 4.137200e-02
2.120000e+00 4.113030e-02
2.122500e+00 4.088978e-02
2.125000e+00 4.065044e-02
2.127500e+00 4.041228e-02
2.130000e+00 4.017528e-02
2.132500e+00 3.993944e-02
2.135000e+00 3.970476e-02
2.137500e+00 3.947124e-02
2.140000e+00 3.923887e-02
2.142500e+00 3.900765e-02
2.145000e+00 3.877757e-02
2.147500e+00 3.854862e-02
2.150000e+00 3.832082e-02
2.152500e+00 3.809414e-02
2.155000e+00 3.786859e-02
2.157500e+00 3.764416e-02
2.160000e+00 3.742084e-02
2.162500e+00 3.719864e-02
2.165000e+00 3.697755e-02
2.167500e+00 3.675757e-02
2.170000e+00 3.653869e-02
2.172500e+00 3.632090e-02
2.175000e+00 3.610421e-02
2.177500e+00 3.588860e-02
2.180000e+00 3.567408e-02
2.182500e+00 3.546064e-02
2.185000e+00 3.524828e-02
2.187500e+00 3.503699e-02
2.190000e+00 3.482677e-02
2.192500e+00 3.461761e-02
2.195000e+00 3.440952e-02
2.197500e+00 3.420248e-02
2.200000e+00 3.399649e-02
2.202500e+00 3.379155e-02
2.205000e+00 3.358765e-02
2.207500e+00 3.338480e-02
2.210000e+00 3.318298e-02
2.212500e+00 3.298219e-02
2.215000e+00 3.278243e-02
2.217500e+00 3.258370e-02
2.220000e+00 3.238598e-02
2.222500e+00 3.218929e-02
2.225000e+00 3.199360e-02
2.227500e+00 3.179892e-02
2.230000e+00 3.160525e-02
2.232500e+00 3.141258e-02
2.235000e+00 3.122090e-02
2.237500e+00 3.103022e-02
2.240000e+00 3.084052e-02
2.242500e+00 3.065181e-02
2.245000e+00 3.046408e-02
2.247500e+00 3.027733e-02
2.250000e+00 3.009155e-02
2.252500e+00 2.990674e-02
2.255000e+00 2.972289e-02
2.257500e+00 2.954001e-02
2.260000e+00 2.935808e-02
2.262500e+00 2.917711e-02
2.265000e+00 2.899708e-02
2.267500e+00 2.881801e-02
2.270000e+00 2.863987e-02
2.272500e+00 2.846267e-02
2.275000e+00 2.828641e-02
2.277500e+00 2.811108e-02
2.280000e+00 2.793668e-02
2.282500e+00 2.776319e-02
2.285000e+00 2.759063e-02
2.287500e+00 2.741899e-02
2.290000e+00 2.724825e-02
2.292500e+00 2.707842e-02
2.295000e+00 2.690950e-02
2.297500e+00 2.674148e-02
2.300000e+00 2.657436e-02
2.302500e+00 2.640812e-02
2.305000e+00 2.624278e-02
2.307500e+00 2.607833e-02
2.310000e+00 2.591475e-02
2.312500e+00 2.575206e-02
2.315000e+00 2.559023e-02
2.317500e+00 2.542928e-02
2.320000e+00 2.526920e-02
2.322500e+00 2.510998e-02
2.325000e+00 2.495162e-02
2.327500e+00 2.479412e-02
2.330000e+00 2.463747e-02
2.332500e+00 2.448167e-02
2.335000e+00 2.432671e-02
2.337500e+00 2.417260e-02
2.340000e+00 2.401933e-02
2.342500e+00 2.386689e-02
2.345000e+00 2.371528e-02
2.347500e+00 2.356450e-02
2.350000e+00 2.341454e-02
2.352500e+00 2.326540e-02
2.355000e+00 2.311708e-02
2.357500e+00 2.296958e-02
2.360000e+00 2.282288e-02
2.362500e+00 2.267699e-02
2.365000e+00 2.253190e-02
2.367500e+00 2.238762e-02
2.370000e+00 2.224413e-02
2.372500e+00 2.210143e-02
2.375000e+00 2.195952e-02
2.377500e+00 2.181839e-02
2.380000e+00 2.167805e-02
2.382500e+00 2.153849e-02
2.385000e+00 2.139970e-02
2.387500e+00 2.126168e-02
2.390000e+00 2.112444e-02
2.392500e+00 2.098795e-02
2.395000e+00 2.085223e-02
2.397500e+00 2.071727e-02
2.400000e+00 2.058306e-02
2.402500e+00 2.044960e-02
2.405000e+00 2.031690e-02
2.407500e+00 2.018493e-02
2.410000e+00 2.005371e-02
2.412500e+00 1.992323e-02
2.415000e+00 1.979348e-02
2.417500e+00 1.966446e-02
2.420000e+00 1.953617e-02
2.422500e+00 1.940861e-02
2.425000e+00 1.928176e-02
2.427500e+00 1.915564e-02
2.430000e+00 1.903023e-02
2.432500e+00 1.890553e-02
2.435000e+00 1.878154e-02
2.437500e+00 1.865826e-02
2.440000e+00 1.853568e-02
2.442500e+00 1.841380e-02
2.445000e+00 1.829261e-02
2.447500e+00 1.817212e-02
2.450000e+00 1.805231e-02
2.452500e+00 1.793319e-02
2.455000e+00 1.781476e-02
2.457500e+00 1.769700e-02
2.460000e+00 1.757992e-02
2.462500e+00 1.746352e-02
2.465000e+00 1.734778e-02
2.467500e+00 1.723271e-02
2.470000e+00 1.711831e-02
2.472500e+00 1.700457e-02
2.475000e+00 1.689148e-02
2.477500e+00 1.677905e-02
2.480000e+00 1.666727e-02
2.482500e+00 1.655614e-02
2.485000e+00 1.644566e-02
2.487500e+00 1.633582e-02
2.490000e+00 1.622662e-02
2.492500e+00 1.611805e-02
2.495000e+00 1.601012e-02
2.497500e+00 1.590282e-02
2.500000e+00 1.579615e-02
2.502500e+00 1.569010e-02
2.505000e+00 1.558467e-02
2.507500e+00 1.547986e-02
2.510000e+00 1.537567e-02
2.512500e+00 1.527209e-02
2.515000e+00 1.516912e-02
2.517500e+00 1.506676e-02
2.520000e+00 1.496500e-02
2.522500e+00 1.486384e-02
2.525000e+00 1.476328e-02
2.527500e+00 1.466332e-02
2.530000e+00 1.456394e-02
2.532500e+00 1.446516e-02
2.535000e+00 1.436696e-02
2.537500e+00 1.426935e-02
2.540000e+00 1.417232e-02
2.542500e+00 1.407586e-02
2.545000e+00 1.397998e-02
2.547500e+00 1.388468e-02
2.550000e+00 1.378994e-02
2.552500e+00 1.369577e-02
2.555000e+00 1.360216e-02
2.557500e+00 1.350912e-02
2.560000e+00 1.341663e-02
2.562500e+00 1.332470e-02
2.565000e+00 1.323332e-02
2.567500e+00 1.314250e-02
2.570000e+00 1.305222e-02
2.572500e+00 1.296248e-02
2.575000e+00 1.287329e-02
2.577500e+00 1.278463e-02
2.580000e+00 1.269652e-02
2.582500e+00 1.260893e-02
2.585000e+00 1.252188e-02
2.587500e+00 1.243536e-02
2.590000e+00 1.234936e-02
2.592500e+00 1.226388e-02
2.595000e+00 1.217893e-02
2.597500e+00 1.209449e-02
2.600000e+00 1.201057e-02
2.602500e+00 1.192716e-02
2.605000e+00 1.184427e-02
2.607500e+00 1.176188e-02
2.610000e+00 1.167999e-02
2.612500e+00 1.159861e-02
2.615000e+00 1.151773e-02
2.617500e+00 1.143734e-02
2.620000e+00 1.135745e-02
2.622500e+00 1.127805e-02
2.625000e+00 1.119914e-02
2.627500e+00 1.112072e-02
2.630000e+00 1.104279e-02
2.632500e+00 1.096533e-02
2.635000e+00 1.088836e-02
2.637500e+00 1.081186e-02
2.640000e+00 1.073584e-02
2.642500e+00 1.066029e-02
2.645000e+00 1.058521e-02
2.647500e+00 1.051059e-02
2.650000e+00 1.043644e-02
2.652500e+00 1.036276e-02
2.655000e+00 1.028953e-02
2.657500e+00 1.021676e-02
2.660000e+00 1.014445e-02
2.662500e+00 1.007259e-02
2.665000e+00 1.000118e-02
2.667500e+00 9.930223e-03
2.670000e+00 9.859708e-03
2.672500e+00 9.789636e-03
2.675000e+00 9.720006e-03
2.677500e+00 9.650814e-03
2.680000e+00 9.582059e-03
2.682500e+00 9.513738e-03
2.685000e+00 9.445849e-03
2.687500e+00 9.378389e-03
2.690000e+00 9.311357e-03
2.692500e+00 9.244750e-03
2.695000e+00 9.178565e-03
2.697500e+00 9.112801e-03
2.700000e+00 9.047456e-03
2.702500e+00 8.982526e-03
2.705000e+00 8.918010e-03
2.707500e+00 8.853905e-03
2.710000e+00 8.790210e-03
2.712500e+00 8.726922e-03
2.715000e+00 8.664038e-03
2.717500e+00 8.601558e-03
2.720000e+00 8.539478e-03
2.722500e+00 8.477796e-03
2.725000e+00 8.416511e-03
2.727500e+00 8.355619e-03
2.730000e+00 8.295120e-03
2.732500e+00 8.235010e-03
2.735000e+00 8.175288e-03
2.737500e+00 8.115951e-03
2.740000e+00 8.056998e-03
2.742500e+00 7.998426e-03
2.745000e+00 7.940233e-03
2.747500e+00 7.882418e-03
2.750000e+00 7.824977e-03
2.752500e+00 7.767910e-03
2.755000e+00 7.711213e-03
2.757500e+00 7.654885e-03
2.760000e+00 7.598924e-03
2.762500e+00 7.543328e-03
2.765000e+00 7.488095e-03
2.767500e+00 7.433223e-03
2.770000e+00 7.378709e-03
2.772500e+00 7.324552e-03
2.775000e+00 7.270750e-03
2.777500e+00 7.217300e-03
2.780000e+00 7.164202e-03
2.782500e+00 7.111452e-03
2.785000e+00 7.059049e-03
2.787500e+00 7.006991e-03
2.790000e+00 6.955277e-03
2.792500e+00 6.903903e-03
2.795000e+00 6.852868e-03
2.797500e+00 6.802171e-03
2.800000e+00 6.751809e-03
2.802500e+00 6.701780e-03
2.805000e+00 6.652084e-03
2.807500e+00 6.602716e-03
2.810000e+00 6.553677e-03
2.812500e+00 6.504963e-03
2.815000e+00 6.456574e-03
2.817500e+00 6.408507e-03
2.820000e+00 6.360760e-03
2.822500e+00 6.313332e-03
2.825000e+00 6.266221e-03
2.827500e+00 6.219424e-03
2.830000e+00 6.172941e-03
2.832500e+00 6.126769e-03
2.835000e+00 6.080906e-03
2.837500e+00 6.035352e-03
2.840000e+00 5.990103e-03
2.842500e+00 5.945158e-03
2.845000e+00 5.900516e-03
2.847500e+00 5.856175e-03
2.850000e+00 5.812133e-03
2.852500e+00 5.768388e-03
2.855000e+00 5.724938e-03
2.857500e+00 5.681782e-03
2.860000e+00 5.638918e-03
2.862500e+00 5.596345e-03
2.865000e+00 5.554060e-03
2.867500e+00 5.512063e-03
2.870000e+00 5.470350e-03
2.872500e+00 5.428921e-03
2.875000e+00 5.387775e-03
2.877500e+00 5.346908e-03
2.880000e+00 5.306320e-03
2.882500e+00 5.266010e-03
2.885000e+00 5.225974e-03
2.887500e+00 5.186213e-03
2.890000e+00 5.146723e-03
2.892500e+00 5.107504e-03
2.895000e+00 5.068554e-03
2.897500e+00 5.029872e-03
2.900000e+00 4.991455e-03
2.902500e+00 4.953302e-03
2.905000e+00 4.915412e-03
2.907500e+00 4.877783e-03
2.910000e+00 4.840413e-03
2.912500e+00 4.803301e-03
2.915000e+00 4.766446e-03
2.917500e+00 4.729846e-03
2.920000e+00 4.693498e-03
2.922500e+00 4.657403e-03
2.925000e+00 4.621558e-03
2.927500e+00 4.585962e-03
2.930000e+00 4.550613e-03
2.932500e+00 4.515509e-03
2.935000e+00 4.480650e-03
2.937500e+00 4.446034e-03
2.940000e+00 4.411660e-03
2.942500e+00 4.377525e-03
2.945000e+00 4.343628e-03
2.947500e+00 4.309969e-03
2.950000e+00 4.276545e-03
2.952500e+00 4.243355e-03
2.955000e+00 4.210398e-03
2.957500e+00 4.177672e-03
2.960000e+00 4.145176e-03
2.962500e+00 4.112908e-03
2.965000e+00 4.080867e-03
2.967500e+00 4.049052e-03
2.970000e+00 4.017462e-03
2.972500e+00 3.986094e-03
2.975000e+00 3.954948e-03
2.977500e+00 3.924021e-03
2.980000e+00 3.893314e-03
2.982500e+00 3.862824e-03
2.985000e+00 3.832550e-03
2.987500e+00 3.802491e-03
2.990000e+00 3.772645e-03
2.992500e+00 3.743011e-03
2.995000e+00 3.713588e-03
2.997500e+00 3.684375e-03
3.000000e+00 3.655370e-03
3.002500e+00 3.626571e-03
3.005000e+00 3.597978e-03
3.007500e+00 3.569590e-03
3.010000e+00 3.541404e-03
3.012500e+00 3.513420e-03
3.015000e+00 3.485637e-03
3.017500e+00 3.458053e-03
3.020000e+00 3.430666e-03
3.022500e+00 3.403477e-03
3.025000e+00 3.376483e-03
3.027500e+00 3.349683e-03
3.030000e+00 3.323076e-03
3.032500e+00 3.296661e-03
3.035000e+00 3.270436e-03
3.037500e+00 3.244401e-03
3.040000e+00 3.218554e-03
3.042500e+00 3.192894e-03
3.045000e+00 3.167420e-03
3.047500e+00 3.142130e-03
3.050000e+00 3.117024e-03
3.052500e+00 3.092100e-03
3.055000e+00 3.067357e-03
3.057500e+00 3.042794e-03
3.060000e+00 3.018410e-03
3.062500e+00 2.994204e-03
3.065000e+00 2.970174e-03
3.067500e+00 2.946319e-03
3.070000e+00 2.922638e-03
3.072500e+00 2.899131e-03
3.075000e+00 2.875796e-03
3.077500e+00 2.852631e-03
3.080000e+00 2.829636e-03
3.082500e+00 2.806810e-03
3.085000e+00 2.784152e-03
3.087500e+00 2.761660e-03
3.090000e+00 2.739334e-03
3.092500e+00 2.717171e-03
3.095000e+00 2.695173e-03
3.097500e+00 2.673336e-03
3.100000e+00 2.651660e-03
3.102500e+00 2.630145e-03
3.105000e+00 2.608789e-03
3.107500e+00 2.587590e-03
3.110000e+00 2.566549e-03
3.112500e+00 2.545664e-03
3.115000e+00 2.524933e-03
3.117500e+00 2.504357e-03
3.120000e+00 2.483933e-03
3.122500e+00 2.463661e-03
3.125000e+00 2.443541e-03
3.127500e+00 2.423570e-03
3.130000e+00 2.403748e-03
3.132500e+00 2.384074e-03
3.135000e+00 2.364547e-03
3.137500e+00 2.345166e-03
3.140000e+00 2.325930e-03
3.142500e+00 2.306838e-03
3.145000e+00 2.287889e-03
3.147500e+00 2.269082e-03
3.150000e+00 2.250416e-03
3.152500e+00 2.231891e-03
3.155000e+00 2.213505e-03
3.157500e+00 2.195257e-03
3.160000e+00 2.177147e-03
3.162500e+00 2.159173e-03
3.165000e+00 2.141335e-03
3.167500e+00 2.123632e-03
3.170000e+00 2.106063e-03
3.172500e+00 2.088626e-03
3.175000e+00 2.071322e-03
3.177500e+00 2.054148e-03
3.180000e+00 2.037105e-03
3.182500e+00 2.020191e-03
3.185000e+00 2.003406e-03
3.187500e+00 1.986748e-03
3.190000e+00 1.970217e-03
3.192500e+00 1.953812e-03
3.195000e+00 1.937532e-03
3.197500e+00 1.921377e-03
3.200000e+00 1.905344e-03
3.202500e+00 1.889434e-03
3.205000e+00 1.873646e-03
3.207500e+00 1.857979e-03
3.210000e+00 1.842431e-03
3.212500e+00 1.827003e-03
3.215000e+00 1.811693e-03
3.217500e+00 1.796501e-03
3.220000e+00 1.781426e-03
3.222500e+00 1.766466e-03
3.225000e+00 1.751622e-03
3.227500e+00 1.736892e-03
3.230000e+00 1.722276e-03
3.232500e+00 1.707772e-03
3.235000e+00 1.693381e-03
3.237500e+00 1.679100e-03
3.240000e+00 1.664931e-03
3.242500e+00 1.650871e-03
3.245000e+00 1.636920e-03
3.247500e+00 1.623077e-03
3.250000e+00 1.609341e-03
3.252500e+00 1.595713e-03
3.255000e+00 1.582190e-03
3.257500e+00 1.568772e-03
3.260000e+00 1.555459e-03
3.262500e+00 1.542250e-03
3.265000e+00 1.529144e-03
3.267500e+00 1.516140e-03
3.270000e+00 1.503238e-03
3.272500e+00 1.490436e-03
3.275000e+00 1.477735e-03
3.277500e+00 1.465134e-03
3.280000e+00 1.452631e-03
3.282500e+00 1.440226e-03
3.285000e+00 1.427918e-03
3.287500e+00 1.415708e-03
3.290000e+00 1.403593e-03
3.292500e+00 1.391574e-03
3.295000e+00 1.379649e-03
3.297500e+00 1.367818e-03
3.300000e+00 1.356081e-03
3.302500e+00 1.344436e-03
3.305000e+00 1.332884e-03
3.307500e+00 1.321422e-03
3.310000e+00 1.310052e-03
3.312500e+00 1.298771e-03
3.315000e+00 1.287580e-03
3.317500e+00 1.276478e-03
3.320000e+00 1.265464e-03
3.322500e+00 1.254537e-03
3.325000e+00 1.243698e-03
3.327500e+00 1.232944e-03
3.330000e+00 1.222277e-03
3.332500e+00 1.211694e-03
3.335000e+00 1.201196e-03
3.337500e+00 1.190781e-03
3.340000e+00 1.180450e-03
3.342500e+00 1.170202e-03
3.345000e+00 1.160035e-03
3.347500e+00 1.149950e-03
3.350000e+00 1.139946e-03
3.352500e+00 1.130022e-03
3.355000e+00 1.120178e-03
3.357500e+00 1.110413e-03
3.360000e+00 1.100726e-03
3.362500e+00 1.091117e-03
3.365000e+00 1.081586e-03
3.367500e+00 1.072132e-03
3.370000e+00 1.062754e-03
3.372500e+00 1.053451e-03
3.375000e+00 1.044224e-03
3.377500e+00 1.035071e-03
3.380000e+00 1.025993e-03
3.382500e+00 1.016988e-03
3.385000e+00 1.008056e-03
3.387500e+00 9.991963e-04
3.390000e+00 9.904086e-04
3.392500e+00 9.816924e-04
3.395000e+00 9.730471e-04
3.397500e+00 9.644721e-04
3.400000e+00 9.559669e-04
3.402500e+00 9.475311e-04
3.405000e+00 9.391641e-04
3.407500e+00 9.308654e-04
3.410000e+00 9.226345e-04
3.412500e+00 9.144708e-04
3.415000e+00 9.063740e-04
3.417500e+00 8.983435e-04
3.420000e+00 8.903788e-04
3.422500e+00 8.824794e-04
3.425000e+00 8.746449e-04
3.427500e+00 8.668747e-04
3.430000e+00 8.591683e-04
3.432500e+00 8.515254e-04
3.435000e+00 8.439454e-04
3.437500e+00 8.364279e-04
3.440000e+00 8.289723e-04
3.442500e+00 8.215783e-04
3.445000e+00 8.142454e-04
3.447500e+00 8.069730e-04
3.450000e+00 7.997608e-04
3.452500e+00 7.926083e-04
3.455000e+00 7.855151e-04
3.457500e+00 7.784806e-04
3.460000e+00 7.715046e-04
3.462500e+00 7.645864e-04
3.465000e+00 7.577257e-04
3.467500e+00 7.509221e-04
3.470000e+00 7.441751e-04
3.472500e+00 7.374843e-04
3.475000e+00 7.308493e-04
3.477500e+00 7.242696e-04
3.480000e+00 7.177448e-04
3.482500e+00 7.112746e-04
3.485000e+00 7.048584e-04
3.487500e+00 6.984959e-04
3.490000e+00 6.921867e-04
3.492500e+00 6.859304e-04
3.495000e+00 6.797265e-04
3.497500e+00 6.735747e-04
3.500000e+00 6.674746e-04
3.502500e+00 6.614257e-04
3.505000e+00 6.554277e-04
3.507500e+00 6.494802e-04
3.510000e+00 6.435828e-04
3.512500e+00 6.377351e-04
3.515000e+00 6.319368e-04
3.517500e+00 6.261874e-04
3.520000e+00 6.204865e-04
3.522500e+00 6.148339e-04
3.525000e+00 6.092291e-04
3.527500e+00 6.036718e-04
3.530000e+00 5.981616e-04
3.532500e+00 5.926981e-04
3.535000e+00 5.872810e-04
3.537500e+00 5.819099e-04
3.540000e+00 5.765844e-04
3.542500e+00 5.713042e-04
3.545000e+00 5.660690e-04
3.547500e+00 5.608784e-04
3.550000e+00 5.557321e-04
3.552500e+00 5.506296e-04
3.555000e+00 5.455708e-04
3.557500e+00 5.405551e-04
3.560000e+00 5.355823e-04
3.562500e+00 5.306521e-04
3.565000e+00 5.257641e-04
3.567500e+00 5.209180e-04
3.570000e+00 5.161135e-04
3.572500e+00 5.113502e-04
3.575000e+00 5.066278e-04
3.577500e+00 5.019460e-04
3.580000e+00 4.973044e-04
3.582500e+00 4.927029e-04
3.585000e+00 4.881409e-04
3.587500e+00 4.836183e-04
3.590000e+00 4.791347e-04
3.592500e+00 4.746898e-04
3.595000e+00 4.702834e-04
3.597500e+00 4.659150e-04
3.600000e+00 4.615844e-04
3.602500e+00 4.572913e-04
3.605000e+00 4.530354e-04
3.607500e+00 4.488164e-04
3.610000e+00 4.446341e-04
3.612500e+00 4.404880e-04
3.615000e+00 4.363780e-04
3.617500e+00 4.323037e-04
3.620000e+00 4.282649e-04
3.622500e+00 4.242612e-04
3.625000e+00 4.202925e-04
3.627500e+00 4.163584e-04
3.630000e+00 4.124586e-04
3.632500e+00 4.085929e-04
3.635000e+00 4.047609e-04
3.637500e+00 4.009625e-04
3.640000e+00 3.971973e-04
3.642500e+00 3.934652e-04
3.645000e+00 3.897657e-04
3.647500e+00 3.860987e-04
3.650000e+00 3.824639e-04
3.652500e+00 3.788610e-04
3.655000e+00 3.752898e-04
3.657500e+00 3.717500e-04
3.660000e+00 3.682414e-04
3.662500e+00 3.647637e-04
3.665000e+00 3.613167e-04
3.667500e+00 3.579001e-04
3.670000e+00 3.545136e-04
3.672500e+00 3.511571e-04
3.675000e+00 3.478302e-04
3.677500e+00 3.445328e-04
3.680000e+00 3.412646e-04
3.682500e+00 3.380254e-04
3.685000e+00 3.348149e-04
3.687500e+00 3.316328e-04
3.690000e+00 3.284791e-04
3.692500e+00 3.253533e-04
3.695000e+00 3.222554e-04
3.697500e+00 3.191850e-04
3.700000e+00 3.161420e-04
3.702500e+00 3.131261e-04
3.705000e+00 3.101371e-04
3.707500e+00 3.071748e-04
3.710000e+00 3.042389e-04
3.712500e+00 3.013292e-04
3.715000e+00 2.984456e-04
3.717500e+00 2.955878e-04
3.720000e+00 2.927556e-04
3.722500e+00 2.899488e-04
3.725000e+00 2.871672e-04
3.727500e+00 2.844105e-04
3.730000e+00 2.816786e-04
3.732500e+00 2.789712e-04
3.735000e+00 2.762882e-04
3.737500e+00 2.736294e-04
3.740000e+00 2.709945e-04
3.742500e+00 2.683833e-04
3.745000e+00 2.657957e-04
3.747500e+00 2.632315e-04
3.750000e+00 2.606904e-04
3.752500e+00 2.581723e-04
3.755000e+00 2.556770e-04
3.757500e+00 2.532042e-04
3.760000e+00 2.507539e-04
3.762500e+00 2.483257e-04
3.765000e+00 2.459196e-04
3.767500e+00 2.435353e-04
3.770000e+00 2.411727e-04
3.772500e+00 2.388316e-04
3.775000e+00 2.365117e-04
3.777500e+00 2.342130e-04
3.780000e+00 2.319352e-04
3.782500e+00 2.296782e-04
3.785000e+00 2.274418e-04
3.787500e+00 2.252257e-04
3.790000e+00 2.230299e-04
3.792500e+00 2.208542e-04
3.795000e+00 2.186984e-04
3.797500e+00 2.165623e-04
3.800000e+00 2.144458e-04
3.802500e+00 2.123487e-04
3.805000e+00 2.102708e-04
3.807500e+00 2.082120e-04
3.810000e+00 2.061721e-04
3.812500e+00 2.041510e-04
3.815000e+00 2.021484e-04
3.817500e+00 2.001643e-04
3.820000e+00 1.981984e-04
3.822500e+00 1.962507e-04
3.825000e+00 1.943209e-04
3.827500e+00 1.924089e-04
3.830000e+00 1.905146e-04
3.832500e+00 1.886378e-04
3.835000e+00 1.867784e-04
3.837500e+00 1.849361e-04
3.840000e+00 1.831109e-04
3.842500e+00 1.813027e-04
3.845000e+00 1.795112e-04
3.847500e+00 1.777363e-04
3.850000e+00 1.759779e-04
3.852500e+00 1.742359e-04
3.855000e+00 1.725100e-04
3.857500e+00 1.708002e-04
3.860000e+00 1.691063e-04
3.862500e+00 1.674283e-04
3.865000e+00 1.657658e-04
3.867500e+00 1.641189e-04
3.870000e+00 1.624873e-04
3.872500e+00 1.608710e-04
3.875000e+00 1.592698e-04
3.877500e+00 1.576836e-04
3.880000e+00 1.561122e-04
3.882500e+00 1.545555e-04
3.885000e+00 1.530135e-04
3.887500e+00 1.514859e-04
3.890000e+00 1.499726e-04
3.892500e+00 1.484736e-04
3.895000e+00 1.469886e-04
3.897500e+00 1.455176e-04
3.900000e+00 1.440605e-04
3.902500e+00 1.426171e-04
3.905000e+00 1.411873e-04
3.907500e+00 1.397709e-04
3.910000e+00 1.383680e-04
3.912500e+00 1.369782e-04
3.915000e+00 1.356017e-04
3.917500e+00 1.342381e-04
3.920000e+00 1.328874e-04
3.922500e+00 1.315496e-04
3.925000e+00 1.302244e-04
3.927500e+00 1.289117e-04
3.930000e+00 1.276116e-04
3.932500e+00 1.263237e-04
3.935000e+00 1.250481e-04
3.937500e+00 1.237847e-04
3.940000e+00 1.225332e-04
3.942500e+00 1.212937e-04
3.945000e+00 1.200659e-04
3.947500e+00 1.188499e-04
3.950000e+00 1.176455e-04
3.952500e+00 1.164525e-04
3.955000e+00 1.152710e-04
3.957500e+00 1.141007e-04
3.960000e+00 1.129417e-04
3.962500e+00 1.117937e-04
3.965000e+00 1.106567e-04
3.967500e+00 1.095307e-04
3.970000e+00 1.084154e-04
3.972500e+00 1.073108e-04
3.975000e+00 1.062168e-04
3.977500e+00 1.051333e-04
3.980000e+00 1.040603e-04
3.982500e+00 1.029976e-04
3.985000e+00 1.019451e-04
3.987500e+00 1.009027e-04
3.990000e+00 9.987039e-05
3.992500e+00 9.884804e-05
3.995000e+00 9.783555e-05
3.997500e+00 9.683283e-05
4.000000e+00 9.583981e-05
4.002500e+00 9.485639e-05
4.005000e+00 9.388249e-05
4.007500e+00 9.291801e-05
4.010000e+00 9.196288e-05
4.012500e+00 9.101701e-05
4.015000e+00 9.008032e-05
4.017500e+00 8.915272e-05
4.020000e+00 8.823413e-05
4.022500e+00 8.732447e-05
4.025000e+00 8.642366e-05
4.027500e+00 8.553161e-05
4.030000e+00 8.464825e-05
4.032500e+00 8.377350e-05
4.035000e+00 8.290728e-05
4.037500e+00 8.204951e-05
4.040000e+00 8.120012e-05
4.042500e+00 8.035903e-05
4.045000e+00 7.952616e-05
4.047500e+00 7.870143e-05
4.050000e+00 7.788478e-05
4.052500e+00 7.707613e-05
4.055000e+00 7.627541e-05
4.057500e+00 7.548253e-05
4.060000e+00 7.469744e-05
4.062500e+00 7.392006e-05
4.065000e+00 7.315032e-05
4.067500e+00 7.238814e-05
4.070000e+00 7.163347e-05
4.072500e+00 7.088622e-05
4.075000e+00 7.014634e-05
4.077500e+00 6.941375e-05
4.080000e+00 6.868838e-05
4.082500e+00 6.797018e-05
4.085000e+00 6.725906e-05
4.087500e+00 6.655498e-05
4.090000e+00 6.585786e-05
4.092500e+00 6.516763e-05
4.095000e+00 6.448424e-05
4.097500e+00 6.380762e-05
4.100000e+00 6.313770e-05
4.102500e+00 6.247444e-05
4.105000e+00 6.181775e-05
4.107500e+00 6.116759e-05
4.110000e+00 6.052389e-05
4.112500e+00 5.988659e-05
4.115000e+00 5.925563e-05
4.117500e+00 5.863095e-05
4.120000e+00 5.801250e-05
4.122500e+00 5.740021e-05
4.125000e+00 5.679403e-05
4.127500e+00 5.619390e-05
4.130000e+00 5.559976e-05
4.132500e+00 5.501156e-05
4.135000e+00 5.442925e-05
4.137500e+00 5.385275e-05
4.140000e+00 5.328204e-05
4.142500e+00 5.271704e-05
4.145000e+00 5.215770e-05
4.147500e+00 5.160397e-05
4.150000e+00 5.105580e-05
4.152500e+00 5.051314e-05
4.155000e+00 4.997593e-05
4.157500e+00 4.944412e-05
4.160000e+00 4.891766e-05
4.162500e+00 4.839650e-05
4.165000e+00 4.788059e-05
4.167500e+00 4.736988e-05
4.170000e+00 4.686432e-05
4.172500e+00 4.636386e-05
4.175000e+00 4.586846e-05
4.177500e+00 4.537806e-05
4.180000e+00 4.489262e-05
4.182500e+00 4.441209e-05
4.185000e+00 4.393642e-05
4.187500e+00 4.346557e-05
4.190000e+00 4.299950e-05
4.192500e+00 4.253815e-05
4.195000e+00 4.208148e-05
4.197500e+00 4.162944e-05
4.200000e+00 4.118200e-05
4.202500e+00 4.073911e-05
4.205000e+00 4.030072e-05
4.207500e+00 3.986679e-05
4.210000e+00 3.943728e-05
4.212500e+00 3.901214e-05
4.215000e+00 3.859134e-05
4.217500e+00 3.817483e-05
4.220000e+00 3.776258e-05
4.222500e+00 3.735453e-05
4.225000e+00 3.695065e-05
4.227500e+00 3.655090e-05
4.230000e+00 3.615524e-05
4.232500e+00 3.576363e-05
4.235000e+00 3.537603e-05
4.237500e+00 3.499240e-05
4.240000e+00 3.461271e-05
4.242500e+00 3.423691e-05
4.245000e+00 3.386497e-05
4.247500e+00 3.349685e-05
4.250000e+00 3.313251e-05
4.252500e+00 3.277192e-05
4.255000e+00 3.241504e-05
4.257500e+00 3.206184e-05
4.260000e+00 3.171227e-05
4.262500e+00 3.136630e-05
4.265000e+00 3.102390e-05
4.267500e+00 3.068504e-05
4.270000e+00 3.034967e-05
4.272500e+00 3.001777e-05
4.275000e+00 2.968930e-05
4.277500e+00 2.936422e-05
4.280000e+00 2.904251e-05
4.282500e+00 2.872412e-05
4.285000e+00 2.840904e-05
4.287500e+00 2.809722e-05
4.290000e+00 2.778864e-05
4.292500e+00 2.748325e-05
4.295000e+00 2.718104e-05
4.297500e+00 2.688196e-05
4.300000e+00 2.658600e-05
4.302500e+00 2.629311e-05
4.305000e+00 2.600326e-05
4.307500e+00 2.571644e-05
4.310000e+00 2.543260e-05
4.312500e+00 2.515172e-05
4.315000e+00 2.487376e-05
4.317500e+00 2.459871e-05
4.320000e+00 2.432653e-05
4.322500e+00 2.405719e-05
4.325000e+00 2.379066e-05
4.327500e+00 2.352692e-05
4.330000e+00 2.326593e-05
4.332500e+00 2.300768e-05
4.335000e+00 2.275213e-05
4.337500e+00 2.249926e-05
4.340000e+00 2.224904e-05
4.342500e+00 2.200144e-05
4.345000e+00 2.175644e-05
4.347500e+00 2.151401e-05
4.350000e+00 2.127412e-05
4.352500e+00 2.103676e-05
4.355000e+00 2.080189e-05
4.357500e+00 2.056949e-05
4.360000e+00 2.033953e-05
4.362500e+00 2.011200e-05
4.365000e+00 1.988686e-05
4.367500e+00 1.966409e-05
4.370000e+00 1.944368e-05
4.372500e+00 1.922558e-05
4.375000e+00 1.900979e-05
4.377500e+00 1.879628e-05
4.380000e+00 1.858502e-05
4.382500e+00 1.837599e-05
4.385000e+00 1.816917e-05
4.387500e+00 1.796454e-05
4.390000e+00 1.776208e-05
4.392500e+00 1.756176e-05
4.395000e+00 1.736356e-05
4.397500e+00 1.716746e-05
4.400000e+00 1.697343e-05
4.402500e+00 1.678147e-05
4.405000e+00 1.659154e-05
4.407500e+00 1.640363e-05
4.410000e+00 1.621771e-05
4.412500e+00 1.603377e-05
4.415000e+00 1.585178e-05
4.417500e+00 1.567172e-05
4.420000e+00 1.549358e-05
4.422500e+00 1.531734e-05
4.425000e+00 1.514297e-05
4.427500e+00 1.497046e-05
4.430000e+00 1.479978e-05
4.432500e+00 1.463093e-05
4.435000e+00 1.446387e-05
4.437500e+00 1.429860e-05
4.440000e+00 1.413509e-05
4.442500e+00 1.397332e-05
4.445000e+00 1.381328e-05
4.447500e+00 1.365495e-05
4.450000e+00 1.349831e-05
4.452500e+00 1.334334e-05
4.455000e+00 1.319003e-05
4.457500e+00 1.303836e-05
4.460000e+00 1.288831e-05
4.462500e+00 1.273987e-05
4.465000e+00 1.259301e-05
4.467500e+00 1.244773e-05
4.470000e+00 1.230401e-05
4.472500e+00 1.216182e-05
4.475000e+00 1.202116e-05
4.477500e+00 1.188200e-05
4.480000e+00 1.174434e-05
4.482500e+00 1.160815e-05
4.485000e+00 1.147342e-05
4.487500e+00 1.134014e-05
4.490000e+00 1.120829e-05
4.492500e+00 1.107785e-05
4.495000e+00 1.094882e-05
4.497500e+00 1.082117e-05
4.500000e+00 1.069489e-05
4.502500e+00 1.056996e-05
4.505000e+00 1.044638e-05
4.507500e+00 1.032413e-05
4.510000e+00 1.020319e-05
4.512500e+00 1.008355e-05
4.515000e+00 9.965200e-06
4.517500e+00 9.848120e-06
4.520000e+00 9.732299e-06
4.522500e+00 9.617723e-06
4.525000e+00 9.504380e-06
4.527500e+00 9.392256e-06
4.530000e+00 9.281338e-06
4.532500e+00 9.171613e-06
4.535000e+00 9.063069e-06
4.537500e+00 8.955692e-06
4.540000e+00 8.849471e-06
4.542500e+00 8.744393e-06
4.545000e+00 8.640445e-06
4.547500e+00 8.537615e-06
4.550000e+00 8.435892e-06
4.552500e+00 8.335263e-06
4.555000e+00 8.235717e-06
4.557500e+00 8.137242e-06
4.560000e+00 8.039826e-06
4.562500e+00 7.943457e-06
4.565000e+00 7.848125e-06
4.567500e+00 7.753818e-06
4.570000e+00 7.660525e-06
4.572500e+00 7.568234e-06
4.575000e+00 7.476936e-06
4.577500e+00 7.386618e-06
4.580000e+00 7.297271e-06
4.582500e+00 7.208883e-06
4.585000e+00 7.121444e-06
4.587500e+00 7.034944e-06
4.590000e+00 6.949372e-06
4.592500e+00 6.864718e-06
4.595000e+00 6.780971e-06
4.597500e+00 6.698123e-06
4.600000e+00 6.616162e-06
4.602500e+00 6.535079e-06
4.605000e+00 6.454865e-06
4.607500e+00 6.375509e-06
4.610000e+00 6.297001e-06
4.612500e+00 6.219333e-06
4.615000e+00 6.142495e-06
4.617500e+00 6.066478e-06
4.620000e+00 5.991272e-06
4.622500e+00 5.916869e-06
4.625000e+00 5.843258e-06
4.627500e+00 5.770432e-06
4.630000e+00 5.698381e-06
4.632500e+00 5.627097e-06
4.635000e+00 5.556571e-06
4.637500e+00 5.486793e-06
4.640000e+00 5.417757e-06
4.642500e+00 5.349452e-06
4.645000e+00 5.281871e-06
4.647500e+00 5.215006e-06
4.650000e+00 5.148848e-06
4.652500e+00 5.083388e-06
4.655000e+00 5.018620e-06
4.657500e+00 4.954535e-06
4.660000e+00 4.891124e-06
4.662500e+00 4.828381e-06
4.665000e+00 4.766297e-06
4.667500e+00 4.704864e-06
4.670000e+00 4.644076e-06
4.672500e+00 4.583924e-06
4.675000e+00 4.524400e-06
4.677500e+00 4.465498e-06
4.680000e+00 4.407210e-06
4.682500e+00 4.349529e-06
4.685000e+00 4.292447e-06
4.687500e+00 4.235958e-06
4.690000e+00 4.180054e-06
4.692500e+00 4.124728e-06
4.695000e+00 4.069973e-06
4.697500e+00 4.015782e-06
4.700000e+00 3.962149e-06
4.702500e+00 3.909067e-06
4.705000e+00 3.856528e-06
4.707500e+00 3.804526e-06
4.710000e+00 3.753056e-06
4.712500e+00 3.702109e-06
4.715000e+00 3.651680e-06
4.717500e+00 3.601762e-06
4.720000e+00 3.552349e-06
4.722500e+00 3.503434e-06
4.725000e+00 3.455011e-06
4.727500e+00 3.407075e-06
4.730000e+00 3.359618e-06
4.732500e+00 3.312635e-06
4.735000e+00 3.266119e-06
4.737500e+00 3.220066e-06
4.740000e+00 3.174468e-06
4.742500e+00 3.129320e-06
4.745000e+00 3.084616e-06
4.747500e+00 3.040350e-06
4.750000e+00 2.996516e-06
4.752500e+00 2.953110e-06
4.755000e+00 2.910124e-06
4.757500e+00 2.867554e-06
4.760000e+00 2.825394e-06
4.762500e+00 2.783639e-06
4.765000e+00 2.742282e-06
4.767500e+00 2.701319e-06
4.770000e+00 2.660744e-06
4.772500e+00 2.620553e-06
4.775000e+00 2.580738e-06
4.777500e+00 2.541297e-06
4.780000e+00 2.502222e-06
4.782500e+00 2.463509e-06
4.785000e+00 2.425154e-06
4.787500e+00 2.387150e-06
4.790000e+00 2.349493e-06
4.792500e+00 2.312177e-06
4.795000e+00 2.275199e-06
4.797500e+00 2.238552e-06
4.800000e+00 2.202232e-06
4.802500e+00 2.166235e-06
4.805000e+00 2.130555e-06
4.807500e+00 2.095188e-06
4.810000e+00 2.060128e-06
4.812500e+00 2.025372e-06
4.815000e+00 1.990914e-06
4.817500e+00 1.956750e-06
4.820000e+00 1.922875e-06
4.822500e+00 1.889285e-06
4.825000e+00 1.855975e-06
4.827500e+00 1.822940e-06
4.830000e+00 1.790177e-06
4.832500e+00 1.757680e-06
4.835000e+00 1.725446e-06
4.837500e+00 1.693470e-06
4.840000e+00 1.661747e-06
4.842500e+00 1.630273e-06
4.845000e+00 1.599045e-06
4.847500e+00 1.568057e-06
4.850000e+00 1.537305e-06
4.852500e+00 1.506786e-06
4.855000e+00 1.476494e-06
4.857500e+00 1.446427e-06
4.860000e+00 1.416579e-06
4.862500e+00 1.386946e-06
4.865000e+00 1.357525e-06
4.867500e+00 1.328312e-06
4.870000e+00 1.299302e-06
4.872500e+00 1.270491e-06
4.875000e+00 1.241875e-06
4.877500e+00 1.213451e-06
4.880000e+00 1.185214e-06
4.882500e+00 1.157160e-06
4.885000e+00 1.129286e-06
4.887500e+00 1.101588e-06
4.890000e+00 1.074061e-06
4.892500e+00 1.046702e-06
4.895000e+00 1.019507e-06
4.897500e+00 9.924723e-07
4.900000e+00 9.655937e-07
4.902500e+00 9.388678e-07
4.905000e+00 9.122906e-07
4.907500e+00 8.858583e-07
4.910000e+00 8.595673e-07
4.912500e+00 8.334137e-07
4.915000e+00 8.073940e-07
4.917500e+00 7.815042e-07
4.920000e+00 7.557408e-07
4.922500e+00 7.301001e-07
4.925000e+00 7.045784e-07
4.927500e+00 6.791720e-07
4.930000e+00 6.538772e-07
4.932500e+00 6.286905e-07
4.935000e+00 6.036082e-07
4.937500e+00 5.786267e-07
4.940000e+00 5.537423e-07
4.942500e+00 5.289515e-07
4.945000e+00 5.042506e-07
4.947500e+00 4.796361e-07
4.950000e+00 4.551044e-07
4.952500e+00 4.306519e-07
4.955000e+00 4.062751e-07
4.957500e+00 3.819703e-07
4.960000e+00 3.577340e-07
4.962500e+00 3.335627e-07
4.965000e+00 3.094528e-07
4.967500e+00 2.854008e-07
4.970000e+00 2.614031e-07
4.972500e+00 2.374561e-07
4.975000e+00 2.135564e-07
4.977500e+00 1.897003e-07
4.980000e+00 1.658844e-07
4.982500e+00 1.421051e-07
4.985000e+00 1.183589e-07
4.987500e+00 9.464223e-08
4.990000e+00 7.095154e-08
4.992500e+00 4.728331e-08
4.995000e+00 2.363397e-08
4.997500e+00 0.000000e+00
