0.000000e+00 1.495588e-01
2.000000e-02 1.495588e-01
4.000000e-02 1.495067e-01
6.000000e-02 1.494129e-01
8.000000e-02 1.492789e-01
1.000000e-01 1.491053e-01
1.200000e-01 1.488923e-01
1.400000e-01 1.486402e-01
1.600000e-01 1.483489e-01
1.800000e-01 1.480187e-01
2.000000e-01 1.476496e-01
2.200000e-01 1.472417e-01
2.400000e-01 1.467951e-01
2.600000e-01 1.463100e-01
2.800000e-01 1.457865e-01
3.000000e-01 1.452246e-01
3.200000e-01 1.446246e-01
3.400000e-01 1.439865e-01
3.600000e-01 1.433106e-01
3.800000e-01 1.425969e-01
4.000000e-01 1.418457e-01
4.200000e-01 1.410572e-01
4.400000e-01 1.402316e-01
4.600000e-01 1.393690e-01
4.800000e-01 1.384698e-01
5.000000e-01 1.375342e-01
5.200000e-01 1.365625e-01
5.400000e-01 1.355549e-01
5.600000e-01 1.345118e-01
5.800000e-01 1.334336e-01
6.000000e-01 1.323205e-01
6.200000e-01 1.311730e-01
6.400000e-01 1.299914e-01
6.600000e-01 1.287762e-01
6.800000e-01 1.275279e-01
7.000000e-01 1.262468e-01
7.200000e-01 1.249336e-01
7.400000e-01 1.235887e-01
7.600000e-01 1.222128e-01
7.800000e-01 1.208063e-01
8.000000e-01 1.193700e-01
8.200000e-01 1.179045e-01
8.400000e-01 1.164105e-01
8.600000e-01 1.148888e-01
8.800000e-01 1.133400e-01
9.000000e-01 1.117650e-01
9.200000e-01 1.101646e-01
9.400000e-01 1.085397e-01
9.600000e-01 1.068912e-01
9.800000e-01 1.052200e-01
1.000000e+00 1.035272e-01
1.020000e+00 1.018138e-01
1.040000e+00 1.000808e-01
1.060000e+00 9.832929e-02
1.080000e+00 9.656048e-02
1.100000e+00 9.477553e-02
1.120000e+00 9.297565e-02
1.140000e+00 9.116210e-02
1.160000e+00 8.933616e-02
1.180000e+00 8.749918e-02
1.200000e+00 8.565249e-02
1.220000e+00 8.379751e-02
1.240000e+00 8.193564e-02
1.260000e+00 8.006834e-02
1.280000e+00 7.819709e-02
1.300000e+00 7.632339e-02
1.320000e+00 7.444876e-02
1.340000e+00 7.257474e-02
1.360000e+00 7.070289e-02
1.380000e+00 6.883477e-02
1.400000e+00 6.697196e-02
1.420000e+00 6.511605e-02
1.440000e+00 6.326862e-02
1.460000e+00 6.143125e-02
1.480000e+00 5.960552e-02
1.500000e+00 5.779298e-02
1.520000e+00 5.599519e-02
1.540000e+00 5.421367e-02
1.560000e+00 5.244994e-02
1.580000e+00 5.070546e-02
1.600000e+00 4.898167e-02
1.620000e+00 4.727999e-02
1.640000e+00 4.560177e-02
1.660000e+00 4.394832e-02
1.680000e+00 4.232093e-02
1.700000e+00 4.072079e-02
1.720000e+00 3.914905e-02
1.740000e+00 3.760681e-02
1.760000e+00 3.609510e-02
1.780000e+00 3.461486e-02
1.800000e+00 3.316697e-02
1.820000e+00 3.175226e-02
1.840000e+00 3.037144e-02
1.860000e+00 2.902518e-02
1.880000e+00 2.771404e-02
1.900000e+00 2.643852e-02
1.920000e+00 2.519904e-02
1.940000e+00 2.399591e-02
1.960000e+00 2.282940e-02
1.980000e+00 2.169965e-02
2.000000e+00 2.060676e-02
2.020000e+00 1.955073e-02
2.040000e+00 1.853149e-02
2.060000e+00 1.754889e-02
2.080000e+00 1.660270e-02
2.100000e+00 1.569264e-02
2.120000e+00 1.481835e-02
2.140000e+00 1.397939e-02
2.160000e+00 1.317527e-02
2.180000e+00 1.240546e-02
2.200000e+00 1.166936e-02
2.220000e+00 1.096630e-02
2.240000e+00 1.029560e-02
2.260000e+00 9.656526e-03
2.280000e+00 9.048292e-03
2.300000e+00 8.470093e-03
2.320000e+00 7.921091e-03
2.340000e+00 7.400424e-03
2.360000e+00 6.907208e-03
2.380000e+00 6.440542e-03
2.400000e+00 5.999515e-03
2.420000e+00 5.583202e-03
2.440000e+00 5.190678e-03
2.460000e+00 4.821014e-03
2.480000e+00 4.473281e-03
2.500000e+00 4.146557e-03
2.520000e+00 3.839927e-03
2.540000e+00 3.552486e-03
2.560000e+00 3.283343e-03
2.580000e+00 3.031621e-03
2.600000e+00 2.796461e-03
2.620000e+00 2.577024e-03
2.640000e+00 2.372489e-03
2.660000e+00 2.182059e-03
2.680000e+00 2.004962e-03
2.700000e+00 1.840449e-03
2.720000e+00 1.687796e-03
2.740000e+00 1.546305e-03
2.760000e+00 1.415306e-03
2.780000e+00 1.294154e-03
2.800000e+00 1.182233e-03
2.820000e+00 1.078951e-03
2.840000e+00 9.837476e-04
2.860000e+00 8.960846e-04
2.880000e+00 8.154526e-04
2.900000e+00 7.413674e-04
2.920000e+00 6.733706e-04
2.940000e+00 6.110286e-04
2.960000e+00 5.539319e-04
2.980000e+00 5.016948e-04
3.000000e+00 4.539540e-04
3.020000e+00 4.103685e-04
3.040000e+00 3.706182e-04
3.060000e+00 3.344037e-04
3.080000e+00 3.014447e-04
3.100000e+00 2.714796e-04
3.120000e+00 2.442647e-04
3.140000e+00 2.195729e-04
3.160000e+00 1.971933e-04
3.180000e+00 1.769300e-04
3.200000e+00 1.586017e-04
3.220000e+00 1.420404e-04
3.240000e+00 1.270908e-04
3.260000e+00 1.136097e-04
3.280000e+00 1.014651e-04
3.300000e+00 9.053534e-05
3.320000e+00 8.070879e-05
3.340000e+00 7.188286e-05
3.360000e+00 6.396352e-05
3.380000e+00 5.686468e-05
3.400000e+00 5.050758e-05
3.420000e+00 4.482033e-05
3.440000e+00 3.973732e-05
3.460000e+00 3.519880e-05
3.480000e+00 3.115038e-05
3.500000e+00 2.754266e-05
3.520000e+00 2.433077e-05
3.540000e+00 2.147405e-05
3.560000e+00 1.893567e-05
3.580000e+00 1.668232e-05
3.600000e+00 1.468393e-05
3.620000e+00 1.291333e-05
3.640000e+00 1.134606e-05
3.660000e+00 9.960085e-06
3.680000e+00 8.735606e-06
3.700000e+00 7.654827e-06
3.720000e+00 6.701787e-06
3.740000e+00 5.862180e-06
3.760000e+00 5.123203e-06
3.780000e+00 4.473405e-06
3.800000e+00 3.902560e-06
3.820000e+00 3.401545e-06
3.840000e+00 2.962228e-06
3.860000e+00 2.577370e-06
3.880000e+00 2.240535e-06
3.900000e+00 1.946003e-06
3.920000e+00 1.688700e-06
3.940000e+00 1.464129e-06
3.960000e+00 1.268307e-06
3.980000e+00 1.097711e-06
4.000000e+00 9.492282e-07
4.020000e+00 8.201107e-07
4.040000e+00 7.079360e-07
4.060000e+00 6.105702e-07
4.080000e+00 5.261355e-07
4.100000e+00 4.529815e-07
4.120000e+00 3.896587e-07
4.140000e+00 3.348959e-07
4.160000e+00 2.875789e-07
4.180000e+00 2.467325e-07
4.200000e+00 2.115038e-07
4.220000e+00 1.811477e-07
4.240000e+00 1.550139e-07
4.260000e+00 1.325354e-07
4.280000e+00 1.132183e-07
4.300000e+00 9.663306e-08
4.320000e+00 8.240604e-08
4.340000e+00 7.021291e-08
4.360000e+00 5.977228e-08
4.380000e+00 5.084027e-08
4.400000e+00 4.320574e-08
4.420000e+00 3.668603e-08
4.440000e+00 3.112333e-08
4.460000e+00 2.638139e-08
4.480000e+00 2.234271e-08
4.500000e+00 1.890605e-08
4.520000e+00 1.598427e-08
4.540000e+00 1.350244e-08
4.560000e+00 1.139618e-08
4.580000e+00 9.610232e-09
4.600000e+00 8.097234e-09
4.620000e+00 6.816599e-09
4.640000e+00 5.733599e-09
4.660000e+00 4.818541e-09
4.680000e+00 4.046064e-09
4.700000e+00 3.394526e-09
4.720000e+00 2.845476e-09
4.740000e+00 2.383198e-09
4.760000e+00 1.994322e-09
4.780000e+00 1.667478e-09
4.800000e+00 1.393014e-09
4.820000e+00 1.162735e-09
4.840000e+00 9.696982e-10
4.860000e+00 8.080217e-10
4.880000e+00 6.727290e-10
4.900000e+00 5.596134e-10
4.920000e+00 4.651222e-10
4.940000e+00 3.862575e-10
4.960000e+00 3.204925e-10
4.980000e+00 2.656990e-10
5.000000e+00 2.200863e-10
5.020000e+00 1.821491e-10
5.040000e+00 1.506232e-10
5.060000e+00 1.244478e-10
5.080000e+00 1.027337e-10
5.100000e+00 8.473610e-11
5.120000e+00 6.983185e-11
5.140000e+00 5.749993e-11
5.160000e+00 4.730521e-11
5.180000e+00 3.888458e-11
5.200000e+00 3.193532e-11
5.220000e+00 2.620528e-11
5.240000e+00 2.148464e-11
5.260000e+00 1.759892e-11
5.280000e+00 1.440323e-11
5.300000e+00 1.177728e-11
5.320000e+00 9.621373e-12
5.340000e+00 7.852885e-12
5.360000e+00 6.403450e-12
5.380000e+00 5.216532e-12
5.400000e+00 4.245424e-12
5.420000e+00 3.451573e-12
5.440000e+00 2.803184e-12
5.460000e+00 2.274062e-12
5.480000e+00 1.842645e-12
5.500000e+00 1.491197e-12
5.520000e+00 1.205145e-12
5.540000e+00 9.725254e-13
5.560000e+00 7.835262e-13
5.580000e+00 6.301057e-13
5.600000e+00 5.056800e-13
5.620000e+00 4.048639e-13
5.640000e+00 3.232563e-13
5.660000e+00 2.572641e-13
5.680000e+00 2.039565e-13
5.700000e+00 1.609453e-13
5.720000e+00 1.262869e-13
5.740000e+00 9.840123e-14
5.760000e+00 7.600537e-14
5.780000e+00 5.805961e-14
5.800000e+00 4.372292e-14
5.820000e+00 3.231681e-14
5.840000e+00 2.329597e-14
5.860000e+00 1.622438e-14
5.880000e+00 1.075618e-14
5.900000e+00 6.620340e-15
5.920000e+00 3.608639e-15
5.940000e+00 1.566375e-15
5.960000e+00 3.855205e-16
5.980000e+00 0.000000e+00
