-3.000000e+00 0.000000e+00
-2.980000e+00 1.805443e-16
-2.960000e+00 7.617738e-16
-2.940000e+00 1.869436e-15
-2.920000e+00 3.739241e-15
-2.900000e+00 6.762517e-15
-2.880000e+00 1.156175e-14
-2.860000e+00 1.910939e-14
-2.840000e+00 3.091074e-14
-2.820000e+00 4.928291e-14
-2.800000e+00 7.777715e-14
-2.780000e+00 1.218159e-13
-2.760000e+00 1.896492e-13
-2.740000e+00 2.937865e-13
-2.720000e+00 4.531299e-13
-2.700000e+00 6.961449e-13
-2.680000e+00 1.065552e-12
-2.660000e+00 1.625247e-12
-2.640000e+00 2.470475e-12
-2.620000e+00 3.742719e-12
-2.600000e+00 5.651436e-12
-2.580000e+00 8.505656e-12
-2.560000e+00 1.275974e-11
-2.540000e+00 1.907947e-11
-2.520000e+00 2.843704e-11
-2.500000e+00 4.224719e-11
-2.480000e+00 6.256161e-11
-2.460000e+00 9.234543e-11
-2.440000e+00 1.358691e-10
-2.420000e+00 1.992615e-10
-2.400000e+00 2.912889e-10
-2.380000e+00 4.244455e-10
-2.360000e+00 6.164775e-10
-2.340000e+00 8.925024e-10
-2.320000e+00 1.287947e-09
-2.300000e+00 1.852606e-09
-2.280000e+00 2.656219e-09
-2.260000e+00 3.796121e-09
-2.240000e+00 5.407684e-09
-2.220000e+00 7.678512e-09
-2.200000e+00 1.086768e-08
-2.180000e+00 1.533171e-08
-2.160000e+00 2.155943e-08
-2.140000e+00 3.021877e-08
-2.120000e+00 4.221907e-08
-2.100000e+00 5.879390e-08
-2.080000e+00 8.161071e-08
-2.060000e+00 1.129153e-07
-2.040000e+00 1.557215e-07
-2.020000e+00 2.140594e-07
-2.000000e+00 2.932981e-07
-1.980000e+00 4.005647e-07
-1.960000e+00 5.452859e-07
-1.940000e+00 7.398835e-07
-1.920000e+00 1.000667e-06
-1.900000e+00 1.348968e-06
-1.880000e+00 1.812591e-06
-1.860000e+00 2.427632e-06
-1.840000e+00 3.240787e-06
-1.820000e+00 4.312229e-06
-1.800000e+00 5.719213e-06
-1.780000e+00 7.560546e-06
-1.760000e+00 9.962120e-06
-1.740000e+00 1.308372e-05
-1.720000e+00 1.712739e-05
-1.700000e+00 2.234759e-05
-1.680000e+00 2.906355e-05
-1.660000e+00 3.767426e-05
-1.640000e+00 4.867633e-05
-1.620000e+00 6.268552e-05
-1.600000e+00 8.046222e-05
-1.580000e+00 1.029417e-04
-1.560000e+00 1.312696e-04
-1.540000e+00 1.668437e-04
-1.520000e+00 2.113621e-04
-1.500000e+00 2.668794e-04
-1.480000e+00 3.358713e-04
-1.460000e+00 4.213077e-04
-1.440000e+00 5.267367e-04
-1.420000e+00 6.563786e-04
-1.400000e+00 8.152311e-04
-1.380000e+00 1.009187e-03
-1.360000e+00 1.245161e-03
-1.340000e+00 1.531235e-03
-1.320000e+00 1.876805e-03
-1.300000e+00 2.292748e-03
-1.280000e+00 2.791593e-03
-1.260000e+00 3.387704e-03
-1.240000e+00 4.097466e-03
-1.220000e+00 4.939472e-03
-1.200000e+00 5.934716e-03
-1.180000e+00 7.106774e-03
-1.160000e+00 8.481981e-03
-1.140000e+00 1.008959e-02
-1.120000e+00 1.196189e-02
-1.100000e+00 1.413435e-02
-1.080000e+00 1.664565e-02
-1.060000e+00 1.953775e-02
-1.040000e+00 2.285579e-02
-1.020000e+00 2.664808e-02
-1.000000e+00 3.096590e-02
-9.800000e-01 3.586325e-02
-9.600000e-01 4.139659e-02
-9.400000e-01 4.762435e-02
-9.200000e-01 5.460650e-02
-9.000000e-01 6.240393e-02
-8.800000e-01 7.107773e-02
-8.600000e-01 8.068848e-02
-8.400000e-01 9.129533e-02
-8.200000e-01 1.029551e-01
-8.000000e-01 1.157211e-01
-7.800000e-01 1.296425e-01
-7.600000e-01 1.447628e-01
-7.400000e-01 1.611187e-01
-7.200000e-01 1.787394e-01
-7.000000e-01 1.976454e-01
-6.800000e-01 2.178469e-01
-6.600000e-01 2.393438e-01
-6.400000e-01 2.621240e-01
-6.200000e-01 2.861632e-01
-6.000000e-01 3.114241e-01
-5.800000e-01 3.378559e-01
-5.600000e-01 3.653942e-01
-5.400000e-01 3.939609e-01
-5.200000e-01 4.234640e-01
-5.000000e-01 4.537986e-01
-4.800000e-01 4.848466e-01
-4.600000e-01 5.164779e-01
-4.400000e-01 5.485513e-01
-4.200000e-01 5.809153e-01
-4.000000e-01 6.134095e-01
-3.800000e-01 6.458658e-01
-3.600000e-01 6.781099e-01
-3.400000e-01 7.099632e-01
-3.200000e-01 7.412438e-01
-3.000000e-01 7.717688e-01
-2.800000e-01 8.013556e-01
-2.600000e-01 8.298238e-01
-2.400000e-01 8.569968e-01
-2.200000e-01 8.827037e-01
-2.000000e-01 9.067806e-01
-1.800000e-01 9.290723e-01
-1.600000e-01 9.494338e-01
-1.400000e-01 9.677314e-01
-1.200000e-01 9.838444e-01
-1.000000e-01 9.976656e-01
-8.000000e-02 1.009103e+00
-6.000000e-02 1.018079e+00
-4.000000e-02 1.024534e+00
-2.000000e-02 1.028425e+00
0.000000e+00 1.029725e+00
2.000000e-02 1.028425e+00
4.000000e-02 1.024534e+00
6.000000e-02 1.018079e+00
8.000000e-02 1.009103e+00
1.000000e-01 9.976656e-01
1.200000e-01 9.838444e-01
1.400000e-01 9.677314e-01
1.600000e-01 9.494338e-01
1.800000e-01 9.290723e-01
2.000000e-01 9.067806e-01
2.200000e-01 8.827037e-01
2.400000e-01 8.569968e-01
2.600000e-01 8.298238e-01
2.800000e-01 8.013556e-01
3.000000e-01 7.717688e-01
3.200000e-01 7.412438e-01
3.400000e-01 7.099632e-01
3.600000e-01 6.781099e-01
3.800000e-01 6.458658e-01
4.000000e-01 6.134095e-01
4.200000e-01 5.809153e-01
4.400000e-01 5.485513e-01
4.600000e-01 5.164779e-01
4.800000e-01 4.848466e-01
5.000000e-01 4.537986e-01
5.200000e-01 4.234640e-01
5.400000e-01 3.939609e-01
5.600000e-01 3.653942e-01
5.800000e-01 3.378559e-01
6.000000e-01 3.114241e-01
6.200000e-01 2.861632e-01
6.400000e-01 2.621240e-01
6.600000e-01 2.393438e-01
6.800000e-01 2.178469e-01
7.000000e-01 1.976454e-01
7.200000e-01 1.787394e-01
7.400000e-01 1.611187e-01
7.600000e-01 1.447628e-01
7.800000e-01 1.296425e-01
8.000000e-01 1.157211e-01
8.200000e-01 1.029551e-01
8.400000e-01 9.129533e-02
8.600000e-01 8.068848e-02
8.800000e-01 7.107773e-02
9.000000e-01 6.240393e-02
9.200000e-01 5.460650e-02
9.400000e-01 4.762435e-02
9.600000e-01 4.139659e-02
9.800000e-01 3.586325e-02
1.000000e+00 3.096590e-02
1.020000e+00 2.664808e-02
1.040000e+00 2.285579e-02
1.060000e+00 1.953775e-02
1.080000e+00 1.664565e-02
1.100000e+00 1.413435e-02
1.120000e+00 1.196189e-02
1.140000e+00 1.008959e-02
1.160000e+00 8.481981e-03
1.180000e+00 7.106774e-03
1.200000e+00 5.934716e-03
1.220000e+00 4.939472e-03
1.240000e+00 4.097466e-03
1.260000e+00 3.387704e-03
1.280000e+00 2.791593e-03
1.300000e+00 2.292748e-03
1.320000e+00 1.876805e-03
1.340000e+00 1.531235e-03
1.360000e+00 1.245161e-03
1.380000e+00 1.009187e-03
1.400000e+00 8.152311e-04
1.420000e+00 6.563786e-04
1.440000e+00 5.267367e-04
1.460000e+00 4.213077e-04
1.480000e+00 3.358713e-04
1.500000e+00 2.668794e-04
1.520000e+00 2.113621e-04
1.540000e+00 1.668437e-04
1.560000e+00 1.312696e-04
1.580000e+00 1.029417e-04
1.600000e+00 8.046222e-05
1.620000e+00 6.268552e-05
1.640000e+00 4.867633e-05
1.660000e+00 3.767426e-05
1.680000e+00 2.906355e-05
1.700000e+00 2.234759e-05
1.720000e+00 1.712739e-05
1.740000e+00 1.308372e-05
1.760000e+00 9.962120e-06
1.780000e+00 7.560546e-06
1.800000e+00 5.719213e-06
1.820000e+00 4.312229e-06
1.840000e+00 3.240787e-06
1.860000e+00 2.427632e-06
1.880000e+00 1.812591e-06
1.900000e+00 1.348968e-06
1.920000e+00 1.000667e-06
1.940000e+00 7.398835e-07
1.960000e+00 5.452859e-07
1.980000e+00 4.005647e-07
2.000000e+00 2.932981e-07
2.020000e+00 2.140594e-07
2.040000e+00 1.557215e-07
2.060000e+00 1.129153e-07
2.080000e+00 8.161070e-08
2.100000e+00 5.879390e-08
2.120000e+00 4.221907e-08
2.140000e+00 3.021877e-08
2.160000e+00 2.155943e-08
2.180000e+00 1.533171e-08
2.200000e+00 1.086768e-08
2.220000e+00 7.678510e-09
2.240000e+00 5.407682e-09
2.260000e+00 3.796120e-09
2.280000e+00 2.656218e-09
2.300000e+00 1.852605e-09
2.320000e+00 1.287946e-09
2.340000e+00 8.925012e-10
2.360000e+00 6.164763e-10
2.380000e+00 4.244443e-10
2.400000e+00 2.912877e-10
2.420000e+00 1.992603e-10
2.440000e+00 1.358679e-10
2.460000e+00 9.234424e-11
2.480000e+00 6.256043e-11
2.500000e+00 4.224602e-11
2.520000e+00 2.843588e-11
2.540000e+00 1.907833e-11
2.560000e+00 1.275860e-11
2.580000e+00 8.504526e-12
2.600000e+00 5.650316e-12
2.620000e+00 3.741607e-12
2.640000e+00 2.469373e-12
2.660000e+00 1.624155e-12
2.680000e+00 1.064468e-12
2.700000e+00 6.950704e-13
2.720000e+00 4.520648e-13
2.740000e+00 2.927311e-13
2.760000e+00 1.886041e-13
2.780000e+00 1.207821e-13
2.800000e+00 7.675640e-14
2.820000e+00 4.827783e-14
2.840000e+00 2.992557e-14
2.860000e+00 1.815079e-14
2.880000e+00 1.064030e-14
2.900000e+00 5.894887e-15
2.920000e+00 2.951871e-15
2.940000e+00 1.204290e-15
2.960000e+00 2.856342e-16
2.980000e+00 0.000000e+00
